0.744605
0.0159965
0.0436661
78
0.0492937
0.497849
0.0621396
0.490007
33
0.879388
0.0527144
0.0602439
83
0.00624287
0.145129
0.018025
0.175201
70
0.888151
0.0843709
0.0844543
74
0.074104
0.291843
0.0400438
0.0737756
29
0.873573
0.0555378
0.0824722
50
0.047482
0.095395
0.061427
0.226819
12
0.749218
0.0242154
0.046279
15
0.0457994
0.312717
0.0237855
0.462066
11
0.966976
0.0975277
0.0567511
25
0.0245435
0.183192
0.0299574
0.2902
19
0.827591
0.0981888
0.0177058
14
0.0276991
0.458817
0.0925546
0.275822
75
0.742534
0.0935334
0.064788
27
0.0236917
0.149786
0.0321464
0.426546
54
0.882986
0.0893074
0.0559465
42
0.0997089
0.121332
0.0928151
0.499523
38
0.839777
0.0933536
0.0494086
69
0.00550233
0.134214
0.0607608
0.289022
55
0.782047
0.0832534
0.0803926
32
0.0406573
0.376427
0.0571245
0.353161
10
0.70499
0.0762663
0.0324353
88
0.0677
0.174202
0.0390316
0.330229
18
0.847662
0.0574042
0.0571422
57
0.016696
0.0316771
0.0351563
0.137366
11
0.847823
0.0881328
0.0448029
12
0.0740365
0.31416
0.0371184
0.483929
4
0.745182
0.0650798
0.0328398
27
0.0570663
0.0530438
0.0327974
0.296898
76
0.944204
0.0191483
0.0656534
5
0.0791144
0.429899
0.0612112
0.348727
12
0.950464
0.0567165
0.0916017
87
0.0684081
0.495748
0.0853946
0.432425
37
0.783501
0.0422982
0.0636569
59
0.0359378
0.341942
0.0655434
0.0213323
7
0.990704
0.0686276
0.00125652
60
0.067942
0.244011
0.0666864
0.433545
42
0.91748
0.0667473
0.0983062
66
0.0871267
0.0645452
0.017261
0.46571
38
0.708023
0.0897416
0.0159372
96
0.00650346
0.0554182
0.0132816
0.399313
89
0.91085
0.054919
0.0617655
89
0.0171183
0.0734978
0.0193509
0.436488
91
0.863561
0.0764953
0.0458585
89
0.0654354
0.413513
0.0433055
0.0105851
64
0.851421
0.0509641
0.0207226
73
0.0868905
0.244256
0.076024
0.0654721
77
0.962104
0.0279747
0.0871491
48
0.0400585
0.110371
0.0836764
0.472469
67
0.835936
0.0851226
0.0429825
80
0.0328776
0.302262
0.0597128
0.301424
63
0.909135
0.0212144
0.0736197
97
0.0674126
0.126519
0.0602417
0.239476
18
0.95638
0.062256
0.0720509
96
0.0398508
0.432435
0.0314481
0.369042
76
0.942861
0.0402172
0.0980223
90
0.049495
0.232828
0.0206989
0.0812079
82
0.985866
0.0239227
0.0230397
16
0.0237911
0.0423994
0.0667997
0.200039
7
0.743249
0.0690002
0.0283926
64
0.00805236
0.488108
0.0720191
0.146873
8
0.985672
0.0546899
0.0452301
70
0.0949492
0.0282224
0.0700814
0.0753425
19
0.874311
0.0726204
0.0791307
92
0.0292922
0.18022
0.0741761
0.36544
72
0.920538
0.0544628
0.0141377
40
0.0769145
0.292532
0.0999055
0.215263
35
0.868078
0.0134736
0.0292106
23
0.00180693
0.320043
0.0341009
0.288337
30
0.918614
0.0939866
0.028887
13
0.07098
0.471468
0.0865315
0.331671
81
0.891175
0.0525876
0.0662674
62
0.0981116
0.460627
0.0343789
0.484432
51
0.718926
0.0120552
0.0443499
35
0.0700828
0.282901
0.0274628
0.0798134
98
0.955639
0.087763
0.0877686
36
0.0910104
0.142703
0.0231553
0.263701
5
0.705995
0.0429568
0.0253257
99
0.0976622
0.1067
0.0281224
0.0367217
85
0.836936
0.0973783
0.0882423
97
0.0726586
0.402208
0.073983
0.344705
57
0.75291
0.0721111
0.0696268
64
0.0355604
0.0304135
0.066071
0.127586
45
0.949235
0.0209216
0.0529345
88
0.00120641
0.261766
0.0539864
0.325671
99
0.968672
0.0575536
0.0483003
57
0.0852895
0.420634
0.0955624
0.00452397
64
0.88625
0.061472
0.0180634
72
0.0115905
0.0131631
0.0895503
0.11528
46
0.983188
0.0787138
0.0804682
19
0.0274932
0.299986
0.0732078
0.135398
76
0.91783
0.0719579
0.0164926
59
0.0657623
0.356001
0.0592489
0.321709
72
0.840759
0.00623178
0.0107999
59
0.0723977
0.311847
0.0141464
0.0547114
77
0.78162
0.024769
0.0465618
71
0.0573729
0.153041
0.0411613
0.14291
79
0.91153
0.00882651
0.0692185
22
0.0361788
0.116888
0.0283309
0.260086
2
0.766238
0.0799539
0.0986671
28
0.0605294
0.0466914
0.0796717
0.474434
19
0.91048
0.015704
0.00350299
68
0.0591312
0.188887
0.0912686
0.0511108
69
0.828647
0.0051532
0.0334777
12
0.0478545
0.16814
0.0338527
0.202432
99
0.90854
0.0582059
0.0479336
19
0.0283347
0.275369
0.0267459
0.338853
74
0.772391
0.0587095
0.0715964
43
0.0470395
0.39749
0.0688499
0.0943324
47
0.795177
0.0226993
0.0220482
52
0.0803684
0.251912
0.0992466
0.178687
68
0.757356
0.0442552
0.0830942
88
0.0541337
0.0932742
0.0696045
0.154054
40
0.954991
0.0732415
0.0470807
40
0.0170296
0.492392
0.0319557
0.297219
59
0.733647
0.0755065
0.0838613
6
0.0240427
0.190705
0.0122178
0.0588652
46
0.969752
0.00329545
0.0815493
79
0.0942749
0.287268
0.0751289
0.20687
24
0.943935
0.00263376
0.0627229
49
0.0335185
0.0196207
0.0805165
0.458352
60
0.723391
0.0467627
0.0168406
15
0.0255732
0.1813
0.0883819
0.170315
48
0.958277
0.0342198
0.0306334
51
0.0897834
0.476671
0.0472932
0.250051
36
0.704098
0.0638184
0.0433368
42
0.054265
0.205557
0.0565321
0.333812
34
0.970611
0.0912638
0.0238724
46
0.0086944
0.42625
0.0211581
0.342272
12
0.715116
0.0399685
0.0512658
66
0.0391906
0.310035
0.064531
0.489781
57
0.753693
0.0582405
0.0632271
47
0.00998914
0.0330224
0.0442216
0.177631
17
0.869999
0.0132266
0.0785114
5
0.0891836
0.390284
0.0272111
0.3292
29
0.824411
0.0436105
0.0849656
90
0.0972162
0.108346
0.0749667
0.0967412
56
0.973184
0.0474588
0.0521392
6
0.0197283
0.280292
0.0506338
0.390794
45
0.926368
0.0791407
0.0940291
95
0.0872571
0.453043
0.0381552
0.316787
16
0.930242
0.0417584
0.0741821
88
0.0716594
0.448804
0.0508364
0.383964
16
0.743905
0.0218604
0.0240491
39
0.0446117
0.271323
0.0962698
0.471621
79
0.879761
0.0900903
0.0502118
84
0.0569991
0.231969
0.0725522
0.0567926
99
0.902831
0.0867346
0.0262645
48
0.0580415
0.375911
0.0469373
0.3494
68
0.894206
0.0706723
0.00335631
97
0.046815
0.100323
0.0164109
0.113279
28
0.866144
0.0704097
0.00506515
93
0.073492
0.470479
0.047979
0.241031
78
0.828549
0.0609526
0.00381187
93
0.0266644
0.241986
0.0856552
0.183222
42
0.748269
0.0810825
0.0332661
60
0.0214479
0.349449
0.0642419
0.122879
5
0.916421
0.0837976
0.0663747
65
0.0341611
0.146375
0.0693314
0.332624
58
0.74708
0.0914691
0.00857846
21
0.0508682
0.306132
0.0944278
0.382396
50
0.710335
0.0625316
0.0326473
76
0.0682917
0.216431
0.0455768
0.102093
99
0.834007
0.00371475
0.0267811
35
0.0792553
0.27609
0.0127751
0.063453
1
0.72821
0.0819648
0.0259513
21
0.0850842
0.416088
0.0329634
0.106135
49
0.725235
0.0236987
0.0672548
83
0.0840361
0.425778
0.0528328
0.370922
2
0.873293
0.0500921
0.0121414
65
0.0302736
0.00593577
0.0326269
0.37227
6
0.899818
0.092278
0.0360208
4
0.0667576
0.186612
0.0253541
0.224287
20
0.971077
0.0543589
0.051749
72
0.0415157
0.461996
0.0200082
0.043529
19
0.833093
0.0254712
0.0338579
91
0.034963
0.178385
0.0438958
0.185688
25
0.921737
0.069361
0.0213643
92
0.0778673
0.0474179
0.0468247
0.227764
52
0.944978
0.0325811
0.0348749
53
0.0367788
0.264015
0.0762299
0.190862
30
0.782799
0.0969506
0.00992947
44
0.054725
0.184817
0.099653
0.149007
11
0.964455
0.0203229
0.0255843
94
0.0133026
0.424222
0.0364266
0.0113412
85
0.906472
0.00818275
0.0513255
3
0.00218976
0.0186748
0.0273818
0.367647
52
0.867814
0.0633466
0.0280978
11
0.0930599
0.319999
0.0594271
0.403411
88
0.938724
0.0928695
0.0354664
44
0.0815699
0.356923
0.098954
0.186649
62
0.99743
0.0769815
0.086375
57
0.0516728
0.472196
0.0677335
0.359721
92
0.881886
0.0249598
0.0151057
22
0.0131496
0.427976
0.020842
0.104646
91
0.819196
0.0435383
0.0956419
41
0.0152512
0.255848
0.0149116
0.016722
76
0.835385
0.010506
0.0724816
16
0.00660863
0.0688257
0.0447168
0.386354
52
0.85885
0.0559034
0.0300078
77
0.0307423
0.224789
0.0346794
0.405943
40
0.992354
0.0246211
0.090053
37
0.0599323
0.214281
0.0463912
0.262372
4
0.773203
0.0501191
0.0488498
37
0.0234561
0.462436
0.0711829
0.279157
53
0.859906
0.00641563
0.038677
99
0.058659
0.411475
0.0203258
0.380854
99
0.881702
0.094411
0.0439571
23
0.0986609
0.36344
0.0926898
0.339275
76
0.922615
0.0384395
0.0590204
67
0.0634503
0.346221
0.0932139
0.141293
23
0.764029
0.0353432
0.0545909
97
0.0878815
0.436725
0.0909427
0.416304
32
0.994102
0.00491768
0.0593318
94
0.0743195
0.337542
0.044428
0.494889
56
0.765464
0.0802192
0.0746861
61
0.073271
0.0995389
0.0800478
0.243109
47
0.767439
0.0958323
0.0704227
59
0.0926292
0.297504
0.0579378
0.459834
25
0.711601
0.0522247
0.0285549
8
0.0907996
0.401557
0.0236509
0.0979682
95
0.764671
0.0074695
0.0635371
18
0.0279766
0.0342721
0.0150641
0.136394
78
0.801333
0.0611023
0.0144984
37
0.0630653
0.0929374
0.0777871
0.478025
24
0.997193
0.0152364
0.037909
79
0.0204574
0.195283
0.051
0.0954029
14
0.853383
0.00933996
0.0717056
69
0.0912657
0.245228
0.0828364
0.161605
31
0.987636
0.0669611
0.0546695
98
0.0487154
0.00369482
0.0341803
0.0682643
77
0.880383
0.0717777
0.010969
47
0.0833423
0.288651
0.0297227
0.4555
71
0.76054
0.0489519
0.0884266
31
0.0607427
0.339418
0.0895679
0.292079
34
0.961602
0.0193242
0.086214
73
0.0706113
0.321866
0.0194511
0.0424751
78
0.723198
0.0784447
0.0375216
39
0.0989408
0.373109
0.0301199
0.164289
23
0.921241
0.0964462
0.0911529
99
0.00298765
0.166884
0.0405743
0.42104
65
0.729554
0.0382754
0.0175436
29
0.087484
0.483748
0.0807367
0.420492
89
0.981889
0.0759896
0.0949941
62
0.0155827
0.0871636
0.0276444
0.220994
49
0.88984
0.00203345
0.0971261
10
0.0314982
0.0624351
0.0499608
0.266095
52
0.82686
0.0187796
0.0563416
94
0.0952073
0.246917
0.081329
0.298774
44
0.861239
0.00441679
0.0229027
36
0.0122914
0.29481
0.037833
0.134231
38
0.834718
0.0908862
0.0245855
42
0.0890735
0.344309
0.0495528
0.352109
91
0.774157
0.048377
0.0439792
54
0.050511
0.223324
0.0517416
0.06113
9
0.976551
0.0470344
0.0789293
23
0.0564329
0.229626
0.0872958
0.144571
8
0.892664
0.0388944
0.0338749
62
0.0629134
0.491726
0.0535548
0.00540682
12
0.899347
0.0011993
0.0923868
24
0.0775335
0.234345
0.0674628
0.438808
67
0.707316
0.0109512
0.087551
89
0.0102143
0.105423
0.0936473
0.429524
48
0.886911
0.0426939
0.00486958
77
0.099167
0.228528
0.0708024
0.441019
22
0.732519
0.0800994
0.045446
16
0.0799372
0.201262
0.0187803
0.235394
96
0.939304
0.0453307
0.0310966
12
0.0230376
0.266742
0.0968984
0.319123
47
0.997967
0.0378706
0.0105405
78
0.0082284
0.469154
0.0241836
0.294124
97
0.842214
0.095627
0.080104
63
0.0461637
0.0608695
0.035528
0.271533
97
0.940819
0.0579743
0.061826
85
0.0143379
0.210502
0.0885791
0.244228
57
0.99345
0.0796057
0.0812736
73
0.0223302
0.111448
0.078751
0.129882
9
0.843913
0.0775075
0.0568929
20
0.0937946
0.0976372
0.0826168
0.398978
13
0.717107
0.0075453
0.0188556
21
0.0823958
0.387011
0.0498856
0.208822
13
0.72793
0.0355457
0.0869249
38
0.0662169
0.230113
0.0663861
0.128179
5
0.845791
0.0522842
0.0945337
67
0.0985832
0.0909271
0.0146233
0.422086
9
0.975632
0.011312
0.0174063
61
0.00684103
0.317272
0.0939425
0.191303
60
0.916735
0.0529029
0.0297778
90
0.0403222
0.3086
0.0239245
0.0333149
58
0.92527
0.0826345
0.068626
38
0.0903322
0.385599
0.0219459
0.467551
35
0.755362
0.0594718
0.0509223
60
0.0719253
0.187433
0.097173
0.418247
40
0.808157
0.00904598
0.0993736
41
0.0954002
0.135157
0.0472378
0.176295
32
0.919834
0.0359191
0.0583077
45
0.0134879
0.23991
0.0985793
0.276206
26
0.704509
0.0604453
0.0384563
17
0.0451823
0.377371
0.0265419
0.259085
90
0.978951
0.0286022
0.0419391
54
0.0127282
0.35339
0.0877441
0.0788743
81
0.712159
0.0333851
0.0506255
44
0.0693976
0.284367
0.0259598
0.0595859
82
0.851027
0.072976
0.0400539
40
0.034408
0.104269
0.0818694
0.188055
79
0.964109
0.00166454
0.0376563
89
0.0550482
0.0945779
0.0648908
0.314729
14
0.716462
0.0316496
0.0484023
31
0.0752755
0.265629
0.0607542
0.34038
3
0.900522
0.0276201
0.0687763
34
0.0217264
0.123206
0.0649981
0.351474
28
0.837925
0.0711941
0.0408203
98
0.0783569
0.15549
0.0699333
0.324281
46
0.806283
0.0918301
0.0595774
55
0.0656471
0.467076
0.0765717
0.151145
98
0.948511
0.0660479
0.0854923
30
0.0534468
0.127243
0.0823867
0.391355
4
0.818952
0.0903292
0.0897004
40
0.0383529
0.12873
0.0583507
0.0020501
14
0.914079
0.0356551
0.0665812
20
0.0994048
0.036993
0.0954791
0.356831
69
0.857304
0.0189508
0.0787906
41
0.033252
0.138484
0.0530158
0.336037
77
0.883032
0.0102171
0.0144578
98
0.0745206
0.0159379
0.0121357
0.148194
69
0.812266
0.0505027
0.0655018
11
0.00744343
0.211153
0.0686715
0.304011
87
0.97931
0.00911854
0.0952851
36
0.0816163
0.00202308
0.0598653
0.431233
74
0.829896
0.08847
0.0820793
87
0.0254416
0.0816417
0.0503642
0.448923
87
0.812565
0.0603266
0.0828525
8
0.0969596
0.0864689
0.0230059
0.451415
85
0.739039
0.0681725
0.0773568
68
0.0317052
0.153587
0.0248167
0.223262
71
0.776791
0.0103995
0.0472597
74
0.0321612
0.286155
0.0404166
0.105709
49
0.809402
0.0418951
0.0661067
3
0.0160578
0.115407
0.0769373
0.261057
45
0.777436
0.0479619
0.0381158
68
0.0932199
0.254179
0.0457982
0.0878551
89
0.925976
0.0741842
0.0532767
91
0.0499386
0.0853113
0.0542039
0.280757
3
0.933462
0.0485604
0.0541846
98
0.0428559
0.439416
0.0188754
0.123909
27
0.750406
0.0698512
0.0984248
38
0.0918641
0.367528
0.0684712
0.392721
20
0.904897
0.00389724
0.0467984
56
0.00521537
0.131972
0.049125
0.327179
41
0.760316
0.0161443
0.0548573
33
0.053201
0.154346
0.0923794
0.0829242
93
0.758219
0.0542536
0.069907
46
0.0830703
0.0387183
0.0262877
0.363553
93
0.701861
0.0922959
0.0166707
84
0.0431584
0.164933
0.0233707
0.254208
51
0.878289
0.00778559
0.0120139
33
0.049666
0.148942
0.0441252
0.361798
94
0.811141
0.0597411
0.0957072
59
0.0415943
0.0787904
0.0319699
0.482265
42
0.799862
0.0565225
0.0203375
89
0.0253311
0.274282
0.0365503
0.357729
16
0.86176
0.0346959
0.0652234
57
0.0448569
0.139333
0.0292191
0.427852
30
0.865341
0.0171312
0.0508533
18
0.0772305
0.0354423
0.0815405
0.16879
35
0.869108
0.0951357
0.0827321
97
0.060325
0.468449
0.0881809
0.173225
86
0.831233
0.00113865
0.0117058
47
0.0180475
0.264186
0.058896
0.0918794
31
0.737949
0.0629285
0.0163466
80
0.0551683
0.258708
0.0459125
0.387073
95
0.967997
0.0317451
0.0543295
99
0.0594806
0.447621
0.021475
0.257027
84
0.751238
0.0445884
0.0798165
14
0.0016569
0.114504
0.0430178
0.414216
20
0.750114
0.0556908
0.0917189
39
0.0861892
0.0218707
0.081207
0.0185987
93
0.763298
0.00554975
0.0417082
28
0.0788832
0.196186
0.0971061
0.0242369
26
0.895718
0.0976441
0.0707988
26
0.0324233
0.0895435
0.0398572
0.27065
47
0.949808
0.0588709
0.0615504
7
0.0855504
0.197274
0.0771867
0.303377
18
0.789866
0.0680799
0.0125194
71
0.0794783
0.0269326
0.0543583
0.323827
70
0.785781
0.0723707
0.0195771
52
0.0915359
0.249195
0.0634042
0.376195
80
0.963195
0.0751696
0.0248395
11
0.0844209
0.0800491
0.048957
0.434644
54
0.770937
0.0430271
0.0796784
2
0.0232184
0.243005
0.0734718
0.0386559
39
0.821899
0.0215208
0.0364933
33
0.0691494
0.298727
0.0451094
0.0351827
69
0.976149
0.0992795
0.0757314
74
0.0819815
0.00970857
0.0460911
0.158014
36
0.994921
0.0746898
0.02228
45
0.0622966
0.382541
0.0116137
0.317725
24
0.727505
0.0201916
0.0116482
78
0.0277945
0.407041
0.0737854
0.375975
31
0.98361
0.0142827
0.0450023
65
0.0157243
0.438077
0.019059
0.475095
21
0.898635
0.0870882
0.0628562
76
0.026492
0.160906
0.0975471
0.28531
13
0.730243
0.0540117
0.0369611
70
0.0527305
0.0438509
0.0864846
0.476928
61
0.924115
0.029958
0.0318881
63
0.00281531
0.384499
0.0848429
0.26452
40
0.85486
0.0599524
0.0281841
78
0.0206219
0.340539
0.0689555
0.485894
61
0.832613
0.016486
0.075978
5
0.0828044
0.281726
0.0336521
0.320748
67
0.97394
0.0169776
0.0807129
53
0.00584102
0.15779
0.0780759
0.410211
75
0.741992
0.0404782
0.0931825
87
0.092848
0.421422
0.0107379
0.362392
55
0.814156
0.0744894
0.0460789
75
0.0893626
0.0968
0.0982806
0.0775287
80
0.766894
0.0626019
0.0976124
4
0.0939246
0.0130337
0.0803791
0.286996
70
0.789183
0.00233163
0.0893618
50
0.0976007
0.28603
0.0424274
0.0153831
61
0.901139
0.0198801
0.0191642
14
0.0262702
0.269232
0.022892
0.265327
9
0.914765
0.0124134
0.00815698
17
0.0443432
0.00613282
0.0721604
0.167683
49
0.761152
0.0643245
0.0407234
82
0.0772083
0.262339
0.0615075
0.379921
8
0.7713
0.0338184
0.06509
39
0.0299325
0.0567248
0.0922178
0.456741
73
0.934478
0.0263817
0.0972911
27
0.0713151
0.124524
0.0109836
0.0451197
88
0.780962
0.087377
0.0237432
64
0.0346737
0.33168
0.0165594
0.0287933
48
0.92868
0.0374195
0.00311274
8
0.0354439
0.482875
0.0531511
0.238468
17
0.711192
0.0536237
0.0792783
86
0.0120474
0.301641
0.0186327
0.219939
41
0.855624
0.0475687
0.064623
65
0.0809504
0.371996
0.0984334
0.221233
98
0.860534
0.0350545
0.0833754
85
0.0730134
0.489404
0.0480175
0.496783
50
0.8975
0.0519443
0.0530891
45
0.0286386
0.412315
0.0374104
0.182633
88
0.815123
0.0664085
0.085716
37
0.00929606
0.37998
0.0779078
0.118135
37
0.844486
0.0456304
0.0104654
17
0.0191204
0.179745
0.060118
0.337247
11
0.877324
0.0822929
0.0443998
57
0.0325448
0.464363
0.0988745
0.461518
71
0.947429
0.0988296
0.0777498
77
0.0546288
0.137066
0.0817369
0.268151
37
0.800523
0.0492055
0.0392631
91
0.0762584
0.393822
0.086055
0.401901
86
0.706628
0.0351594
0.0612402
18
0.0165742
0.283356
0.0423659
0.310375
97
0.927606
0.098238
0.0562296
54
0.022742
0.490644
0.0205998
0.445353
8
0.741565
0.0808471
0.0690637
2
0.0962601
0.289814
0.0246025
0.237825
22
0.740129
0.0819831
0.0296002
93
0.0105481
0.473339
0.0520237
0.0725327
81
0.914467
0.0309384
0.0607489
76
0.0376837
0.435055
0.0645416
0.423214
91
0.883972
0.0256843
0.0891758
73
0.0465683
0.25695
0.0113828
0.0703005
97
0.737388
0.0938042
0.0906955
4
0.00423697
0.02447
0.0216939
0.450661
21
0.790504
0.0676371
0.04286
7
0.0370835
0.333399
0.0993493
0.480655
14
0.83823
0.0862098
0.055359
46
0.0649824
0.38079
0.0980217
0.305225
20
0.703125
0.0419974
0.0694254
45
0.0536041
0.18289
0.0511106
0.138939
33
0.985231
0.0600135
0.00679139
39
0.061253
0.0801866
0.0513546
0.40014
25
0.849887
0.0657356
0.0496046
95
0.0589099
0.0581635
0.0366774
0.44793
74
0.874851
0.0288027
0.0731637
34
0.0961724
0.120351
0.0323216
0.457174
29
0.745696
0.0100592
0.00516905
25
0.0564841
0.329847
0.0622833
0.470437
37
0.945391
0.0644309
0.0921544
43
0.00387281
0.381139
0.0790663
0.312117
90
0.736302
0.0995092
0.00275232
12
0.0521082
0.11366
0.0840317
0.248951
25
0.946364
0.00519743
0.0266814
4
0.0248376
0.125174
0.0537286
0.481686
83
0.931161
0.0836041
0.0150511
11
0.0880775
0.225315
0.0910114
0.463123
28
0.905961
0.0129416
0.0277278
75
0.0781689
0.0730849
0.0293517
0.14507
66
0.77389
0.0585704
0.0308928
24
0.0833988
0.325568
0.0723651
0.124845
72
0.846497
0.0231491
0.0464644
53
0.0820857
0.277148
0.0270369
0.17263
51
0.733326
0.0848454
0.058566
92
0.00709274
0.257669
0.0372866
0.486429
45
0.797136
0.0673922
0.0625196
49
0.0289288
0.233474
0.0964698
0.025938
55
0.952977
0.0253453
0.0874045
72
0.065313
0.41579
0.0584735
0.111278
28
0.872088
0.0621234
0.0938014
79
0.09681
0.0205941
0.0385954
0.179488
85
0.784123
0.0380767
0.0226909
10
0.0611176
0.215964
0.0167951
0.0277851
94
0.936429
0.0953874
0.0224451
18
0.0455466
0.0656134
0.0838449
0.366189
27
0.83922
0.0377325
0.0361602
92
0.0293173
0.366325
0.0916463
0.110354
66
0.807402
0.0266181
0.0131847
68
0.0979578
0.29567
0.025254
0.114161
27
0.721989
0.0217471
0.0476041
63
0.0209632
0.129191
0.067925
0.406386
29
0.825485
0.0666873
0.0216939
84
0.0843127
0.273914
0.0792156
0.150485
54
0.701104
0.0617841
0.0537572
80
0.0480596
0.348584
0.057818
0.412932
1
0.837129
0.0108765
0.0273454
70
0.0183844
0.217829
0.0961553
0.0448098
2
0.768809
0.0184926
0.0186928
6
0.0813875
0.330177
0.0484115
0.203669
47
0.909628
0.00240875
0.0738082
32
0.0436943
0.326161
0.0432215
0.388426
12
0.898114
0.0963624
0.0342415
96
0.0955978
0.0237084
0.0376684
0.293572
22
0.885577
0.032705
0.0492094
26
0.0905396
0.150985
0.0850874
0.341228
41
0.719588
0.0173315
0.0659367
19
0.0357586
0.478345
0.0558462
0.345001
95
0.906975
0.0146667
0.0604784
7
0.075844
0.280039
0.0249711
0.278934
54
0.951902
0.0117357
0.0898961
62
0.0210037
0.48482
0.0143371
0.256838
84
0.810624
0.0391643
0.085318
100
0.0957956
0.0701906
0.0762405
0.395332
41
0.7412
0.0789717
0.0139911
16
0.0220179
0.343218
0.0889654
0.425995
58
0.959174
0.00658639
0.0914575
58
0.0698002
0.318266
0.052601
0.360929
61
0.878187
0.0739617
0.0415194
34
0.0923093
0.199259
0.0147484
0.184535
72
0.786288
0.030621
0.0291092
64
0.00731637
0.112963
0.0420748
0.229059
83
0.912501
0.0889191
0.00157889
45
0.0777757
0.44455
0.0217959
0.225546
32
0.966359
0.0737466
0.0683895
95
0.0180206
0.4092
0.0125187
0.253292
64
0.871521
0.0663391
0.00645552
32
0.0582633
0.076223
0.0831005
0.385698
34
0.988368
0.0183403
0.00843724
51
0.00949233
0.23578
0.0462633
0.394909
96
0.885077
0.0645874
0.0918958
31
0.00777527
0.433381
0.0561308
0.0666358
78
0.730863
0.0743911
0.099522
43
0.0884491
0.144045
0.0256688
0.152583
88
0.929156
0.0439769
0.0962535
95
0.0483876
0.408709
0.0618896
0.258026
53
0.849376
0.00852322
0.0490783
2
0.0305079
0.442872
0.0575682
0.0671666
60
0.94172
0.0294093
0.0314585
76
0.0481688
0.267104
0.0567413
0.234955
93
0.778503
0.00560048
0.0539166
20
0.031288
0.336857
0.01311
0.277014
22
0.904096
0.0371789
0.00288213
35
0.0921946
0.443328
0.0582292
0.19824
6
0.893536
0.0503271
0.0842593
82
0.0472562
0.218334
0.0333418
0.273587
88
0.965759
0.0701938
0.0404889
30
0.0340602
0.388783
0.0906734
0.282102
47
0.932739
0.07331
0.052478
85
0.0118006
0.327232
0.0242858
0.00614821
54
0.769818
0.00431821
0.0740075
9
0.0670652
0.11789
0.0568572
0.439886
17
0.872373
0.0481741
0.0670221
67
0.0188266
0.198142
0.0626441
0.166398
69
0.709115
0.0864412
0.00176455
50
0.004529
0.192418
0.0897451
0.140376
63
0.809467
0.0831286
0.0754834
80
0.0756086
0.202421
0.0448586
0.147486
43
0.976929
0.0415303
0.078417
83
0.0129844
0.36849
0.0976708
0.216884
97
0.731147
0.00149348
0.0134035
56
0.0576451
0.278948
0.0941064
0.397098
83
0.859327
0.0777742
0.0943197
99
0.0578542
0.479464
0.0256192
0.0528432
39
0.720787
0.0461701
0.0219484
13
0.0363222
0.237941
0.0670739
0.0904409
10
0.959735
0.0998157
0.0422184
35
0.0593801
0.0414053
0.0413261
0.245619
99
0.841161
0.0677837
0.0575204
13
0.0178088
0.133722
0.0178588
0.343497
35
0.934133
0.00351965
0.00808401
28
0.00880046
0.3228
0.0140125
0.373194
23
0.788719
0.064041
0.0933905
17
0.0350717
0.474784
0.0673017
0.0990054
85
0.956774
0.0807248
0.0295095
91
0.0807034
0.159341
0.0751719
0.214682
39
0.793734
0.0181488
0.0112396
38
0.0150103
0.0674449
0.0436098
0.089828
30
0.779373
0.0454071
0.0857864
69
0.017318
0.24763
0.0386449
0.468739
92
0.972451
0.0387698
0.0990035
81
0.00979726
0.0171978
0.0769846
0.335636
53
0.895175
0.0301962
0.0728993
53
0.00111374
0.0290997
0.0474501
0.272594
29
0.931585
0.0312168
0.0727923
74
0.00603312
0.14717
0.0420127
0.404094
43
0.754078
0.0395994
0.05203
27
0.0707581
0.122678
0.0153762
0.419731
5
0.700025
0.0363393
0.0516103
28
0.0860067
0.498816
0.0309682
0.328889
56
0.817344
0.0902341
0.0370453
67
0.0410899
0.170186
0.0587203
0.153363
86
0.962673
0.0031634
0.0410998
93
0.026017
0.405364
0.0746185
0.0293447
2
0.791009
0.0846142
0.0269628
32
0.0557203
0.342227
0.0833035
0.0198018
16
0.725007
0.0860546
0.0905453
9
0.0489072
0.480108
0.0935006
0.281985
11
0.977586
0.0270973
0.0363723
55
0.0848382
0.357214
0.0196515
0.236654
15
0.880649
0.0762039
0.0965606
54
0.0385112
0.493072
0.0476325
0.165423
3
0.998546
0.04984
0.078193
17
0.0766927
0.205012
0.0532053
0.193054
80
0.896557
0.0060752
0.0976377
48
0.0320009
0.305498
0.0428325
0.207074
63
0.820854
0.0855087
0.0180141
23
0.0619193
0.323533
0.0605676
0.334048
31
0.735804
0.0757784
0.0390446
2
0.0243052
0.0278404
0.0311902
0.407289
90
0.842982
0.0277732
0.0675785
82
0.0761834
0.351591
0.0170931
0.0607943
84
0.926901
0.0593116
0.00116608
91
0.0145789
0.372634
0.0105175
0.300782
92
0.75236
0.0828272
0.0525483
52
0.00466676
0.332448
0.0402089
0.0932691
65
0.905276
0.0439293
0.0890991
24
0.020111
0.0409153
0.02946
0.318509
25
0.734561
0.0853369
0.0764967
40
0.0621796
0.487616
0.0596147
0.022521
51
0.842443
0.0537148
0.052755
60
0.0560009
0.167926
0.0641333
0.0475318
98
0.958437
0.0177722
0.0317228
5
0.0303431
0.252115
0.0755
0.460698
21
0.915587
0.044801
0.0183532
15
0.00837103
0.303808
0.0681776
0.249743
79
0.713405
0.0618797
0.0743177
14
0.0475592
0.250828
0.0929976
0.0869628
78
0.824274
0.0258687
0.0712042
60
0.0704686
0.238543
0.0914563
0.309133
74
0.763831
0.064812
0.076862
66
0.0913351
0.0398383
0.0549822
0.213196
86
0.912058
0.0926462
0.0346705
9
0.0686621
0.172999
0.0708476
0.354302
38
0.81644
0.0459635
0.0345375
50
0.0553008
0.208997
0.094934
0.0538546
96
0.802007
0.0340223
0.0710487
48
0.0751421
0.370914
0.0756303
0.0408232
40
0.761705
0.0443766
0.0579739
40
0.0512925
0.347663
0.0154183
0.125211
33
0.738472
0.0195444
0.0879694
99
0.091997
0.161285
0.0359221
0.0135688
89
0.714214
0.0330088
0.0706722
77
0.025144
0.270961
0.0868936
0.0768953
59
0.751745
0.0843516
0.0779704
29
0.011126
0.240858
0.0284447
0.0503336
2
0.787934
0.0314347
0.00659702
77
0.0393097
0.304509
0.0287082
0.0469122
81
0.990239
0.0220633
0.0597274
4
0.0539692
0.0107854
0.0356562
0.117123
33
0.918868
0.0229318
0.0680904
51
0.0272641
0.300689
0.087483
0.107541
18
0.710131
0.0401497
0.0929738
29
0.0999314
0.350626
0.0101752
0.411252
1
0.960359
0.0204908
0.0833414
49
0.0865954
0.334449
0.0307793
0.246372
15
0.888873
0.0516132
0.0211272
54
0.0110481
0.118487
0.031328
0.308239
53
0.858079
0.0875377
0.00216083
7
0.022452
0.000555223
0.0658453
0.180639
5
0.88468
0.0241565
0.0860988
49
0.00153912
0.144359
0.0125615
0.473574
79
0.978548
0.0894627
0.031054
55
0.0933712
0.399238
0.0861919
0.231286
10
0.935734
0.0457841
0.0272066
46
0.0854775
0.0489172
0.0956965
0.187109
7
0.889232
0.0261353
0.035807
1
0.0877046
0.0492694
0.0830694
0.10187
94
0.712955
0.0308493
0.00628859
24
0.0519379
0.249
0.0546033
0.442138
95
0.913156
0.00184889
0.0232045
75
0.0409299
0.463048
0.0331697
0.492299
95
0.796203
0.0155991
0.0565219
32
0.0983708
0.335918
0.0134863
0.171166
81
0.844723
0.0098533
0.0402159
44
0.01862
0.457743
0.0554479
0.417569
68
0.852876
0.0197394
0.0330703
55
0.0648714
0.156685
0.0799898
0.0800396
96
0.724057
0.079701
0.00744391
56
0.0965039
0.0716486
0.0850486
0.371067
72
0.757549
0.00590121
0.0580604
46
0.0457153
0.107406
0.0787892
0.446987
29
0.850162
0.0231885
0.0138348
96
0.0887943
0.396775
0.0661686
0.453746
23
0.819698
0.0879538
0.00375671
83
0.0212111
0.45265
0.0394249
0.488068
10
0.799206
0.0971628
0.0886576
21
0.0258434
0.194458
0.0793946
0.0267382
20
0.721081
0.0410707
0.00792365
68
0.0438156
0.109405
0.0486353
0.048918
6
0.924658
0.096019
0.0699014
33
0.0636249
0.316392
0.0846981
0.194304
14
0.802719
0.0407966
0.0499937
29
0.019226
0.119892
0.0316692
0.29905
36
0.702689
0.0298899
0.0156247
36
0.0530581
0.354088
0.0358074
0.217332
100
0.981255
0.021008
0.00893337
22
0.0845931
0.0614824
0.080751
0.444626
31
0.796768
0.0979205
0.074473
54
0.0427244
0.410996
0.0553391
0.374563
43
0.908019
0.041296
0.0555479
67
0.0283229
0.440032
0.0627463
0.112217
13
0.897054
0.0478669
0.0701398
26
0.0396331
0.418161
0.0942562
0.0985696
68
0.856441
0.0122601
0.0435022
81
0.0373667
0.141776
0.026139
0.2956
95
0.701204
0.0115409
0.0333064
84
0.0334017
0.329032
0.0266771
0.232614
21
0.89053
0.0493368
0.0456372
75
0.00357274
0.38918
0.0350105
0.000448985
68
0.922159
0.0361897
0.0642873
7
0.0379759
0.374182
0.0879055
0.396626
66
0.756184
0.0303354
0.0124404
9
0.0642364
0.369724
0.0279728
0.454629
50
0.870622
0.0834635
0.0153693
87
0.0731858
0.0145149
0.0225396
0.163001
57
0.862803
0.0142555
0.00965436
24
0.09944
0.158658
0.0201348
0.255263
33
0.826723
0.0408471
0.00701126
86
0.0810597
0.423103
0.0502871
0.181171
57
0.876134
0.0695229
0.021565
100
0.0433659
0.290643
0.0334762
0.435519
82
0.875748
0.0139232
0.0903915
1
0.0787455
0.0918678
0.0465734
0.195557
65
0.758614
0.0550926
0.0966342
90
0.0502225
0.236971
0.0181903
0.252976
17
0.72887
0.0904992
0.053583
52
0.0138415
0.207821
0.0161158
0.493073
50
0.822335
0.0748615
0.0413861
42
0.0424438
0.0331568
0.0652836
0.242937
39
0.822778
0.0858279
0.0366876
23
0.0886893
0.400187
0.0514525
0.311996
51
0.792808
0.0222395
0.035359
20
0.0153447
0.394193
0.057263
0.205191
82
0.772349
0.0376193
0.0420882
88
0.0420015
0.0780077
0.0389722
0.230031
15
0.732285
0.0658879
0.0733111
81
0.0296049
0.132968
0.0691112
0.0710875
19
0.759282
0.0149812
0.0816115
26
0.051212
0.313405
0.0632323
0.267174
44
0.986519
0.0284207
0.00413818
43
0.0901684
0.102101
0.0834771
0.0236005
49
0.813437
0.0495142
0.0388265
81
0.0759637
0.449245
0.052135
0.041241
80
0.777966
0.0812384
0.0089193
10
0.0313134
0.0831403
0.0776237
0.0550801
42
0.815612
0.0268959
0.072425
70
0.0503893
0.213328
0.0524426
0.347491
43
0.862123
0.087218
0.0208577
86
0.0298079
0.0458165
0.0483257
0.131439
45
0.73695
0.0561199
0.034312
61
0.016024
0.398669
0.0880497
0.0302648
44
0.867251
0.0612429
0.00544125
47
0.0696159
0.387393
0.0497702
0.274642
59
0.725991
0.0692766
0.0608494
22
0.08277
0.406681
0.0855584
0.222242
15
0.70575
0.0175876
0.0961889
30
0.0664792
0.069772
0.075738
0.381081
71
0.97157
0.0562999
0.0910614
53
0.060986
0.0373055
0.0138157
0.498913
62
0.892477
0.0687904
0.0498996
3
0.0218774
0.169295
0.091981
0.155428
97
0.708848
0.081735
0.0196739
13
0.0344669
0.00284332
0.0810365
0.0856355
44
0.840529
0.0991448
0.0753866
34
0.0122676
0.220968
0.0227465
0.228248
63
0.85221
0.0466337
0.0162382
6
0.0164246
0.162239
0.0517979
0.487173
94
0.930121
0.0423865
0.0925268
57
0.0126009
0.494766
0.0714329
0.0495109
66
0.923314
0.0867316
0.0996947
30
0.0049539
0.40464
0.0701461
0.209557
73
0.903745
0.0319494
0.0631705
26
0.0601779
0.43785
0.0395525
0.408397
17
0.84842
0.0968085
0.0071591
10
0.0823517
0.496676
0.0670532
0.291423
36
0.754527
0.0518621
0.0576585
19
0.0863763
0.0823737
0.0610154
0.384241
71
0.785214
0.0068742
0.0991205
62
0.0797324
0.293933
0.0438367
0.315394
38
0.995951
0.0282894
0.0351247
66
0.052387
0.200502
0.0221334
0.116914
18
0.791907
0.00812039
0.031509
14
0.0490595
0.459037
0.0681096
0.119999
26
0.951036
0.00290876
0.0382707
91
0.0394703
0.1638
0.02452
0.201555
16
0.779916
0.0634967
0.0721552
21
0.0423211
0.419848
0.0155994
0.452274
73
0.954463
0.080481
0.025413
27
0.028879
0.140161
0.022291
0.0880851
3
0.756597
0.0296117
0.0940877
51
0.00327587
0.101857
0.090106
0.477421
22
0.820495
0.0985323
0.0887943
44
0.00276006
0.137834
0.0651963
0.415174
75
0.8035
0.0324569
0.0265091
72
0.0672007
0.417477
0.0893378
0.35539
52
0.887246
0.0931985
0.0427335
81
0.0369586
0.0578646
0.0747874
0.174759
76
0.989147
0.0928905
0.0473865
29
0.074927
0.434189
0.0795093
0.120951
58
0.786808
0.0577038
0.0372822
90
0.0510822
0.352279
0.0410823
0.437029
5
0.746223
0.00462946
0.0682355
8
0.0640725
0.0754637
0.0176088
0.287115
92
0.794748
0.048882
0.0199523
4
0.0687295
0.486596
0.055637
0.196477
83
0.991322
0.0112932
0.074972
30
0.0678975
0.446101
0.0978783
0.0644449
94
0.747656
0.0910146
0.0424634
62
0.0973817
0.307554
0.0899843
0.130591
45
0.857057
0.00731905
0.0573189
17
0.0187584
0.209976
0.0174863
0.313477
73
0.814284
0.0167403
0.0902503
74
0.041267
0.185167
0.0891562
0.449234
70
0.980925
0.024433
0.0396443
50
0.0538243
0.00451957
0.0782214
0.378466
48
0.718258
0.0152612
0.0846052
85
0.0387377
0.358198
0.0719054
0.218371
90
0.800431
0.0728544
0.0620469
59
0.0329634
0.084528
0.0168937
0.443813
21
0.817191
0.0606103
0.023469
95
0.045063
0.392491
0.0887414
0.0574496
87
0.805233
0.0145164
0.0869937
20
0.0039992
0.171228
0.030691
0.430165
8
0.726451
0.0367047
0.0321064
69
0.0202606
0.403795
0.0288861
0.0840625
63
0.876853
0.0530821
0.0477739
71
0.010713
0.450453
0.063875
0.160249
73
0.717886
0.0289684
0.0558378
11
0.0805907
0.395169
0.0967067
0.00841215
24
0.794115
0.0996082
0.0158401
34
0.0701204
0.193875
0.0918605
0.0127058
26
0.957555
0.00853914
0.08483
28
0.0946498
0.212211
0.0368747
0.368687
56
0.935514
0.0331363
0.0774321
79
0.00899835
0.451421
0.0303742
0.0177983
60
0.832105
0.0513142
0.0811802
64
0.0614308
0.203435
0.0118526
0.189663
92
0.748619
0.0272221
0.0102185
75
0.0525035
0.191725
0.0784146
0.00340171
24
0.951719
0.0781754
0.0623471
26
0.0900806
0.422607
0.0302852
0.121576
50
0.823678
0.0885568
0.0205401
8
0.0441265
0.46609
0.0198973
0.40238
9
0.855171
0.0941592
0.0948233
78
0.0419696
0.260241
0.053911
0.247112
40
0.869341
0.0368847
0.0303805
24
0.0147706
0.364705
0.0695504
0.212728
66
0.965439
0.0125208
0.0766506
81
0.0737539
0.0637978
0.0417885
0.326427
42
0.982512
0.0591914
0.0678284
63
0.0722672
0.227914
0.0868389
0.495362
75
0.932031
0.0322329
0.0770474
42
0.0194471
0.315041
0.0904281
0.377454
3
0.987652
0.094794
0.0587227
76
0.0596613
0.130701
0.0736446
0.0391339
13
0.927892
0.0671916
0.0752166
42
0.0585532
0.465612
0.0959872
0.159753
36
0.961257
0.0655056
0.0795645
31
0.0174941
0.378544
0.0162976
0.156574
87
0.715797
0.0234233
0.00604713
80
0.0575936
0.35992
0.0946026
0.269563
86
0.798346
0.0392261
0.00435349
84
0.0199895
0.361026
0.0453758
0.464063
27
0.833608
0.0569374
0.059817
25
0.0459854
0.0539761
0.015853
0.424226
100
0.797836
0.0792793
0.00988391
25
0.0139398
0.428247
0.0973989
0.251945
35
0.818231
0.0896086
0.0147861
95
0.0659578
0.0170447
0.049324
0.157367
60
0.984554
0.0138319
0.064081
94
0.0227801
0.324758
0.0618019
0.233463
65
0.941256
0.0752504
0.0841158
15
0.026884
0.391781
0.0727143
0.132752
65
0.739894
0.07142
0.0714642
58
0.0646017
0.431414
0.0408988
0.358569
84
0.973606
0.0553754
0.0394529
22
0.0104602
0.445344
0.0563626
0.199267
59
0.829298
0.077958
0.0094936
19
0.00959108
0.454508
0.0361872
0.00131408
55
0.775632
0.0291693
0.096849
49
0.00563451
0.268517
0.0550961
0.109009
62
0.776092
0.0335791
0.0958732
73
0.0958757
0.0444704
0.0704641
0.240381
83
0.804183
0.00958563
0.0674564
94
0.0896983
0.485373
0.0407051
0.108238
37
0.780408
0.0962114
0.0279025
79
0.0036792
0.365981
0.0842074
0.103793
68
0.72006
0.0637466
0.0610737
13
0.0310146
0.165379
0.087152
0.350614
58
0.967422
0.02064
0.0200942
84
0.0445385
0.259423
0.0635397
0.283733
87
0.937529
0.0814415
0.0836923
9
0.0800468
0.296515
0.0624868
0.0838827
93
0.770084
0.0919491
0.00562414
61
0.0433846
0.221976
0.0905129
0.322546
56
0.89478
0.0823871
0.0243956
93
0.0270512
0.362566
0.045053
0.306199
46
0.714737
0.0507415
0.0808187
41
0.0626198
0.177505
0.0859337
0.197702
58
0.947682
0.0179692
0.0589787
55
0.078579
0.219256
0.0416244
0.169337
62
0.76857
0.0473024
0.0257836
51
0.0338151
0.0744077
0.0767528
0.428093
62
0.946826
0.0345149
0.0023056
15
0.0936119
0.253691
0.0590084
0.133684
4
0.974816
0.0651608
0.0551492
85
0.0689415
0.0509417
0.062942
0.00903107
6
0.891507
0.045047
0.048609
86
0.0882043
0.0550272
0.0560321
0.0692917
32
0.787614
0.0945346
0.0668143
10
0.0765283
0.0661468
0.0487872
0.10026
34
0.847094
0.0772723
0.0865649
98
0.0947326
0.455857
0.0995565
0.092958
43
0.792635
0.0224175
0.0979199
7
0.0941633
0.430193
0.0844141
0.346891
55
0.994221
0.0396674
0.011405
82
0.00243404
0.272165
0.0656344
0.162192
26
0.942478
0.0857163
0.0638516
66
0.0625062
0.310548
0.0637615
0.034644
60
0.734838
0.0275083
0.0057669
67
0.083888
0.338432
0.037952
0.36461
7
0.784453
0.0365445
0.0185644
83
0.0638572
0.0880869
0.0574351
0.0746166
75
0.901656
0.0463913
0.00248445
56
0.0517733
0.151216
0.0820522
0.210563
65
0.902703
0.098755
0.0951168
36
0.0389465
0.41449
0.0117259
0.497531
34
0.996129
0.0915713
0.099907
70
0.0644925
0.226545
0.0129477
0.409852
78
0.762585
0.0136691
0.0193935
37
0.00199254
0.176874
0.0729668
0.302583
89
0.96969
0.0532789
0.0822439
3
0.0405889
0.0598522
0.0743153
0.192268
53
0.953599
0.0571846
0.0302753
58
0.0380809
0.383039
0.0938148
0.211461
82
0.830882
0.0262639
0.0127884
48
0.0246347
0.00737513
0.0705395
0.393186
24
0.806457
0.0343778
0.0446075
16
0.0566609
0.189201
0.0212583
0.0146446
30
0.808417
0.063029
0.0047494
31
0.0616908
0.0116593
0.0774627
0.46945
84
0.864584
0.0710596
0.0128858
58
0.0666811
0.173817
0.0102968
0.00747315
70
0.980021
0.0164071
0.00759015
2
0.0365709
0.175286
0.0822497
0.0628281
49
0.98963
0.00400745
0.0135877
38
0.0712338
0.222919
0.0713568
0.491766
67
0.940264
0.0684517
0.0504814
52
0.0858119
0.103322
0.0951505
0.389923
15
0.854241
0.0716112
0.0936442
71
0.037572
0.36134
0.0427332
0.0201928
64
0.805392
0.0700074
0.0093052
47
0.0748421
0.499118
0.0290354
0.307218
10
0.767615
0.0948783
0.0645313
44
0.00514191
0.0987527
0.0392569
0.139632
32
0.722493
0.0126985
0.081953
33
0.0632461
0.206656
0.0951381
0.0312423
74
0.866495
0.0783973
0.0171556
3
0.00763185
0.475735
0.0106982
0.47985
42
0.938592
0.0839935
0.060024
64
0.0465116
0.456805
0.0182938
0.143593
18
0.825829
0.00705182
0.0763632
71
0.0560558
0.00894414
0.0353221
0.284277
7
0.811379
0.0708172
0.039847
69
0.0835719
0.477874
0.0345963
0.0326588
91
0.803263
0.0736323
0.0760804
35
0.0498141
0.441055
0.0548089
0.440881
39
0.952547
0.077057
0.0018381
87
0.0113644
0.0258441
0.073135
0.20478
27
0.992554
0.0511877
0.0241747
86
0.0142042
0.0221306
0.0716339
0.126312
62
0.864394
0.0432328
0.0927774
72
0.0556272
0.0514148
0.0112175
0.0377922
90
0.937054
0.0887853
0.0250252
12
0.0728063
0.34535
0.0136307
0.466642
7
0.774784
0.0767742
0.00438302
5
0.0717288
0.481786
0.0383104
0.413607
82
