0.891275
0.0656301
0.342262
58
0.00464748
0.255845
0.03513
0.122196
75
0.817199
0.0519726
0.394095
38
0.00900886
0.716074
0.0691643
0.0938485
34
0.926265
0.0848671
0.00438322
6
0.00640137
0.600131
0.080053
0.216863
27
0.71039
0.04424
0.0989254
20
0.00296381
0.113667
0.0570204
0.113386
47
0.92806
0.0478691
0.247733
20
0.00733887
0.84795
0.0426755
0.448849
84
0.972805
0.0210015
0.398726
59
0.0026506
0.209863
0.0123324
0.0237956
53
0.77082
0.0604712
0.0430166
30
0.00171696
0.800692
0.0510537
0.405006
73
0.963352
0.0966098
0.226812
48
0.00355074
0.668281
0.0417182
0.0800159
50
0.919139
0.0579747
0.472551
71
0.00242921
0.40504
0.0474141
0.181243
76
0.971515
0.0322532
0.282501
38
0.00322417
0.760673
0.0914828
0.155784
47
0.739021
0.0394577
0.145554
23
0.00199891
0.648
0.0280877
0.0857966
60
0.910222
0.0308831
0.242204
63
0.00166238
0.480971
0.0606502
0.248615
63
0.787261
0.0472559
0.123846
74
0.00561113
0.966337
0.0328782
0.325229
99
0.722091
0.0145353
0.360799
11
0.00035733
0.380336
0.0673071
0.398493
95
0.800335
0.0430407
0.0237505
47
0.00577073
0.634069
0.0461652
0.297247
88
0.956477
0.081603
0.307845
57
0.00729813
0.56507
0.0822823
0.0899057
13
0.71568
0.0919638
0.35355
10
0.00919435
0.741026
0.0978104
0.140133
52
0.899239
0.0856998
0.0867566
41
0.000991929
0.47358
0.0362454
0.299504
26
0.891598
0.0941782
0.0452074
54
0.00248493
0.315905
0.0680078
0.318607
68
0.947042
0.0416575
0.44534
32
0.00177766
0.158503
0.0948775
0.389856
99
0.984169
0.0337909
0.0258948
36
0.0080774
0.656778
0.0317472
0.0559319
95
0.852439
0.0266126
0.0015572
18
0.000666009
0.469917
0.0292893
0.379895
5
0.917155
0.0878016
0.263106
56
0.0016731
0.585329
0.0654776
0.438315
78
0.922458
0.0475313
0.197977
19
0.00981793
0.651214
0.0997584
0.259825
77
0.783178
0.0631301
0.323674
8
0.000603852
0.554811
0.0959301
0.101474
16
0.940769
0.0776404
0.39974
42
0.00366687
0.164618
0.0652638
0.340265
64
0.761986
0.0891409
0.2145
95
0.000413032
0.423903
0.0611477
0.37581
49
0.710806
0.0375277
0.263502
53
0.00622997
0.691385
0.0624479
0.315724
9
0.925186
0.0832086
0.25009
64
0.00481049
0.622639
0.0565197
0.0661424
69
0.895352
0.0159428
0.338753
19
0.00651415
0.782509
0.032478
0.0128442
93
0.856741
0.0166252
0.0820798
33
0.00798188
0.635183
0.0825585
0.283062
48
0.82471
0.0510519
0.103912
25
0.00908921
0.864256
0.0802569
0.183181
46
0.724983
0.0559481
0.239556
5
0.00559951
0.51797
0.0882302
0.336864
31
0.789175
0.0869602
0.0178255
38
0.00462123
0.262457
0.0642378
0.484542
72
0.833557
0.0150609
0.195666
42
0.00250726
0.965482
0.0400084
0.288269
89
0.938292
0.0910878
0.469055
71
0.00311216
0.377435
0.0346281
0.289887
16
0.766076
0.0965241
0.457273
91
0.00697057
0.452398
0.0656764
0.0385119
28
0.898315
0.0463236
0.231723
69
0.00398071
0.782039
0.0778784
0.1996
63
0.905279
0.0880429
0.214382
24
0.00626726
0.99229
0.0634994
0.35898
61
0.968592
0.0570378
0.431287
64
0.000139345
0.81843
0.0996209
0.20343
97
0.872854
0.0658177
0.489885
11
0.00674285
0.558788
0.0701327
0.338862
14
0.93648
0.0313339
0.342196
43
0.00788144
0.661642
0.079079
0.429663
24
0.885645
0.0751444
0.19099
30
0.00120474
0.335986
0.0628095
0.426359
62
0.949169
0.0990785
0.13699
77
0.00266674
0.529423
0.0898651
0.175307
14
0.950257
0.0137477
0.212344
51
0.00381907
0.994969
0.0486782
0.33434
19
0.972518
0.0220273
0.200714
70
0.00631639
0.90425
0.0944891
0.236802
51
0.909185
0.0816799
0.414011
37
0.00916537
0.127218
0.0731816
0.246924
22
0.70942
0.026786
0.0774546
4
0.00308995
0.750268
0.0468359
0.451717
64
0.879134
0.0903032
0.267054
16
0.00685942
0.414007
0.0347566
0.0509094
71
0.809167
0.0763556
0.439399
84
0.00213128
0.393778
0.0435265
0.0789764
82
0.90819
0.0535987
0.478518
83
0.00434724
0.0641478
0.0423798
0.347567
63
0.866435
0.0286818
0.274215
45
0.00507823
0.0787106
0.0522024
0.0873183
67
0.941544
0.0885393
0.292348
96
0.0023228
0.797502
0.0584295
0.416447
82
0.832632
0.042513
0.256764
6
0.00546159
0.479083
0.0909567
0.291434
42
0.795818
0.0602293
0.438709
58
0.004936
0.0158591
0.0193309
0.310925
46
0.740532
0.0542638
0.128834
98
0.00241614
0.383528
0.0551676
0.488536
92
0.779613
0.0181526
0.164768
76
0.00838791
0.588021
0.0193841
0.144526
97
0.840773
0.0504986
0.171578
54
0.00244108
0.132573
0.0961215
0.195752
86
0.905845
0.0755731
0.352321
12
0.00770094
0.982902
0.0142726
0.317212
95
0.975971
0.0862859
0.375098
9
0.0035341
0.238418
0.0976386
0.0096027
5
0.74429
0.0515649
0.462401
66
0.00792853
0.813424
0.0109288
0.402611
80
0.773719
0.076859
0.401177
79
0.00583124
0.641094
0.0836407
0.11493
46
0.813352
0.0406693
0.442268
60
0.00273674
0.103781
0.0792412
0.323806
17
0.751666
0.0892053
0.220695
3
0.00382548
0.365179
0.0222408
0.25062
16
0.840069
0.064858
0.451687
21
0.00948185
0.824326
0.0504435
0.10443
21
0.920131
0.0253814
0.158979
92
0.00440653
0.960189
0.0234093
0.127559
94
0.728575
0.0811992
0.193513
83
0.00604616
0.655917
0.0162181
0.489507
24
0.883233
0.0617517
0.41288
99
0.00665271
0.0384854
0.0966399
0.107894
40
0.826647
0.0535151
0.0226019
3
0.00738035
0.75617
0.0811754
0.279771
3
0.869104
0.0700088
0.359786
97
0.00260156
0.648658
0.0838671
0.357238
74
0.85568
0.099405
0.348844
66
0.00574077
0.1535
0.0963711
0.262504
37
0.967103
0.0991868
0.334632
65
0.00436494
0.345897
0.0535211
0.131287
65
0.812096
0.0162458
0.212502
44
0.00101406
0.337816
0.0645595
0.293271
87
0.751365
0.0761807
0.487472
85
0.00601598
0.100265
0.0615348
0.0585122
87
0.706562
0.098239
0.424058
44
0.00598195
0.764138
0.0444908
0.256259
69
0.768054
0.0980918
0.372079
83
0.00337569
0.0866081
0.0934004
0.0171725
96
0.982186
0.0796997
0.209139
58
0.00147448
0.30974
0.0566989
0.376655
41
0.836999
0.0813963
0.343275
70
0.00523771
0.105566
0.0203536
0.444708
80
0.745584
0.0301133
0.400247
12
0.00535147
0.953682
0.0441718
0.0984171
3
0.870024
0.0708419
0.414214
63
0.000513931
0.609283
0.0719289
0.0227881
98
0.91249
0.0593956
0.288066
54
0.000855613
0.233228
0.0188263
0.473026
64
0.897564
0.0626796
0.380311
27
0.00844698
0.827695
0.0662866
0.377744
29
0.99777
0.0800032
0.204911
95
0.00350478
0.608272
0.0276462
0.413615
68
0.859794
0.0489666
0.097571
51
0.007395
0.8857
0.080558
0.394654
48
0.992302
0.0841907
0.156278
56
0.00422013
0.342779
0.0578823
0.184837
58
0.808526
0.0431644
0.149511
18
0.00703266
0.300872
0.0201773
0.238206
100
0.867524
0.0201897
0.168171
50
0.00855792
0.310737
0.0388364
0.386043
41
0.787994
0.0207507
0.259819
34
0.00276845
0.791167
0.0940798
0.267847
55
0.727602
0.0716555
0.258199
95
0.00818167
0.320779
0.0199585
0.368494
10
0.782095
0.0586279
0.063618
89
0.0064329
0.300111
0.0391445
0.215529
36
0.768642
0.0734346
0.011139
62
0.00492717
0.90359
0.091909
0.382725
26
0.918092
0.0186088
0.226005
64
0.00628435
0.970767
0.0666107
0.278857
68
0.818865
0.0148712
0.352215
69
0.00259086
0.787029
0.0128849
0.0877932
11
0.734569
0.0915805
0.0945562
25
0.00169225
0.896421
0.072613
0.219821
30
0.931488
0.09055
0.373667
73
0.00861803
0.380914
0.0678389
0.454907
70
0.915227
0.0779652
0.0161441
76
0.00214963
0.625669
0.0517589
0.305874
74
0.75399
0.095311
0.183666
98
0.000725079
0.861042
0.0743555
0.0922174
25
0.892471
0.0730699
0.492365
58
0.00496164
0.868378
0.0847823
0.0779453
80
0.807784
0.0426331
0.228213
76
0.00179454
0.156685
0.0490248
0.344069
98
0.849504
0.0103006
0.441595
9
0.00667569
0.637723
0.0105703
0.476294
19
0.772783
0.0453062
0.362527
55
0.00141187
0.546325
0.0700312
0.312825
55
0.757231
0.0422516
0.488208
44
0.00104514
0.809709
0.0456514
0.125306
9
0.821423
0.0515946
0.288739
32
0.00935023
0.829961
0.0859461
0.135328
35
0.83768
0.0303017
0.494295
82
0.00529485
0.727267
0.0374691
0.121658
44
0.713774
0.0130155
0.477186
31
0.00726797
0.246974
0.0819585
0.242457
8
0.98625
0.0203215
0.2187
59
0.00563199
0.610445
0.0344015
0.0966786
85
0.860506
0.0291339
0.0601116
13
0.00700595
0.900599
0.0319002
0.183771
18
0.907299
0.0731961
0.207349
71
0.00821893
0.398926
0.0112717
0.128867
52
0.836627
0.0335306
0.467279
22
0.0090119
0.424617
0.0314068
0.0748647
67
0.845375
0.0353535
0.28388
90
0.00271886
0.858196
0.0509997
0.204301
84
0.788567
0.0465584
0.129717
37
0.00644449
0.820651
0.0865088
0.40974
51
0.990612
0.0664383
0.27199
67
0.00557183
0.496659
0.0497765
0.232167
33
0.984719
0.0711559
0.175461
99
0.00225485
0.70119
0.0177805
0.48017
95
0.70799
0.0233819
0.245472
5
0.00810382
0.460253
0.0895343
0.331242
21
0.861713
0.088907
0.285932
2
0.00320062
0.39555
0.0320028
0.135944
9
0.978442
0.0566939
0.243756
2
0.0036925
0.10102
0.0296257
0.189523
56
0.844501
0.0457143
0.307249
68
0.0054062
0.582881
0.0111603
0.473758
98
0.970118
0.0259829
0.101585
52
0.0095222
0.526514
0.0450577
0.415757
83
0.714565
0.010552
0.404636
73
0.00460946
0.672332
0.045821
0.0393057
91
0.766402
0.0194495
0.46597
21
0.00374786
0.721452
0.0784492
0.352102
85
0.74922
0.0336029
0.310751
42
0.00620422
0.643055
0.0574892
0.153159
99
0.798241
0.0884503
0.455652
39
0.0074629
0.0467073
0.0255318
0.0644084
97
0.915748
0.0148046
0.0195169
31
0.00784213
0.698196
0.0479339
0.148955
56
0.830861
0.0174196
0.112996
88
0.0068405
0.447268
0.0558554
0.317411
7
0.87828
0.080874
0.456145
14
0.00403885
0.493464
0.0817041
0.369257
33
0.853829
0.080203
0.00951901
81
0.00659653
0.877809
0.0860225
0.483125
29
0.977859
0.0264743
0.106716
23
0.00701514
0.855488
0.078843
0.0762023
46
0.889772
0.0764228
0.0573624
43
0.00325642
0.37222
0.0581447
0.166418
38
0.979184
0.0556167
0.120025
17
0.00108434
0.757254
0.0722161
0.432223
22
0.802186
0.0386878
0.0322616
45
0.00430089
0.668655
0.0987019
0.101998
44
0.974534
0.0177472
0.483572
84
0.00755498
0.778456
0.0854845
0.147808
81
0.99083
0.0722758
0.339871
75
0.00570526
0.339391
0.0448681
0.024851
44
0.946116
0.0523285
0.130789
26
0.00526901
0.494736
0.0179252
0.39157
62
0.811363
0.0544894
0.103041
95
0.00697636
0.0573669
0.0267778
0.179889
94
0.843047
0.0739389
0.33622
58
0.00866259
0.130805
0.0228288
0.0972025
65
0.87602
0.0280629
0.061549
76
0.00282172
0.534471
0.0981899
0.154856
13
0.801477
0.0747633
0.39589
57
0.00298922
0.0902987
0.0778597
0.366691
13
0.933229
0.0742674
0.22219
14
0.00591862
0.737689
0.0151392
0.120602
82
0.792564
0.0864839
0.0671788
49
0.00841237
0.708568
0.0217024
0.177571
96
0.741677
0.0788291
0.367085
66
0.00929804
0.468486
0.0796869
0.142921
49
0.79278
0.079523
0.384408
91
0.00637555
0.159911
0.0765429
0.440077
68
0.815236
0.0138438
0.0389837
7
0.00515506
0.546908
0.0972207
0.45599
51
0.862206
0.0480044
0.157813
35
0.00520952
0.72527
0.0290791
0.25742
59
0.995266
0.0530344
0.0905643
90
0.00552159
0.145196
0.0125109
0.42246
6
0.764938
0.0362568
0.0300591
71
0.00344997
0.765286
0.0875408
0.301054
49
0.949585
0.0382703
0.317956
34
0.00602466
0.879553
0.0170269
0.102877
95
0.976811
0.0124937
0.208042
52
0.000899096
0.926294
0.0861937
0.490142
94
0.764429
0.0289693
0.163066
7
0.00194162
0.385197
0.0107434
0.278283
2
0.923513
0.0232902
0.193439
60
0.000365911
0.0124183
0.0247701
0.040423
20
0.988795
0.0896719
0.473745
98
0.00877215
0.19276
0.0205593
0.360977
25
0.702304
0.040354
0.133511
13
0.00749927
0.833018
0.0863862
0.493425
34
0.922057
0.078273
0.369576
20
0.0090878
0.221574
0.0731329
0.23598
79
0.805123
0.0789441
0.433302
42
0.00228084
0.945758
0.0436944
0.00423919
24
0.823689
0.093197
0.220017
84
0.00554684
0.0505384
0.0385453
0.170795
63
0.975137
0.0894166
0.418151
15
0.000467284
0.135621
0.0950034
0.0528994
51
0.902455
0.0222295
0.395017
59
0.00784147
0.0240907
0.0304186
0.149651
90
0.748857
0.0753473
0.196497
67
0.00285473
0.446473
0.0158323
0.158885
67
0.74
0.0818718
0.303936
36
0.00172856
0.875608
0.075736
0.0427224
70
0.803462
0.0405759
0.429336
12
0.00842212
0.592273
0.051274
0.398098
33
0.881076
0.0962832
0.0342275
21
0.00870158
0.911452
0.0629571
0.44013
53
0.776651
0.087325
0.300339
53
0.00112566
0.572066
0.07465
0.310201
86
0.763012
0.0401034
0.416097
61
0.00315801
0.147882
0.0993891
0.41444
84
0.874179
0.0707933
0.36131
59
0.00478687
0.11822
0.0735407
0.220638
69
0.930562
0.0438122
0.0815325
90
0.00747885
0.184833
0.0885431
0.213265
51
0.814423
0.0245348
0.223354
57
0.00346727
0.286012
0.0273202
0.457129
79
0.932754
0.0121891
0.122896
88
0.00359192
0.822331
0.0915808
0.35619
37
0.755534
0.0544539
0.255592
68
0.00752526
0.0947479
0.0868623
0.233386
88
0.834326
0.0113265
0.461546
84
0.0037219
0.722665
0.0542614
0.0337473
60
0.873841
0.0839497
0.291737
87
0.00648191
0.162045
0.0518572
0.162754
19
0.829487
0.0283144
0.308602
87
0.0061026
0.767871
0.0143544
0.270436
2
0.914072
0.0773256
0.131776
53
0.00967178
0.186865
0.0956677
0.340588
80
0.883727
0.0655083
0.187655
79
0.00973264
0.887994
0.0900443
0.49742
58
0.75008
0.044575
0.3766
6
0.0082154
0.356868
0.023591
0.112491
21
0.985734
0.0306975
0.354603
59
0.000307909
0.0224827
0.0938502
0.446805
42
0.881464
0.0183273
0.464736
70
0.00304143
0.935307
0.0602799
0.0433834
89
0.75205
0.0454867
0.230757
8
0.00867543
0.19751
0.0820129
0.0776464
58
0.940288
0.0163055
0.189816
63
0.00814998
0.541026
0.0410583
0.244962
39
0.757921
0.0613994
0.199299
29
0.00201232
0.868051
0.0479989
0.418256
2
0.824143
0.0588974
0.246846
38
0.00127016
0.882276
0.0878756
0.496455
74
0.87209
0.0695456
0.232549
91
0.00416876
0.683542
0.0184701
0.297951
23
0.775164
0.0179332
0.497684
89
0.00797244
0.235496
0.0483013
0.053841
71
0.925603
0.0623656
0.234782
11
0.009393
0.731587
0.0756768
0.147563
78
0.993535
0.0498278
0.434678
16
0.00968662
0.523474
0.0104014
0.027176
65
0.868234
0.0907851
0.436648
24
0.00475501
0.172963
0.0545884
0.276008
56
0.95549
0.0565129
0.297531
69
0.000322019
0.115165
0.0768453
0.191013
45
0.705578
0.0975678
0.147936
39
0.000652957
0.533534
0.038392
0.144662
26
0.969511
0.0157705
0.341148
7
0.00904039
0.123422
0.0455461
0.465098
20
0.864061
0.09087
0.135047
39
0.00475022
0.457338
0.0664661
0.0737902
6
0.753357
0.0255121
0.496877
13
0.00653578
0.218296
0.0540836
0.238564
56
0.775933
0.0580735
0.279001
40
0.00764145
0.894637
0.057609
0.372407
48
0.943478
0.0876037
0.346185
85
0.00975238
0.190559
0.0888033
0.0948356
96
0.773012
0.0697956
0.315778
62
0.00351418
0.659724
0.0871188
0.176098
44
0.966557
0.0595586
0.203539
66
0.00421433
0.369055
0.01363
0.296366
95
0.736861
0.0611498
0.138128
48
0.00501116
0.985999
0.0650007
0.201659
13
0.85433
0.0741633
0.430853
33
0.00593547
0.0442626
0.0432276
0.0574946
61
0.981611
0.0781361
0.0882409
88
0.00437689
0.7118
0.0379871
0.132616
76
0.954737
0.0684643
0.0487519
31
0.00227004
0.332637
0.0241411
0.192344
1
0.800565
0.087552
0.209533
17
0.000280262
0.502786
0.0652337
0.0340378
23
0.831941
0.0381878
0.00840298
74
0.00471771
0.463007
0.0419014
0.118498
18
0.841525
0.0200678
0.0310421
86
0.0023452
0.297328
0.0685849
0.425918
59
0.901124
0.0214818
0.0916421
73
0.00329711
0.342557
0.0618559
0.276615
9
0.935347
0.0550451
0.38339
90
0.00446367
0.9755
0.0982988
0.272512
81
0.9168
0.0769824
0.397884
67
0.0078647
0.946313
0.059977
0.425085
80
0.953155
0.092821
0.228494
90
0.000768166
0.909382
0.056438
0.332665
12
0.924016
0.098816
0.254202
1
0.0061497
0.134126
0.0927484
0.227356
88
0.987857
0.0607131
0.140049
99
0.00976672
0.170486
0.0773747
0.118779
71
0.870847
0.0390378
0.281893
82
0.009319
0.207189
0.0137978
0.222606
11
0.871612
0.0119475
0.268691
79
0.00451014
0.831473
0.0220242
0.0601656
90
0.743339
0.078746
0.386726
41
0.00895613
0.769385
0.0834257
0.287316
14
0.887992
0.0395359
0.00723514
84
0.0032763
0.268124
0.0154673
0.206811
24
0.930869
0.0632955
0.319879
3
0.00503872
0.200855
0.0912887
0.401114
76
0.791395
0.0140684
0.385537
80
0.00714145
0.923687
0.044272
0.0201856
88
0.785698
0.0364582
0.0442187
69
0.00458943
0.296425
0.0608225
0.00389061
37
0.927066
0.0701512
0.0154682
44
0.000519086
0.693454
0.0734497
0.0368003
45
0.960961
0.0297349
0.329844
42
0.00404524
0.374679
0.0261911
0.474652
48
0.794346
0.0899954
0.498262
97
0.0060991
0.925937
0.0397681
0.226201
85
0.902906
0.0682106
0.424684
45
0.00709836
0.842552
0.0404047
0.39522
43
0.934864
0.0417053
0.470575
44
0.00216197
0.7055
0.0502728
0.443207
38
0.835342
0.0360616
0.350562
99
0.00134084
0.437081
0.0613179
0.151925
17
0.84531
0.0283675
0.421764
50
0.00956733
0.889791
0.0231648
0.442359
19
0.916193
0.0191459
0.271198
46
0.00289661
0.614171
0.0386576
0.330221
66
0.817638
0.0242298
0.0978609
11
0.00679725
0.314317
0.0272132
0.100237
61
0.721521
0.0749516
0.0542324
72
0.000593311
0.287247
0.0490847
0.331548
54
0.825446
0.067731
0.110589
8
0.00548084
0.581756
0.0750456
0.123079
62
0.723428
0.0860927
0.0122335
94
0.00781928
0.986188
0.0704754
0.126179
87
0.97378
0.0517763
0.21838
42
0.00979682
0.111148
0.079657
0.264525
15
0.724438
0.0976857
0.0779344
61
0.00278103
0.142194
0.0658636
0.224834
23
0.928586
0.0115532
0.0962449
92
0.00114703
0.206467
0.0152826
0.373497
45
0.861155
0.0902071
0.482467
70
0.00956388
0.0200127
0.0206365
0.252928
36
0.886051
0.020619
0.0764877
23
0.00658886
0.937654
0.0684484
0.407434
30
0.726395
0.0173581
0.125623
79
0.000184302
0.4541
0.0537491
0.308752
78
0.935884
0.0324416
0.337567
14
0.00616384
0.120084
0.0633296
0.0634808
41
0.778554
0.0841511
0.146759
16
0.00442101
0.914132
0.0358723
0.0811052
78
0.876956
0.0935789
0.382096
50
0.0011507
0.455731
0.0287135
0.242991
60
0.896036
0.0744587
0.186192
29
0.00666209
0.595975
0.0724237
0.441255
28
0.745216
0.0230389
0.191837
93
0.00880805
0.281687
0.0148501
0.492435
67
0.809479
0.0585807
0.141663
49
0.00531226
0.363034
0.025777
0.0911597
31
0.939748
0.0718466
0.195144
74
0.00150943
0.143911
0.067024
0.165279
50
0.742851
0.0176422
0.372514
3
0.00361637
0.387815
0.0353992
0.105969
19
0.723206
0.0867451
0.425488
92
0.00962214
0.362457
0.0794795
0.453256
20
0.996834
0.0827082
0.294217
60
0.00687639
0.28323
0.0333044
0.469882
40
0.906787
0.0460026
0.47144
28
0.00457469
0.580337
0.089364
0.477356
90
0.769001
0.0366463
0.324538
27
0.00705404
0.980331
0.0694296
0.127778
34
0.994153
0.0629524
0.45923
83
0.00718652
0.0658663
0.0638087
0.214649
30
0.844024
0.062814
0.0348464
100
0.00517148
0.303526
0.0166175
0.214025
92
0.94489
0.0441572
0.428204
56
0.00540896
0.265656
0.0535632
0.0452973
92
0.810104
0.0340781
0.458809
81
0.00874539
0.0702215
0.0187609
0.198246
66
0.911171
0.0805149
0.447686
18
0.00765248
0.360355
0.0688589
0.453045
16
0.888596
0.096162
0.403551
5
0.00803747
0.743712
0.0710192
0.208791
45
0.828486
0.0506652
0.326912
81
0.00607117
0.0257299
0.0269719
0.250197
38
0.716879
0.053347
0.378779
34
0.000619775
0.00707371
0.079935
0.401743
84
0.965078
0.099665
0.44946
28
0.00182742
0.89986
0.0831131
0.387135
7
0.921462
0.052583
0.321655
68
0.00184569
0.969205
0.0698053
0.479045
98
0.807065
0.0112006
0.411033
26
0.00293776
0.00479284
0.0251133
0.25372
92
0.866966
0.0193147
0.259363
82
0.00413868
0.0878584
0.0523331
0.320913
35
0.738772
0.0126704
0.0467024
29
0.00302274
0.959994
0.0881046
0.186929
12
0.996268
0.0277064
0.166523
4
0.000934896
0.0925322
0.0627349
0.208115
32
0.784285
0.0693642
0.365889
1
0.00394635
0.318923
0.0751832
0.231299
85
0.979288
0.096964
0.0683765
21
0.00543102
0.20284
0.0242592
0.353283
44
0.797397
0.097459
0.229625
37
0.00984132
0.695299
0.0424303
0.0283116
55
0.711674
0.0914399
0.493967
88
0.0012627
0.856678
0.0197153
0.468537
81
0.719678
0.0668977
0.389291
85
0.00410382
0.22634
0.074476
0.224159
22
0.963051
0.0399531
0.108691
26
0.00187832
0.168709
0.0715854
0.400059
86
0.715366
0.0212244
0.134188
73
0.00386689
0.0600755
0.0621545
0.0499771
27
0.970687
0.0380093
0.114846
34
0.00855155
0.55264
0.0876716
0.434006
92
0.851889
0.0583903
0.0246339
36
0.00510763
0.999874
0.0408669
0.34973
20
0.874834
0.0540428
0.182483
67
0.00356638
0.40751
0.0704919
0.00656811
29
0.994685
0.0675342
0.312431
19
0.00380249
0.327693
0.082886
0.113799
80
0.960535
0.0758622
0.264605
57
0.000213327
0.402273
0.0610548
0.313591
8
0.986581
0.0830364
0.4817
41
0.00791226
0.536928
0.0375521
0.499928
90
0.911874
0.0433988
0.479862
33
0.00261801
0.17254
0.0648501
0.0737294
41
0.95839
0.0608407
0.0582483
34
0.00662471
0.957958
0.0413593
0.139125
54
0.780142
0.0736904
0.125379
89
0.00775298
0.325583
0.059359
0.228897
53
0.717454
0.0766766
0.242435
49
0.00414781
0.817902
0.0531843
0.164417
70
0.731887
0.0385472
0.302084
16
0.00865106
0.477894
0.0401616
0.495251
52
0.904773
0.0492478
0.225207
89
0.000702915
0.269792
0.0216354
0.193081
40
0.983076
0.0572484
0.102437
22
0.00194113
0.552354
0.0931321
0.47563
39
0.713166
0.0224594
0.49163
17
0.00757711
0.954436
0.054358
0.481376
70
0.961848
0.0215443
0.0327579
47
0.00595678
0.125289
0.0476086
0.47853
57
0.746178
0.0574061
0.249395
72
0.00927178
0.600409
0.0675799
0.288832
39
0.885218
0.054779
0.16737
66
0.00852276
0.294461
0.0209867
0.482669
99
0.793486
0.0377202
0.320664
4
0.00390866
0.0309001
0.0661359
0.392515
18
0.719851
0.0198369
0.156652
79
0.00812955
0.306721
0.0924513
0.111146
88
0.948401
0.0467322
0.0618066
50
0.000822094
0.212911
0.022133
0.464884
35
0.820798
0.093913
0.460491
80
0.00836544
0.488547
0.0884015
0.0841928
54
0.817814
0.0492151
0.206011
64
0.00550244
0.402657
0.0973623
0.24117
79
0.987618
0.0472975
0.476992
56
0.00567858
0.355054
0.0371493
0.434864
53
0.759909
0.0994715
0.0105845
93
0.008594
0.0335125
0.0526558
0.0442753
5
0.754834
0.0645835
0.463727
30
0.00324605
0.229367
0.0760037
0.302464
50
0.770076
0.0315661
0.0795531
16
0.00389318
0.33368
0.0446963
0.307557
31
0.934009
0.0971903
0.159886
83
0.00022578
0.576618
0.0980139
0.222236
6
0.998924
0.0273362
0.178702
92
0.000800754
0.775494
0.068235
0.486031
91
0.799592
0.0561419
0.306196
80
0.00639585
0.194562
0.0168384
0.248309
10
0.781628
0.0326165
0.43235
40
0.00946195
0.0148544
0.0183335
0.390231
58
0.869381
0.0512727
0.480559
55
0.00191956
0.31783
0.0728508
0.266437
3
0.758297
0.0641077
0.0295076
37
0.00923661
0.524747
0.0588099
0.273957
62
0.859358
0.0810622
0.299612
97
0.000924922
0.802263
0.0335985
0.109148
60
0.718427
0.0508848
0.163851
80
0.0092232
0.0534683
0.0843011
0.251744
47
0.776051
0.0727051
0.36919
12
0.00283437
0.483948
0.034132
0.0485932
85
0.802327
0.0332965
0.146194
49
0.00734758
0.717367
0.0548212
0.305349
43
0.952671
0.0100928
0.347976
30
0.00741183
0.835106
0.0932001
0.387706
72
0.820586
0.0557387
0.0595197
53
0.00731163
0.510791
0.0135131
0.166701
28
0.733498
0.0235922
0.173354
72
0.00121896
0.492245
0.0697532
0.322712
53
0.7714
0.0354199
0.268064
62
0.00942548
0.323543
0.0412128
0.371788
39
0.964134
0.0865949
0.0216433
13
0.00291903
0.593673
0.0769657
0.381718
82
0.82596
0.0526889
0.40261
11
0.00725362
0.674434
0.0327582
0.32188
91
0.909301
0.0985878
0.484402
45
0.00525947
0.212461
0.0254136
0.133646
73
0.950686
0.0599295
0.390793
52
0.00882895
0.409846
0.0714428
0.363021
8
0.976985
0.010895
0.396764
27
0.000891076
0.240963
0.0896863
0.161437
65
0.729438
0.0344354
0.420862
59
0.00393953
0.396763
0.0889272
0.37457
74
0.967972
0.0852668
0.49961
75
0.00223234
0.698809
0.0782076
0.190193
99
0.992598
0.0271769
0.448956
65
0.00576256
0.962453
0.0434224
0.485489
24
0.735179
0.0279528
0.122477
29
0.00632852
0.739762
0.0230458
0.301806
16
0.763548
0.0999546
0.200029
94
0.000973033
0.666155
0.0464479
0.0469032
62
0.707498
0.0421622
0.0886887
86
0.00886837
0.292602
0.0483625
0.142564
15
0.742432
0.0620818
0.422644
47
0.00553621
0.0718435
0.0224916
0.0466806
7
0.704675
0.0923559
0.452094
100
0.00582015
0.139908
0.0596342
0.0113042
40
0.805807
0.0652683
0.160932
78
0.00715855
0.263404
0.0377738
0.0712347
89
0.796368
0.0318556
0.0744834
15
0.000791055
0.180293
0.0212443
0.115735
50
0.894634
0.0946591
0.235981
18
0.00711239
0.930178
0.0209562
0.470509
47
0.877098
0.093116
0.444464
26
0.000253859
0.462048
0.0952662
0.0625825
77
0.797552
0.025691
0.454618
54
0.00971035
0.0414259
0.0163957
0.268678
78
0.896328
0.0435101
0.387238
95
0.00767378
0.19942
0.0381868
0.459727
71
0.76118
0.0616489
0.0368417
91
0.00335986
0.758665
0.0353023
0.0820705
34
0.847395
0.0697477
0.203075
14
0.00925122
0.844415
0.0349707
0.293727
38
0.959967
0.0485077
0.0953797
68
0.0080009
0.747706
0.0968399
0.408468
18
0.842326
0.0917508
0.117
36
0.00124016
0.626439
0.0806586
0.283503
25
0.989778
0.0850981
0.0531567
61
0.00334097
0.605042
0.0282661
0.363335
14
0.929931
0.0848946
0.237657
20
0.00174928
0.685002
0.0605182
0.311377
42
0.737268
0.0576104
0.325799
55
0.00469134
0.347849
0.0519886
0.26182
74
0.765578
0.0822966
0.309891
89
0.00425259
0.272721
0.0923716
0.130372
27
0.738213
0.0358552
0.275677
63
0.00861243
0.439568
0.0783013
0.0137255
99
0.924385
0.075291
0.419714
87
0.00372884
0.728608
0.0462231
0.061507
60
0.795387
0.0439491
0.295571
99
0.00427208
0.220564
0.0295819
0.212452
1
0.890256
0.0228347
0.294855
52
0.00569981
0.575961
0.0263834
0.45094
12
0.82693
0.0448708
0.336581
26
0.0048922
0.5389
0.0173943
0.286014
5
0.913249
0.0388868
0.280263
75
0.00831566
0.91679
0.0367616
0.406866
17
0.910893
0.0979149
0.236887
9
0.000958426
0.79976
0.0766382
0.0108073
46
0.955219
0.0644632
0.409978
78
0.00934479
0.349306
0.0846251
0.354586
32
0.750246
0.0310896
0.0645532
61
0.00308497
0.940734
0.0369889
0.326276
11
0.907592
0.0713996
0.223638
62
0.00318325
0.849361
0.0964268
0.178229
11
0.839476
0.0858099
0.0833793
57
0.00251639
0.615468
0.0677
0.0310472
30
0.786381
0.0821458
0.0839692
33
0.00206825
0.515042
0.0506076
0.014455
20
0.743698
0.0950966
0.179599
33
0.00612697
0.0187417
0.0116696
0.157612
83
0.712599
0.0366048
0.0363727
40
0.00131121
0.239212
0.0693876
0.342298
31
0.779474
0.0326901
0.0725977
93
0.00398782
0.811982
0.0857351
0.328105
75
0.735427
0.0131744
0.115919
32
0.00988095
0.466306
0.0507226
0.314484
49
0.889519
0.0249045
0.329
19
0.0099785
0.25962
0.0754683
0.366057
86
0.703951
0.0133984
0.174032
74
0.00180462
0.431034
0.0288309
0.029848
96
0.965996
0.0188457
0.251639
22
0.00777019
0.598272
0.0393669
0.0688173
6
0.863503
0.0758809
0.368052
40
0.000736253
0.448567
0.0690379
0.150721
98
0.736475
0.0673247
0.284697
81
0.0079527
0.568961
0.0644216
0.136697
38
0.855437
0.0288245
0.25483
15
0.00204618
0.718832
0.0970896
0.447999
4
0.8582
0.0953709
0.217067
18
0.000453399
0.773377
0.0251397
0.460658
56
0.810835
0.0408675
0.426777
46
0.00772084
0.918917
0.0334592
0.162501
30
0.878104
0.0377113
0.47592
63
0.0098853
0.662781
0.0494592
0.206147
18
0.938777
0.0968882
0.0565026
70
0.00984523
0.520749
0.0586691
0.052206
28
0.769785
0.0345075
0.16217
71
0.00488382
0.640257
0.0958576
0.186408
31
0.894152
0.0671292
0.0730147
24
0.00254405
0.912389
0.0470272
0.306749
12
0.967593
0.0846951
0.280452
35
0.00363792
0.588915
0.0451898
0.196965
53
0.892632
0.0499916
0.45378
69
0.00690665
0.734607
0.0356011
0.467545
32
0.879593
0.0922154
0.176334
48
0.000267983
0.223497
0.0584021
0.035504
82
0.903451
0.0296185
0.323276
4
0.00202094
0.351153
0.0118869
0.427702
22
0.71625
0.0725957
0.388537
92
0.000677107
0.792341
0.0501099
0.388849
75
0.929473
0.0110425
0.0926652
74
0.00279868
0.513494
0.0617529
0.243913
57
0.953589
0.0304417
0.127438
2
0.00106813
0.24405
0.0131074
0.333346
93
0.729019
0.0564371
0.392374
72
0.00994289
0.42064
0.0101486
0.138476
63
0.857321
0.0418809
0.38317
81
0.00143427
0.840128
0.027861
0.34469
36
0.962421
0.0397754
0.0861525
52
0.00011947
0.250095
0.0430794
0.411445
2
0.90052
0.0428586
0.316484
2
0.00239666
0.507649
0.0719094
0.187826
12
0.856264
0.0687807
0.215551
28
0.00652756
0.795196
0.0775146
0.0593867
15
0.73328
0.0450536
0.119494
55
0.00832092
0.432763
0.0176849
0.290657
37
0.841766
0.0143983
0.23435
1
0.00453012
0.933925
0.0421661
0.23493
67
0.70244
0.0483312
0.00541326
5
0.00676212
0.486402
0.0546461
0.359782
39
0.983546
0.0299372
0.176654
50
0.000429504
0.80521
0.0947799
0.285292
94
0.838246
0.0984759
0.333701
30
0.00878101
0.632192
0.0133728
0.0295243
15
0.730828
0.0663032
0.153504
46
0.00483014
0.414931
0.0396535
0.258259
26
0.753043
0.0413427
0.0855921
98
0.00911046
0.989116
0.012098
0.328858
94
0.746881
0.0824908
0.0657157
49
0.0033886
0.532126
0.056852
0.00839631
57
0.718585
0.0320204
0.440751
10
0.000394633
0.707544
0.0813961
0.0151774
57
0.774342
0.0105202
0.287076
25
0.00400754
0.991522
0.0903075
0.240062
55
0.956703
0.0209314
0.108007
6
0.00587121
0.137727
0.0415162
0.179266
79
0.88237
0.0635871
0.0423339
19
0.00872661
0.373196
0.0284498
0.14615
21
0.731273
0.0241009
0.408901
72
0.0071953
0.771556
0.0708265
0.0834083
42
0.898747
0.0409758
0.047795
9
0.0081734
0.0560238
0.0114894
0.379097
9
0.814195
0.060128
0.344792
12
0.00499549
0.122292
0.0406317
0.089506
59
0.982489
0.0459602
0.392108
24
0.00779389
0.620301
0.0555366
0.154114
97
0.958221
0.0119837
0.355573
27
0.00110498
0.9296
0.0140321
0.0673681
15
0.847922
0.0705476
0.112547
22
0.00268546
0.621809
0.0591106
0.437557
65
0.725956
0.0619365
0.075082
25
0.00834148
0.851692
0.0762624
0.174065
35
0.829817
0.0293873
0.245123
28
0.00221247
0.841335
0.0307498
0.393998
32
0.88248
0.0117117
0.170639
28
0.00965094
0.257355
0.0198235
0.0414318
27
0.732643
0.093749
0.00298696
27
0.00136452
0.871767
0.0623717
0.498731
55
0.703436
0.0357192
0.427279
9
0.00161577
0.566561
0.0991986
0.352284
13
0.848865
0.0568498
0.120839
73
0.000165976
0.689601
0.0372688
0.43678
2
0.989205
0.0650788
0.270181
40
0.00596269
0.501736
0.0936567
0.194154
48
0.820023
0.0464077
0.0692565
99
0.0023027
0.328929
0.0988789
0.337734
34
0.834825
0.0738067
0.416361
97
0.00937815
0.752777
0.0263335
0.29494
32
0.84702
0.0350459
0.260387
94
0.0015272
0.411688
0.0762287
0.00154412
50
0.880327
0.0346986
0.315225
86
0.00146273
0.978396
0.0841262
0.211421
4
0.971021
0.0156937
0.151346
36
0.00893795
0.733972
0.0331508
0.24612
61
0.756569
0.045131
0.139482
47
0.000837635
0.744982
0.0592123
0.471553
52
0.7992
0.0167264
0.151738
77
0.00761013
0.0357585
0.0787005
0.20513
79
0.767193
0.0330379
0.490631
85
0.00314516
0.644716
0.0943535
0.230271
69
0.747694
0.0833566
0.014656
62
0.00743508
0.920181
0.0727216
0.364953
69
0.85336
0.052153
0.00640943
7
0.00486448
0.906851
0.0808201
0.405949
63
0.80306
0.0538783
0.141089
54
0.00823872
0.182456
0.0823838
0.350895
66
0.8757
0.0957781
0.180722
60
0.00805036
0.0478276
0.0572377
0.358067
77
0.805916
0.0477381
0.0804785
51
0.00998389
0.0621454
0.0312161
0.0208888
4
0.701425
0.0371109
0.00250038
94
0.00751775
0.65386
0.0127131
0.4948
7
0.959028
0.0494357
0.17765
87
0.00892643
0.273791
0.08449
0.463754
14
0.833347
0.0152899
0.0410821
39
0.00188878
0.216509
0.0918824
0.0851015
17
0.951511
0.0469704
0.105234
6
0.00694711
0.0842092
0.0984987
0.218787
83
0.865023
0.0223166
0.117935
34
0.00385974
0.509494
0.0901514
0.449909
28
0.904514
0.0237028
0.211122
61
0.00991547
0.0795014
0.099099
0.0936927
81
0.957459
0.0263616
0.406399
80
0.00905964
0.678118
0.0439144
0.466685
66
0.846408
0.0554095
0.252831
29
0.00691801
0.227522
0.0872332
0.319659
64
0.98016
0.0610608
0.114514
2
0.00671181
0.0109732
0.0267378
0.42009
73
0.831348
0.092604
0.136108
23
0.0044853
0.434983
0.0712429
0.25901
84
0.787724
0.0713434
0.0382864
66
0.00299703
0.44337
0.0466235
0.361913
56
0.88661
0.0690198
0.272967
77
0.0030611
0.279299
0.0601226
0.3268
39
0.720889
0.0773121
0.149638
97
0.0042824
0.471555
0.0428286
0.421016
100
0.850442
0.0316606
0.106437
86
0.00682733
0.807412
0.0905538
0.0491866
22
0.812491
0.0945199
0.466448
20
0.00624078
0.184221
0.017248
0.384731
7
0.707141
0.0487356
0.3776
85
0.00533273
0.572857
0.0528472
0.428827
73
0.782615
0.0274835
0.14297
37
0.00511219
0.0811105
0.0226799
0.234189
27
0.727002
0.091245
0.0526224
82
0.00409951
0.440693
0.0237783
0.29879
4
0.866142
0.0636835
0.0712044
21
0.00117578
0.289972
0.0853492
0.0724156
10
0.927282
0.0778479
0.0925289
96
0.00850642
0.996759
0.0556775
0.228246
26
0.709954
0.0639858
0.065282
69
0.00149275
0.367155
0.0891801
0.457034
75
0.804305
0.0792564
0.474831
32
0.00953688
0.23199
0.0551826
0.110075
58
0.777418
0.0794558
0.364738
15
0.00366235
0.549859
0.0940419
0.116843
2
0.991689
0.0728243
0.311697
64
0.00407071
0.712404
0.0835369
0.0995407
90
0.942329
0.0196144
0.443487
76
0.00913516
0.00178688
0.0300911
0.431757
6
0.93795
0.0578214
0.304932
7
0.00454303
0.939606
0.0314594
0.0377095
66
0.76066
0.0246069
0.376051
88
0.00163851
0.943379
0.0998627
0.403287
21
0.942875
0.0870979
0.100133
10
0.00962863
0.852903
0.05602
0.00690252
61
0.762499
0.0135972
0.238551
98
0.00417967
0.252352
0.0868091
0.200815
75
0.964585
0.0678503
0.290049
65
0.00889205
0.152576
0.0532478
0.281025
70
0.704924
0.0143022
0.240719
91
0.0046541
0.427177
0.0339305
0.261038
83
0.772005
0.0836647
0.346752
94
0.00619339
0.678747
0.0578601
0.0248947
46
0.827487
0.030763
0.202405
53
0.00723664
0.25292
0.0829785
0.265949
23
0.790606
0.0947949
0.437922
96
0.00197627
0.504783
0.0452963
0.282022
25
0.784705
0.0349228
0.446445
81
0.00809032
0.55658
0.0710695
0.335658
71
0.708393
0.0680405
0.189452
75
0.00218154
0.863163
0.0929248
0.173082
52
0.919484
0.016912
0.327504
17
0.00949733
0.616805
0.0213885
0.0189469
8
0.974456
0.0691
0.364132
43
0.00505805
0.951433
0.0191032
0.383211
10
0.862733
0.026051
0.332606
24
0.00269882
0.305398
0.0160488
0.396809
8
0.872783
0.0888006
0.154977
46
0.00848462
0.390542
0.0810463
0.487492
27
0.722448
0.0800817
0.261685
21
0.00759042
0.391447
0.0245491
0.348519
82
0.858672
0.0835016
0.0173652
41
0.00245903
0.0760838
0.0640489
0.169237
72
0.828797
0.0828287
0.486148
86
0.00828851
0.836737
0.08153
0.199462
35
0.815912
0.0443959
0.17027
76
0.00130246
0.0270694
0.0741657
0.458557
72
0.920666
0.0502674
0.332015
93
0.00993254
0.420225
0.0298685
0.182351
64
0.901819
0.0926333
0.0275199
87
0.00706968
0.0391493
0.0772036
0.168315
91
0.822845
0.072038
0.182774
5
0.00287316
0.602834
0.0739381
0.411106
41
0.701028
0.0342847
0.303231
55
0.00672469
0.949255
0.0181735
0.195151
97
0.865209
0.0239691
0.486007
15
0.00897487
0.0518549
0.0156478
0.417366
25
0.849088
0.0508384
0.297296
35
0.00537367
0.178813
0.0953626
0.172428
42
0.822388
0.0252212
0.169068
4
0.0047068
0.893292
0.0362821
0.445638
3
0.945696
0.0704736
0.450266
45
0.00887463
0.973693
0.0240028
0.430576
69
0.852927
0.0959341
0.0503244
8
0.00884134
0.873839
0.0325947
0.0265139
77
0.94428
0.0592066
0.187388
78
0.00589186
0.62876
0.0126486
0.255399
5
0.946906
0.022668
0.0202292
24
0.00647074
0.487006
0.0638517
0.462002
30
0.850759
0.0411885
0.0277787
65
0.00826368
0.56381
0.0101897
0.124613
59
0.725187
0.0843788
0.1283
51
0.0094347
0.77734
0.0668543
0.018379
21
0.914176
0.0392507
0.0405687
22
0.00917318
0.246609
0.0404991
0.134442
89
0.758892
0.0269762
0.313898
13
0.00513255
0.0973207
0.0911583
0.423333
76
0.784996
0.018807
0.0704185
77
0.00634152
0.150849
0.0499553
0.0551948
76
0.748109
0.0625263
0.277766
26
0.00332084
0.671041
0.0471797
0.30415
43
0.99546
0.0597304
0.0554899
3
0.00773637
0.27844
0.03657
0.272375
91
0.839181
0.0686129
0.3185
35
0.00158844
0.0968371
0.0169474
0.159806
41
0.807005
0.0486451
0.370663
10
0.00157585
0.00517996
0.0921296
0.00495122
35
0.941944
0.0661196
0.0251123
83
0.00578306
0.74903
0.0597337
0.0686451
54
0.88477
0.0934026
0.33079
17
0.00722008
0.41809
0.014602
0.367518
93
0.741137
0.0249843
0.144459
39
0.00155544
0.687636
0.0308922
0.0165045
72
0.89361
0.03318
0.379198
93
0.00960075
0.543373
0.0672055
0.105014
89
0.755976
0.052906
0.0129222
77
0.000565922
0.520282
0.0561452
0.381197
16
0.95206
0.01274
0.417754
32
0.00342514
0.0737477
0.0301901
0.0698386
43
0.89978
0.0170984
0.408033
96
0.000476643
0.680349
0.0306243
0.210492
93
0.75959
0.0548217
0.047582
67
0.00678913
0.789495
0.0515407
0.370489
44
0.816294
0.088132
0.153634
8
0.00564764
0.195813
0.052662
0.140844
4
0.794679
0.0154226
0.290496
14
0.00138538
0.499975
0.0476658
0.462357
37
0.711975
0.0642514
0.357234
61
0.00443936
0.110648
0.0850295
0.346456
50
0.998084
0.0369121
0.405503
95
0.00208862
0.0683234
0.0291646
0.269524
88
0.730083
0.0806061
0.184559
37
0.00344421
0.784837
0.0738166
0.263938
3
0.835953
0.0855978
0.0512498
47
0.0013983
0.430419
0.0274761
0.41224
47
0.887309
0.0552513
0.299258
78
0.004848
0.275909
0.0851622
0.0321648
77
0.790026
0.0942496
0.110809
39
0.00256688
0.88185
0.0631839
0.218008
85
0.936915
0.0497124
0.357064
54
0.000541723
0.166788
0.0392161
0.157738
59
0.780976
0.066873
0.251296
31
0.00377031
0.976807
0.034089
0.0657743
36
0.819534
0.095532
0.495041
43
0.000145451
0.0318655
0.032285
0.00280288
33
0.918642
0.0590758
0.277274
43
0.00520658
0.475332
0.0246044
0.421284
86
0.70051
0.089776
0.468788
75
0.00497471
0.353737
0.074883
0.274822
33
0.897222
0.0217102
0.358795
31
0.00432998
0.562279
0.0487689
0.170169
29
0.778233
0.037247
0.435828
10
0.00585197
0.891485
0.0258672
0.341441
10
0.980878
0.0785095
0.27533
48
0.00656953
0.108766
0.0360178
0.106864
73
0.94775
0.0651821
0.349956
47
0.00236799
0.814234
0.0907936
0.436051
87
0.932345
0.0666003
0.412015
51
0.0084721
0.702926
0.0493433
0.491118
93
0.791876
0.0723796
0.26546
48
0.00211232
0.17526
0.0149208
0.345442
11
