0.82628
0.0118667
0.0078236
47
0.0441282
0.432218
0.0260299
0.309645
13
0.715785
0.0939415
0.00178828
87
0.00444409
0.344726
0.0751985
0.286222
25
0.782543
0.0654337
0.083457
60
0.0978645
0.233516
0.0256581
0.347067
21
0.944247
0.0731062
0.0832596
43
0.0313169
0.309466
0.0162135
0.297953
49
0.874523
0.0995461
0.0446566
78
0.0428778
0.00169351
0.0970609
0.283058
33
0.881263
0.0936443
0.0207056
94
0.0175502
0.0666368
0.0250803
0.0403424
41
0.768669
0.0642707
0.0923657
62
0.0741018
0.27439
0.0245697
0.325719
23
0.987308
0.0413705
0.0190132
31
0.0735914
0.0784568
0.0863318
0.315503
63
0.800629
0.00633159
0.0933383
59
0.0392401
0.365428
0.0913408
0.439952
34
0.782212
0.0531049
0.0802482
96
0.0124557
0.354002
0.0809749
0.0201836
35
0.99524
0.0535953
0.0737532
54
0.0480853
0.224975
0.0552929
0.311776
59
0.932835
0.0787618
0.00807767
17
0.0790116
0.257657
0.0998995
0.0560465
52
0.706657
0.0188083
0.0170031
31
0.0401567
0.0625988
0.0211322
0.314834
89
0.943504
0.00655832
0.0825321
83
0.0340735
0.0618975
0.0153304
0.0585129
7
0.859757
0.0426061
0.0690574
17
0.0387768
0.468471
0.0711734
0.269463
8
0.84268
0.0894697
0.0888983
48
0.0439584
0.301953
0.0614221
0.443383
31
0.742869
0.036784
0.0217927
12
0.0367466
0.395466
0.0622798
0.108653
58
0.833431
0.07939
0.0229843
87
0.0144064
0.235706
0.0983956
0.389713
67
0.82715
0.0924776
0.053949
49
0.0336777
0.480781
0.09262
0.143013
73
0.831403
0.0773502
0.0131116
43
0.0334227
0.300142
0.0222741
0.197114
48
0.917853
0.0706596
0.080915
44
0.035386
0.425811
0.0391302
0.237537
97
0.700142
0.0400536
0.00734845
73
0.00855599
0.317578
0.0716981
0.164128
82
0.81792
0.00407765
0.0744345
55
0.0680383
0.217453
0.0302242
0.260525
12
0.981717
0.0124462
0.0853989
15
0.0909257
0.324688
0.0247669
0.332574
36
0.745864
0.0831949
0.0645944
26
0.0706166
0.0127252
0.0536872
0.107572
5
0.741894
0.0126957
0.0190656
50
0.0633929
0.244921
0.0479708
0.0895773
35
0.849139
0.00561361
0.0811014
78
0.0172178
0.426111
0.0371463
0.0748523
81
0.788123
0.0435306
0.0209247
17
0.0626636
0.318359
0.0309466
0.478377
18
0.787112
0.0795858
0.0914645
17
0.0577325
0.0864347
0.0597751
0.437016
35
0.848574
0.0965372
0.0909471
80
0.0599314
0.4593
0.0208488
0.330873
90
0.838868
0.048876
0.0592453
13
0.00816605
0.0272719
0.0687657
0.337168
45
0.907336
0.089846
0.0979414
61
0.0982898
0.494054
0.0102307
0.25842
47
0.863523
0.0910497
0.091592
68
0.063355
0.31481
0.08241
0.131064
19
0.916495
0.0167615
0.0439864
69
0.0993889
0.0695452
0.0832349
0.195334
63
0.856147
0.0645882
0.0822808
100
0.0339314
0.315969
0.080735
0.0704055
92
0.747493
0.090375
0.03962
47
0.00985406
0.169659
0.0796775
0.395338
49
0.806516
0.0112131
0.061828
63
0.0218668
0.129207
0.0964174
0.230177
8
0.712502
0.0314713
0.0751848
65
0.0102862
0.105309
0.0931657
0.37228
20
0.738021
0.0355751
0.0555168
75
0.0772071
0.238459
0.0671778
0.223509
14
0.89748
0.0151064
0.0558276
24
0.0568482
0.467865
0.0884484
0.175858
39
0.990212
0.0791857
0.0566941
61
0.0196767
0.430534
0.0755173
0.383112
51
0.735961
0.0835032
0.0312323
32
0.0287603
0.440013
0.0253464
0.0489454
67
0.835769
0.0866059
0.060475
38
0.0374944
0.240702
0.0171858
0.219884
84
0.928801
0.00212885
0.069902
88
0.0545304
0.478162
0.0839925
0.210444
41
0.958413
0.0864557
0.015392
3
0.0580068
0.48652
0.0287146
0.0937867
70
0.979543
0.0329597
0.031712
50
0.00588015
0.212473
0.0615964
0.461511
88
0.701623
0.0836389
0.00713608
39
0.0921596
0.292632
0.0145155
0.159714
66
0.724458
0.0274847
0.0323992
24
0.088675
0.38898
0.0157275
0.182149
31
0.824784
0.0138972
0.0498522
38
0.0801182
0.419029
0.0605354
0.358977
57
0.892676
0.0769263
0.0165501
81
0.0301465
0.275569
0.0411957
0.279548
41
0.832928
0.0958189
0.0407886
61
0.0262171
0.202541
0.0839319
0.35224
72
0.749852
0.0759437
0.0321357
75
0.00908197
0.350123
0.0845769
0.114721
54
0.732354
0.0211955
0.00600222
56
0.00779764
0.10614
0.0958386
0.415043
25
0.932144
0.0857662
0.0171379
19
0.0855
0.387505
0.0991249
0.12971
78
0.724997
0.0825503
0.0113811
84
0.0119375
0.186832
0.0947655
0.40507
82
0.763984
0.0940685
0.0747288
75
0.0948875
0.144384
0.0523131
0.494636
22
0.958135
0.0923716
0.0299834
61
0.0513629
0.149139
0.0503584
0.191607
17
0.8627
0.0883607
0.0896608
64
0.0227288
0.119469
0.0358972
0.45149
65
0.832353
0.00245603
0.0884085
86
0.0600239
0.0486593
0.0677356
0.474378
34
0.760126
0.0733218
0.0224252
71
0.0995912
0.206937
0.0133005
0.135611
45
0.98587
0.0854108
0.081344
45
0.0729571
0.0848006
0.0415501
0.294363
55
0.946473
0.0808962
0.0504812
92
0.0614762
0.250179
0.0387287
0.322356
70
0.937838
0.0638979
0.0210629
34
0.00156812
0.204002
0.0695405
0.350133
83
0.708451
0.0108928
0.0733837
16
0.00389902
0.351963
0.0175056
0.388657
66
0.870104
0.0896989
0.0849026
63
0.0610221
0.28596
0.0233289
0.0139694
4
0.805102
0.0312086
0.091266
35
0.0360521
0.0143002
0.051554
0.385247
75
0.885533
0.068146
0.0174137
53
0.0409139
0.0431868
0.0850828
0.29129
19
0.951058
0.0926856
0.0494614
29
0.00233954
0.374913
0.0987091
0.0385551
36
0.989282
0.00282111
0.0680875
88
0.0382665
0.100688
0.0455667
0.266589
86
0.900846
0.0937591
0.0616472
30
0.0201926
0.234252
0.0544693
0.465904
25
0.720618
0.0988486
0.0934957
44
0.00368149
0.00419271
0.0878612
0.0505259
65
0.980623
0.0339022
0.0280324
52
0.0486716
0.0399675
0.0233184
0.0462279
40
0.911769
0.0783021
0.0826514
52
0.0392025
0.181906
0.0625312
0.472973
79
0.96082
0.0863268
0.0569809
71
0.0609664
0.103189
0.0771843
0.0929878
50
0.915685
0.0283315
0.0847404
40
0.00570205
0.447241
0.0854446
0.318142
69
0.874901
0.0660562
0.0880708
59
0.0842973
0.171227
0.0727173
0.0940179
52
0.708174
0.0238241
0.0777332
9
0.00475271
0.262402
0.0124605
0.482479
15
0.967688
0.0974324
0.046855
67
0.083664
0.254795
0.0147589
0.42545
38
0.867789
0.0821312
0.0252315
72
0.0738605
0.491826
0.0497851
0.0675477
72
0.781838
0.0276318
0.0310719
51
0.0990518
0.189737
0.0808916
0.0622663
83
0.869418
0.0762247
0.0525335
50
0.0187801
0.071408
0.0582433
0.220303
4
0.964598
0.0153765
0.0533448
36
0.0883908
0.214685
0.0352929
0.088687
46
0.801401
0.0885185
0.0512787
28
0.0243709
0.470624
0.0665214
0.410295
41
0.872087
0.0129463
0.0603662
92
0.040302
0.0689408
0.054774
0.018829
80
0.902752
0.0651744
0.0588361
43
0.0749524
0.112634
0.0350148
0.162777
27
0.806392
0.0722237
0.0585598
96
0.0252364
0.178758
0.0618233
0.323938
25
0.901523
0.0800356
0.0370521
69
0.013989
0.18767
0.0219366
0.140408
89
0.865573
0.0585428
0.0759412
89
0.029846
0.0508411
0.0636813
0.290288
32
0.926691
0.0617802
0.0489685
14
0.0355625
0.239792
0.0764911
0.280815
74
0.993615
0.0255935
0.0269368
11
0.0808471
0.114182
0.0118379
0.119699
28
0.890023
0.00872946
0.0852473
2
0.0183083
0.341208
0.0570354
0.363462
63
0.744772
0.0484845
0.0320482
93
0.0917776
0.264412
0.095994
0.499698
33
0.944863
0.0891792
0.0620741
48
0.0452181
0.293884
0.0719987
0.365247
81
0.710368
0.0814375
0.0924948
82
0.0282175
0.474002
0.0289939
0.225047
47
0.716889
0.0104312
0.0159411
96
0.0349976
0.128445
0.0120189
0.0352878
13
0.825135
0.0797845
0.0482509
94
0.0897878
0.0958122
0.0740015
0.342021
22
0.896689
0.0977074
0.0842984
22
0.0496749
0.444187
0.0573063
0.120362
24
0.924217
0.0171844
0.014022
52
0.0602441
0.111561
0.0860422
0.202911
87
0.705605
0.0729385
0.00633451
28
0.0657697
0.384579
0.0729711
0.489682
43
0.887536
0.0544195
0.0547116
90
0.0720481
0.475932
0.0791659
0.30779
91
0.730377
0.07272
0.00878249
66
0.0656763
0.268677
0.0439024
0.173475
96
0.754163
0.0178432
0.0753492
56
0.0841582
0.241488
0.0619196
0.0348177
89
0.730875
0.0113046
0.0670473
46
0.0173577
0.445472
0.0163268
0.391545
35
0.991169
0.0527421
0.0401338
22
0.0879891
0.371806
0.0116662
0.150095
77
0.855835
0.0597255
0.0358336
14
0.0478699
0.271326
0.0409819
0.371228
43
0.795604
0.0842929
0.0529067
8
0.011694
0.397634
0.0664637
0.22492
85
0.876206
0.0997814
0.0293866
62
0.0025574
0.461402
0.0558602
0.171991
19
0.805639
0.0671398
0.00271192
37
0.0646644
0.446954
0.0579104
0.356207
66
0.767619
0.0822467
0.081658
39
0.0799419
0.0760357
0.0788739
0.157168
28
0.741135
0.0830386
0.0381232
36
0.0148368
0.454031
0.0800202
0.308961
85
0.838671
0.0777643
0.0221418
21
0.0638555
0.159431
0.0404339
0.0427773
16
0.88291
0.0602922
0.0379869
70
0.081608
0.143211
0.0298133
0.0872978
18
0.957465
0.0630229
0.0722815
54
0.0152674
0.191032
0.090215
0.3163
21
0.888339
0.0223025
0.0614719
80
0.070878
0.134161
0.028445
0.138184
5
0.996328
0.0470897
0.0780556
63
0.0266018
0.162409
0.0684082
0.348911
56
0.868845
0.00851505
0.0345228
2
0.0926579
0.219561
0.0994114
0.390821
44
0.940085
0.0419735
0.0995579
76
0.0779486
0.223686
0.0446084
0.362965
80
0.9061
0.0289635
0.095953
34
0.00108423
0.259147
0.0548762
0.399448
17
0.974514
0.0692505
0.0125195
68
0.0278427
0.328873
0.0659418
0.0195761
57
0.702665
0.0225103
0.0523937
42
0.0937625
0.366686
0.0920153
0.0715962
56
0.751619
0.0359463
0.0281728
18
0.0269359
0.284271
0.0821828
0.428551
13
0.771692
0.00923214
0.0749974
33
0.0385334
0.182468
0.0197595
0.452218
98
0.798618
0.0347604
0.00575373
36
0.0863179
0.056752
0.0175846
0.0842513
69
0.851517
0.0265786
0.0682093
20
0.0121763
0.472757
0.0565214
0.305359
9
0.947505
0.066372
0.02553
6
0.0472888
0.160633
0.096637
0.19992
8
0.828386
0.0423882
0.00474773
33
0.0260408
0.184678
0.0320451
0.0159719
53
0.915984
0.00104196
0.0947395
91
0.0425723
0.0934353
0.0328985
0.161951
10
0.852793
0.00788719
0.0258668
4
0.017824
0.485687
0.0274338
0.105573
53
0.98317
0.00684601
0.0462704
8
0.0637427
0.200379
0.0756888
0.169743
42
0.938083
0.057742
0.0773436
98
0.0847646
0.367391
0.0184671
0.154412
62
0.972183
0.0961872
0.0859381
84
0.0492975
0.462808
0.0383944
0.419899
7
0.830476
0.071402
0.0788624
33
0.0323612
0.357559
0.0905583
0.239793
39
0.765795
0.0323557
0.0549714
57
0.0701776
0.497662
0.0402068
0.0170979
16
0.855152
0.0703632
0.00872056
35
0.0527125
0.413645
0.086158
0.320698
58
0.729137
0.0281389
0.0963059
34
0.0943702
0.0427219
0.07311
0.285295
91
0.926394
0.0680343
0.0256357
64
0.09473
0.287432
0.052048
0.271532
11
0.886361
0.0561977
0.0157497
78
0.0484572
0.319998
0.0101317
0.43117
44
0.929633
0.0158254
0.0313374
71
0.0700723
0.207812
0.0979366
0.00211032
29
0.74849
0.0382022
0.062536
24
0.0620657
0.11336
0.0295029
0.141732
12
0.890201
0.0403116
0.014558
94
0.0108709
0.379764
0.0362737
0.477805
50
0.920747
0.0848347
0.0264455
84
0.0951359
0.167757
0.0303602
0.172474
87
0.81736
0.0193199
0.0688829
50
0.02923
0.135341
0.0888592
0.245768
67
0.998398
0.0749233
0.0818848
67
0.0235939
0.410972
0.0461917
0.28415
98
0.883443
0.0510019
0.0920546
41
0.0026314
0.243116
0.0707341
0.364775
98
0.758928
0.0592149
0.033853
3
0.0221391
0.30813
0.0703805
0.0592226
26
0.995847
0.0969767
0.00825857
33
0.0215896
0.456891
0.0817366
0.14687
57
0.976705
0.0183873
0.00991025
26
0.0329531
0.0909246
0.0359482
0.264686
24
0.733461
0.016843
0.0296884
23
0.0534613
0.409628
0.0833109
0.0915808
94
0.910214
0.0315976
0.0179578
42
0.0366355
0.0178319
0.0300326
0.40906
77
0.954196
0.0998127
0.00671587
62
0.00426428
0.125296
0.0392621
0.340813
77
0.971779
0.0600701
0.0599947
25
0.00298258
0.141102
0.0759579
0.187399
53
0.821138
0.0258764
0.0297205
83
0.0389545
0.0475122
0.0874929
0.345855
37
0.839418
0.0846221
0.0684397
70
0.0497877
0.0251646
0.0975363
0.298615
14
0.706334
0.0243814
0.0964535
37
0.0357066
0.0321812
0.0654693
0.226842
94
0.894864
0.0441393
0.033168
30
0.00602611
0.364358
0.0477776
0.167878
49
0.793869
0.0542347
0.0395714
19
0.0271907
0.280215
0.0944278
0.369518
21
0.718117
0.0851254
0.0543463
45
0.0306025
0.0734745
0.0550701
0.177874
52
0.819319
0.0263512
0.0969791
13
0.0786873
0.146484
0.0484104
0.203331
4
0.865758
0.00719428
0.0656383
56
0.0473981
0.0837045
0.0345252
0.460946
53
0.825873
0.0164747
0.0729364
79
0.0716531
0.438607
0.0379654
0.218918
14
0.968936
0.0253654
0.0760709
69
0.0649976
0.220128
0.0873184
0.229055
96
0.709277
0.0155074
0.00422792
43
0.0687118
0.236297
0.0602691
0.386736
13
0.745425
0.0559401
0.0538234
12
0.076704
0.0558196
0.0858202
0.133177
78
0.822208
0.0628076
0.0350633
97
0.0380583
0.221663
0.0168367
0.467082
3
0.912987
0.0296319
0.0791229
7
0.0920487
0.495213
0.0479972
0.0788075
98
0.71974
0.057103
0.0510733
90
0.0717785
0.408346
0.0127283
0.158494
70
0.956931
0.0341692
0.0726968
28
0.0114133
0.363152
0.0494808
0.0310436
93
0.810803
0.0856992
0.0653847
96
0.0451274
0.330109
0.0675654
0.495455
7
0.854136
0.0327871
0.01184
64
0.0446356
0.126592
0.0599392
0.32143
72
0.925841
0.0437379
0.038781
2
0.0654803
0.457126
0.0141385
0.145914
27
0.910533
0.0321565
0.0363677
91
0.0471064
0.222878
0.0689728
0.475054
29
0.710082
0.04431
0.070839
49
0.0142108
0.498071
0.0417294
0.353488
60
0.799587
0.0993216
0.0757908
24
0.0660018
0.0913117
0.0297541
0.36185
2
0.801744
0.0734728
0.00243489
61
0.098532
0.082589
0.0789844
0.278758
12
0.875552
0.0262616
0.0637376
11
0.0503103
0.172689
0.0744074
0.231017
59
0.893513
0.0623299
0.0799914
64
0.0421058
0.416072
0.0532024
0.479989
86
0.908345
0.0710379
0.0506476
12
0.0875724
0.0405596
0.0626333
0.282667
90
0.762736
0.00744772
0.0658732
53
0.0537446
0.0967159
0.0475489
0.341762
74
0.975468
0.0406893
0.00147411
46
0.0229351
0.335567
0.0165269
0.0398578
80
0.82912
0.0725638
0.0767085
11
0.0934634
0.0603692
0.0268564
0.0977428
25
0.816405
0.0360718
0.0581112
82
0.0068533
0.00546923
0.0501673
0.118155
53
0.740625
0.027819
0.046973
42
0.0224888
0.0525762
0.0747155
0.194555
16
0.858025
0.00590635
0.0424892
2
0.0376383
0.147827
0.0385438
0.381247
75
0.734385
0.0771408
0.0194696
6
0.00530444
0.245697
0.0334464
0.333925
30
0.947799
0.0287172
0.044199
49
0.0160034
0.0921515
0.0436344
0.128041
33
0.952779
0.0949086
0.0444699
25
0.0673703
0.150219
0.0648976
0.0758577
92
0.864836
0.0980018
0.0998825
84
0.0502331
0.361977
0.0280846
0.216155
90
0.989843
0.0242833
0.065161
35
0.0103463
0.00782623
0.0596116
0.00197705
27
0.787744
0.0917888
0.042048
78
0.0280316
0.0352742
0.041439
0.438791
58
0.931076
0.0172725
0.0686395
44
0.0645083
0.463235
0.0150557
0.0551336
48
0.734821
0.0204757
0.040802
9
0.0629208
0.435394
0.031071
0.0954061
83
0.949841
0.00314495
0.00112145
6
0.078387
0.0243392
0.0631568
0.192206
54
0.974116
0.0762427
0.0870972
36
0.0973749
0.225265
0.0796259
0.102721
82
0.904929
0.0120529
0.0174842
18
0.0423752
0.0763075
0.0347988
0.487376
63
0.778222
0.0131936
0.084098
48
0.0829968
0.117533
0.0573573
0.471995
17
0.757776
0.0396144
0.00931203
25
0.0899388
0.11652
0.0372055
0.445073
80
0.711642
0.0552338
0.0762933
80
0.0772622
0.127562
0.0627861
0.121675
97
0.934343
0.0812184
0.0595028
76
0.0832547
0.0411344
0.0422741
0.253442
66
0.718825
0.086954
0.0971027
66
0.002086
0.375383
0.0111633
0.442957
92
0.703224
0.013652
0.0260438
47
0.0872094
0.0725872
0.0812638
0.0667249
71
0.868086
0.0271721
0.0638152
84
0.0519134
0.403782
0.0292894
0.190112
10
0.774778
0.0839272
0.0984251
58
0.0522363
0.423666
0.0844058
0.421807
62
0.866839
0.018995
0.00335723
37
0.0238926
0.460031
0.0820239
0.458437
94
0.784352
0.00545387
0.0382437
39
0.0805406
0.487372
0.0938695
0.0251285
48
0.753016
0.0231073
0.0352778
82
0.0254221
0.0376658
0.0657722
0.22103
4
0.731768
0.0536936
0.0942386
38
0.02165
0.248093
0.0590607
0.21552
11
0.913762
0.0554253
0.00986509
77
0.0863531
0.41221
0.0516297
0.496779
37
0.846254
0.0122854
0.098733
50
0.00496956
0.336066
0.0847896
0.12228
80
0.978329
0.0463321
0.0632202
99
0.024977
0.492788
0.0646398
0.367059
40
0.729529
0.0216449
0.0286676
13
0.0539993
0.174365
0.0490584
0.139403
76
0.867039
0.0675662
0.077871
85
0.0410706
0.348733
0.0225644
0.343166
26
0.731348
0.0958662
0.00136568
84
0.0856076
0.168645
0.026722
0.0650839
29
0.85011
0.00271868
0.0775784
14
0.0304276
0.232818
0.0784311
0.490041
77
0.77336
0.0529434
0.0829474
10
0.0430078
0.158975
0.0135397
0.238873
88
0.719402
0.0753952
0.0364822
8
0.0653084
0.0972296
0.0773713
0.236003
44
0.812998
0.0912396
0.0839608
45
0.0790644
0.333415
0.0188407
0.100023
74
0.872374
0.0489806
0.0891694
54
0.0639697
0.166406
0.0340713
0.13675
30
0.82327
0.0352829
0.0434315
85
0.0769649
0.404195
0.07792
0.267689
92
0.796033
0.019461
0.003569
66
0.0691994
0.118732
0.0935758
0.370304
86
0.853277
0.0200822
0.0930517
21
0.029548
0.326811
0.0633045
0.37618
98
0.821621
0.063582
0.0487491
90
0.0193364
0.373902
0.0207764
0.184726
45
0.985678
0.057369
0.0551216
70
0.0914572
0.272699
0.05313
0.160878
71
0.807327
0.0330831
0.0770303
23
0.0542827
0.339157
0.010666
0.379091
58
0.785419
0.0162562
0.037371
48
0.098165
0.0229378
0.0742316
0.0330079
84
0.902023
0.0525553
0.0746454
60
0.094175
0.338008
0.0518857
0.497732
93
0.800324
0.0146683
0.0627997
54
0.0454634
0.40012
0.0314714
0.355624
29
0.770056
0.044421
0.0642208
12
0.0892938
0.176929
0.0398991
0.397101
33
0.754891
0.0669092
0.0536156
18
0.0166378
0.115351
0.0680766
0.454618
91
0.895147
0.0372926
0.00509461
87
0.0436642
0.210087
0.0282449
0.407204
30
0.986458
0.0860592
0.016736
98
0.089316
0.136091
0.0751548
0.137135
59
0.80794
0.0306202
0.0143083
31
0.00649085
0.122698
0.0217374
0.217048
3
0.769506
0.0141251
0.0485276
72
0.0896898
0.263204
0.034288
0.0361293
84
0.994186
0.0717836
0.0611844
11
0.0996937
0.254001
0.0612959
0.205915
79
0.705215
0.0872219
0.045405
67
0.0564438
0.26044
0.0178518
0.233088
60
0.814547
0.0592042
0.0499457
11
0.0721068
0.0772037
0.0678222
0.00474457
7
0.929334
0.0888508
0.0199278
97
0.0562033
0.42992
0.0787594
0.296969
37
0.953363
0.0982431
0.0695199
20
0.0466202
0.302346
0.0951836
0.113653
75
0.772617
0.0715175
0.0872457
41
0.0605461
0.44156
0.0722395
0.176389
20
0.950162
0.024625
0.0996246
52
0.0553658
0.120792
0.0653527
0.400619
38
0.93518
0.0501045
0.00401045
48
0.0828134
0.297925
0.0634789
0.0119195
68
0.936709
0.0873845
0.0587587
100
0.0712542
0.0288928
0.0737818
0.265014
63
0.704369
0.0388862
0.0216034
91
0.0249057
0.142922
0.0717696
0.262666
18
0.925254
0.0981083
0.0739317
89
0.0316961
0.276058
0.0216411
0.11179
35
0.733524
0.0423381
0.0899767
30
0.0345254
0.252389
0.010978
0.259649
46
0.804041
0.0334172
0.0647575
33
0.0946277
0.199381
0.0882838
0.287639
51
0.767201
0.039184
0.046039
35
0.0397004
0.305691
0.0375913
0.313005
43
0.938788
0.0696601
0.0333063
93
0.0976022
0.0547447
0.0159211
0.0260729
22
0.796288
0.067728
0.00649267
56
0.0417751
0.170124
0.0761728
0.481598
84
0.881821
0.0144822
0.0347298
76
0.069578
0.474665
0.0918988
0.359879
16
0.912836
0.0534142
0.0836708
18
0.048953
0.152637
0.0768017
0.456114
4
0.970999
0.0663318
0.0241276
4
0.0459026
0.437404
0.0887987
0.0371698
8
0.750359
0.00501915
0.0480244
16
0.0704512
0.246145
0.0103686
0.213594
34
0.834421
0.017794
0.037798
26
0.0135582
0.194449
0.0803131
0.464262
82
0.95125
0.0766009
0.0269662
46
0.0978142
0.295996
0.0139099
0.0682537
31
0.711173
0.0688869
0.0288287
16
0.0442906
0.278192
0.02305
0.106465
30
0.962877
0.0719378
0.0705417
99
0.0079886
0.362733
0.0351281
0.462834
76
0.823794
0.0712639
0.0946065
58
0.0426953
0.453095
0.0650301
0.211688
83
0.966944
0.0234484
0.0973305
97
0.0126763
0.131051
0.0424883
0.240981
76
0.88903
0.00431021
0.0161928
95
0.00355564
0.452663
0.0972021
0.422443
68
0.727924
0.0149858
0.0522092
20
0.00128588
0.320267
0.0513341
0.304059
44
0.803229
0.039815
0.0354671
31
0.0987428
0.303795
0.0954978
0.25095
20
0.763363
0.0522731
0.080562
51
0.0511381
0.270395
0.097396
0.249213
22
0.701083
0.0707856
0.0795701
3
0.0435
0.0518034
0.0943682
0.339245
78
0.835114
0.0228179
0.00761019
12
0.00173399
0.325989
0.0202207
0.0527937
50
0.794287
0.0199614
0.0366407
7
0.059064
0.0890308
0.0365548
0.261598
40
0.738591
0.0349344
0.0389452
100
0.0878254
0.370515
0.0661447
0.384735
4
0.891435
0.0468174
0.0245899
59
0.0596734
0.499998
0.0849415
0.18135
41
0.714037
0.0785271
0.0236285
72
0.0727067
0.358903
0.0794757
0.466096
74
0.741675
0.0567197
0.0711331
65
0.0989998
0.321846
0.0836643
0.426466
56
0.987944
0.098704
0.0316439
13
0.0665438
0.00381976
0.0963363
0.25747
92
0.780985
0.0805488
0.0410102
10
0.0581345
0.05955
0.0353881
0.104542
92
0.983649
0.0913477
0.0527699
21
0.0443969
0.0348629
0.0609219
0.449411
52
0.780419
0.0343838
0.039269
50
0.0676524
0.249782
0.071515
0.404025
3
0.997298
0.00895016
0.00678477
29
0.0398418
0.443206
0.0763954
0.263073
70
0.810208
0.0479714
0.0719652
58
0.00631573
0.227716
0.0130009
0.06928
2
0.772178
0.0701614
0.0473129
51
0.00733719
0.427802
0.0182476
0.444081
61
0.961684
0.0300087
0.0404737
15
0.0689611
0.132579
0.0866818
0.476064
93
0.895564
0.00766393
0.0950683
34
0.0418813
0.226917
0.04525
0.306887
6
0.992005
0.009893
0.00192723
60
0.011084
0.185382
0.0179862
0.429862
91
0.991789
0.0185974
0.0029434
48
0.0560395
0.20584
0.0246901
0.354547
10
0.857761
0.0922197
0.0514117
36
0.0308405
0.204948
0.0673824
0.212794
88
0.746383
0.0569054
0.0797028
55
0.0209843
0.109511
0.0469731
0.246295
77
0.907956
0.0503689
0.0693271
96
0.0606884
0.354783
0.0669458
0.193889
84
0.755826
0.061956
0.0249861
95
0.0714304
0.405419
0.0896181
0.459665
72
0.861888
0.0318441
0.014802
54
0.0642491
0.208554
0.0275802
0.0231256
34
0.954062
0.0953282
0.0955927
70
0.0243516
0.377952
0.0732129
0.248816
89
0.96662
0.0545752
0.0228321
6
0.0775012
0.286812
0.023826
0.427626
11
0.809747
0.0970909
0.0475949
35
0.00965761
0.258968
0.0940486
0.447323
99
0.797538
0.0460901
0.0223422
68
0.0845538
0.347162
0.089203
0.368415
67
0.996695
0.0208851
0.0726527
89
0.0630656
0.0295879
0.0535005
0.360888
35
0.948268
0.02675
0.056356
57
0.0239725
0.296436
0.0526848
0.488181
93
0.783346
0.0498269
0.046375
55
0.0834396
0.053683
0.0143871
0.469887
98
0.717721
0.00142216
0.0403362
1
0.0617395
0.0802186
0.0698429
0.324384
95
0.748404
0.0431832
0.0626575
73
0.0890242
0.376062
0.0204518
0.051129
74
0.721768
0.0546823
0.0432923
14
0.0823494
0.273412
0.0890656
0.396033
39
0.903944
0.0477227
0.0608159
27
0.0371028
0.242069
0.092899
0.189255
59
0.72147
0.0954663
0.0882289
74
0.0785852
0.173974
0.017243
0.227257
88
0.766657
0.013346
0.037567
28
0.0534854
0.294116
0.0591817
0.0223921
7
0.890974
0.0196337
0.00373106
76
0.00935127
0.0679697
0.0567165
0.274307
71
0.922567
0.0378426
0.0634365
15
0.0585207
0.104842
0.0447733
0.0325433
18
0.994349
0.0631899
0.0843844
86
0.052562
0.479296
0.0733733
0.0644183
32
0.873553
0.0933715
0.0949227
57
0.0359179
0.266857
0.0313757
0.0490569
65
0.788996
0.0906702
0.0863822
92
0.0493555
0.132052
0.0997848
0.34981
62
0.976235
0.050626
0.0893839
59
0.0234528
0.108064
0.019203
0.392563
100
0.864437
0.075508
0.050729
5
0.0681301
0.450254
0.0813329
0.178255
78
0.984291
0.0610995
0.0284164
17
0.0847214
0.283554
0.0169278
0.168583
26
0.892128
0.00364085
0.0677232
7
0.0202155
0.0986948
0.0866371
0.151062
66
0.799147
0.0202848
0.0102468
68
0.0802176
0.448844
0.0701627
0.165448
72
0.794611
0.0309922
0.0111818
92
0.0733346
0.346071
0.0115588
0.302052
56
0.764896
0.0369292
0.0886209
5
0.0155171
0.394975
0.0706041
0.0273793
97
0.911278
0.0251505
0.0659694
90
0.0688097
0.0491057
0.0389516
0.335633
81
0.970476
0.0595235
0.00204438
99
0.0372621
0.304319
0.0263725
0.344767
15
0.71631
0.0513857
0.071442
44
0.0530233
0.161951
0.0804376
0.0614105
43
0.946303
0.0614797
0.0265998
46
0.0258951
0.490663
0.044414
0.327353
38
0.970174
0.0930936
0.027623
19
0.0198347
0.2656
0.0885442
0.498537
28
0.829781
0.0385083
0.0106512
41
0.0326065
0.00999236
0.0155404
0.366095
2
0.764348
0.0351432
0.0184903
27
0.0555734
0.386313
0.0529698
0.394006
95
0.942655
0.0511492
0.0124225
89
0.0137743
0.372688
0.0196653
0.435587
47
0.723395
0.0279969
0.0272587
61
0.0723226
0.0459244
0.0968572
0.0853594
21
0.956422
0.0473899
0.0290625
17
0.0331433
0.110855
0.09418
0.252244
67
0.941902
0.0124958
0.0664334
7
0.0756251
0.340435
0.0332371
0.127332
31
0.776187
0.0372171
0.0474469
95
0.0467674
0.323856
0.0397901
0.053918
83
0.849552
0.0806353
0.055314
42
0.00726165
0.0708446
0.0818482
0.188729
56
0.949144
0.09523
0.0358822
69
0.0309693
0.0390012
0.0510218
0.293955
24
0.785599
0.00963907
0.0981202
72
0.0618601
0.155488
0.0491406
0.00726725
96
0.774015
0.0304906
0.0452428
88
0.0111499
0.211336
0.0277312
0.351609
30
0.973883
0.0115096
0.0645354
44
0.0115062
0.489394
0.0184202
0.346668
46
0.757173
0.0900289
0.0196533
25
0.0967489
0.298605
0.0381
0.0295662
15
0.878732
0.0774343
0.0960634
66
0.028324
0.0202408
0.0842037
0.418985
14
0.984876
0.0377187
0.0859823
42
0.00400458
0.383487
0.0377484
0.0813333
6
0.818547
0.0430734
0.044954
58
0.0780613
0.39027
0.0871299
0.411004
77
0.841664
0.0802955
0.0831244
7
0.0582808
0.121574
0.0497589
0.398396
66
0.760756
0.064399
0.0292679
79
0.0957157
0.385451
0.0227538
0.208789
100
0.713352
0.0648367
0.00902338
97
0.073916
0.439772
0.0869246
0.196337
79
0.934735
0.0319937
0.0274358
81
0.0815642
0.00875194
0.0136051
0.170281
61
0.860278
0.0690955
0.0457466
29
0.0557223
0.345192
0.0722887
0.254628
26
0.878924
0.0520156
0.0566274
93
0.0939608
0.360899
0.0630885
0.163948
86
0.714671
0.0417183
0.0800338
9
0.0954895
0.434285
0.0980762
0.326863
82
0.786191
0.0625574
0.0110918
34
0.0851474
0.466615
0.0443112
0.484262
36
0.933367
0.0816681
0.0784664
26
0.0160754
0.0170691
0.046494
0.200857
64
0.774623
0.0737384
0.0349985
28
0.0156998
0.288568
0.0641791
0.329478
17
0.898508
0.0700266
0.030244
82
0.0908434
0.407232
0.0568716
0.204968
2
0.739757
0.0583271
0.093922
86
0.0514971
0.356955
0.0554213
0.373325
32
0.725823
0.00441179
0.0786262
38
0.0931221
0.291959
0.0368725
0.147396
42
0.881129
0.00169291
0.0742114
51
0.0167118
0.401319
0.0895311
0.0860644
6
0.981094
0.0477364
0.010321
67
0.0763869
0.183413
0.0989559
0.374394
90
0.808459
0.0555367
0.0369296
77
0.0697701
0.421495
0.0409218
0.0634371
17
0.927503
0.0161115
0.0428985
53
0.0905306
0.163138
0.069703
0.232548
69
0.899774
0.0789401
0.0601798
65
0.0824699
0.25621
0.0131102
0.334282
19
0.845487
0.0581187
0.099313
59
0.0551614
0.0893422
0.0292308
0.185561
10
0.862469
0.0674682
0.087376
3
0.0316314
0.411636
0.0363768
0.4017
22
0.977656
0.0507601
0.00935772
51
0.0335739
0.471471
0.0305329
0.300415
79
0.840877
0.0757872
0.0558542
27
0.0531284
0.424448
0.0904162
0.393786
2
0.74384
0.0143843
0.0938375
86
0.0346779
0.431523
0.0994846
0.310338
3
0.937035
0.0556549
0.0515223
39
0.0742647
0.46508
0.0609567
0.12335
59
0.844169
0.022099
0.0149628
60
0.0592608
0.191379
0.0236562
0.430074
53
0.811426
0.0270303
0.0879117
77
0.0860339
0.193373
0.0228571
0.378114
64
0.722441
0.0105599
0.00561823
93
0.091122
0.188814
0.0264136
0.155162
39
0.780069
0.0915085
0.0122772
91
0.0368775
0.306318
0.0467873
0.434069
6
0.836424
0.00517373
0.0137817
81
0.0923515
0.493463
0.0366447
0.235516
24
0.715509
0.0394254
0.0054992
37
0.0966047
0.21681
0.0473767
0.0839308
57
0.97284
0.0482559
0.0449931
95
0.00292479
0.436445
0.0251754
0.0905204
68
0.843917
0.0929937
0.0413899
74
0.0273608
0.0589963
0.0691639
0.00377409
15
0.945346
0.0240556
0.0612525
62
0.0929958
0.331974
0.0643934
0.0608938
39
0.784178
0.00120571
0.071581
31
0.0959876
0.343139
0.0393936
0.319066
96
0.871516
0.0723694
0.0426822
86
0.0826836
0.0745028
0.0922606
0.149025
69
0.903671
0.0744637
0.0907732
72
0.0622948
0.255308
0.0563975
0.413995
43
0.779246
0.0325948
0.0988936
10
0.0613898
0.101453
0.0357208
0.312353
50
0.922169
0.049973
0.0243969
88
0.0794722
0.247674
0.0911229
0.0129136
17
0.877116
0.087898
0.0419695
95
0.0194795
0.269263
0.08259
0.403899
46
0.918331
0.0607793
0.0128451
56
0.0456106
0.312742
0.0466825
0.125298
13
0.959959
0.0640694
0.0736519
83
0.0343632
0.09468
0.0930729
0.0731828
12
0.85461
0.0450832
0.0630769
80
0.029483
0.3113
0.0582246
0.0821047
18
0.83788
0.0967574
0.0119768
18
0.081927
0.29053
0.0781094
0.124462
1
0.72714
0.0649642
0.0340344
3
0.0927901
0.23713
0.0681689
0.270482
63
0.939717
0.0248656
0.066797
37
0.075373
0.0309957
0.0213699
0.268551
81
0.959159
0.0621679
0.054475
76
0.0320559
0.368403
0.0776837
0.493875
81
0.941024
0.0110157
0.0904025
38
0.0594946
0.380315
0.0949111
0.0799757
36
0.750923
0.00222186
0.011631
9
0.0517927
0.0467921
0.0539309
0.295925
23
0.906692
0.00329619
0.0130593
21
0.0648375
0.482666
0.0988819
0.0063521
68
0.722848
0.0485716
0.0491224
81
0.0414419
0.197787
0.0836014
0.440076
97
0.917368
0.0307726
0.0502364
14
0.024662
0.024037
0.0199377
0.416242
46
0.965052
0.0598345
0.0384982
91
0.0100723
0.0874633
0.043408
0.134671
62
0.820425
0.0383832
0.0214567
56
0.0148878
0.0157029
0.0321429
0.281708
22
0.712584
0.0579608
0.0142094
22
0.0765783
0.0118526
0.0508573
0.328671
31
0.902595
0.038711
0.0572748
25
0.021225
0.433045
0.0122288
0.183599
23
0.988729
0.0919639
0.0133364
85
0.0837928
0.00690211
0.0961541
0.201494
44
0.793174
0.049263
0.0922263
20
0.0394992
0.369513
0.0486262
0.0281761
54
0.811986
0.0875975
0.0342958
30
0.0188321
0.402532
0.0914636
0.463509
65
0.752188
0.0174455
0.0917009
24
0.0378622
0.399752
0.0470926
0.483434
27
0.815152
0.0826901
0.0806172
58
0.00767405
0.391851
0.0769861
0.27278
90
0.877638
0.0945782
0.0458468
40
0.00184941
0.157501
0.0308196
0.468919
85
0.899023
0.0293607
0.0953928
55
0.0777681
0.382697
0.0242033
0.485097
95
0.761615
0.0206944
0.067878
1
0.0312155
0.215087
0.0544424
0.273963
99
0.851129
0.0540167
0.0200176
97
0.0412307
0.0030491
0.0562474
0.301096
14
0.736792
0.0746627
0.0662101
75
0.0509896
0.0194258
0.0450076
0.179088
38
0.965519
0.0219062
0.0334898
6
0.0406161
0.322915
0.0195106
0.116012
52
0.790909
0.0613551
0.0226439
16
0.0233046
0.316473
0.0559997
0.156673
26
0.963791
0.042878
0.085585
29
0.0276704
0.342419
0.043029
0.412307
58
0.778604
0.0609104
0.0243595
47
0.0285324
0.352203
0.0586946
0.214287
55
0.759443
0.0589852
0.0722004
45
0.0211909
0.137222
0.0212839
0.457084
94
0.919643
0.0345037
0.0262393
27
0.0725099
0.481405
0.0326486
0.180899
69
0.804162
0.0670804
0.0889778
99
0.0746916
0.45138
0.0344454
0.228161
40
0.858838
0.045784
0.0703568
40
0.0851698
0.0634563
0.0511492
0.00917265
20
0.758516
0.0889697
0.0709522
53
0.0667765
0.289731
0.0396216
0.144384
6
0.777082
0.0963648
0.0308659
80
0.0146022
0.19262
0.0880829
0.288765
23
0.96938
0.0421232
0.0928266
74
0.0181917
0.124927
0.0428396
0.43375
47
0.847915
0.0656717
0.0640586
98
0.0867843
0.0995698
0.0897866
0.446426
78
0.756434
0.0743564
0.0578541
40
0.0962937
0.4141
0.0418958
0.0770802
73
0.931526
0.058788
0.0361365
16
0.0256365
0.154984
0.0710132
0.186761
62
0.79061
0.00347091
0.0518713
13
0.0859396
0.267656
0.0827671
0.153375
39
0.909364
0.0562494
0.00223637
40
0.0810349
0.0363146
0.0587856
0.0725842
1
0.789454
0.0159535
0.0674515
75
0.0151602
0.0812076
0.0933603
0.234348
60
0.820053
0.0907119
0.018165
19
0.057513
0.0102316
0.0538311
0.303195
99
0.982491
0.0798584
0.0429768
76
0.0207268
0.0798758
0.0643159
0.455811
42
0.8319
0.0902499
0.00392852
71
0.0264985
0.17934
0.0454034
0.486245
75
0.845155
0.082789
0.0341882
30
0.054936
0.123862
0.0830013
0.0573276
71
0.887077
0.0658858
0.0583482
2
0.032774
0.153841
0.0269835
0.0760303
37
0.755059
0.0365289
0.0898682
32
0.0350766
0.44239
0.0524811
0.441086
87
0.870728
0.0694988
0.0392062
79
0.05667
0.483434
0.0186579
0.375047
24
0.880356
0.0227237
0.019224
63
0.0760311
0.33886
0.0500548
0.377062
9
0.735463
0.0337769
0.057629
98
0.0499419
0.0852441
0.0799831
0.3827
12
0.928253
0.0943758
0.00846597
23
0.0460912
0.496535
0.0421849
0.338424
71
0.846765
0.0335064
0.0205641
22
0.0731421
0.393975
0.078301
0.255163
81
0.789849
0.0288746
0.093254
70
0.00834518
0.396376
0.0815928
0.420565
68
0.940894
0.0356591
0.0877135
21
0.0669722
0.458883
0.0150141
0.417852
48
0.921468
0.052468
0.0152554
62
0.0968391
0.310387
0.0744743
0.0413041
70
0.75355
0.0232661
0.032992
93
0.0290731
0.196802
0.0426912
0.132069
25
0.840095
0.0879502
0.0865423
40
0.0684202
0.0339448
0.0459922
0.406946
97
0.813704
0.0518838
0.048452
88
0.0757173
0.0647485
0.0578585
0.244911
28
0.923077
0.0627249
0.0416193
77
0.048266
0.133862
0.0955158
0.492194
20
0.829633
0.00639292
0.0233379
96
0.0588104
0.392136
0.0876938
0.00512145
2
0.930672
0.00867119
0.0176709
85
0.0865724
0.198982
0.0436625
0.0542547
45
0.775574
0.0767823
0.086826
87
0.0562474
0.406139
0.0686051
0.206189
37
0.955485
0.051535
0.00961237
46
0.0970344
0.20963
0.092692
0.29952
10
0.914729
0.0261109
0.0531646
73
0.0870003
0.332287
0.0319082
0.0308976
15
0.96316
0.0466129
0.0136657
22
0.0953098
0.140654
0.0243839
0.0968706
28
0.960517
0.0446216
0.0672248
74
0.0806665
0.488804
0.0557049
0.242481
33
0.859304
0.078082
0.0702086
10
0.0179537
0.455096
0.0663232
0.491127
49
0.89426
0.044797
0.0699703
41
0.0507047
0.0184104
0.0701139
0.402676
51
0.884218
0.00704377
0.0756085
81
0.016274
0.281321
0.0440982
0.0166762
11
0.809432
0.00385446
0.0958171
90
0.0448434
0.213491
0.0757813
0.0217368
55
0.765354
0.0297793
0.073162
71
0.0300016
0.417389
0.0776049
0.0989538
76
0.835508
0.0741771
0.0306102
67
0.0679114
0.0135039
0.0323847
0.276731
76
0.728303
0.0635386
0.0438563
85
0.0903211
0.0215668
0.0373607
0.112606
34
0.962429
0.0454891
0.0623477
26
0.0363411
0.138326
0.0432826
0.0458475
48
0.761049
0.0047201
0.0651494
31
0.0463965
0.334729
0.024009
0.241318
95
0.792267
0.0408081
0.0574967
36
0.00332582
0.277484
0.0735865
0.289642
46
0.873038
0.00992011
0.0414198
89
0.0746102
0.282214
0.0651114
0.256489
95
0.952103
0.0472122
0.0850268
92
0.0475523
0.307332
0.0601609
0.29224
73
0.885234
0.0851917
0.0978027
94
0.0821473
0.231036
0.0899569
0.424593
32
0.703616
0.0213367
0.0991988
32
0.0935139
0.164739
0.0278279
0.101359
9
0.992596
0.0549735
0.0212989
23
0.0750533
0.0578759
0.0338421
0.109272
5
0.702392
0.097303
0.0187945
8
0.0433561
0.180847
0.0402889
0.010749
42
0.998507
0.0375025
0.0467047
65
0.0916717
0.195292
0.0594167
0.1527
41
0.977339
0.0739178
0.0862108
52
0.0222713
0.23131
0.0983362
0.198212
59
0.792048
0.0844053
0.0718174
54
0.0487773
0.329375
0.0493138
0.0432561
73
0.955058
0.0495352
0.0607889
99
0.0542387
0.165497
0.0712464
0.117785
60
0.771078
0.0494792
0.0814102
8
0.0874501
0.420553
0.011321
0.480216
6
0.769122
0.0456906
0.0782476
82
0.0589093
0.176001
0.0141565
0.0140702
55
0.919079
0.00613178
0.0561505
80
0.00915257
0.148482
0.0668591
0.166559
60
0.896871
0.0410012
0.0901928
78
0.040535
0.157061
0.0638478
0.209444
65
0.943316
0.056601
0.0203887
6
0.0133294
0.102891
0.0191268
0.414116
73
0.843259
0.0214016
0.0327875
65
0.0888353
0.229838
0.0748944
0.0991244
91
0.935833
0.0252607
0.00723332
73
0.0230817
0.359793
0.0585802
0.331086
89
0.920622
0.0301155
0.00493878
9
0.0662902
0.422858
0.0915651
0.473991
85
0.84197
0.0684699
0.0398479
66
0.0321202
0.0311432
0.0487713
0.336284
9
0.815687
0.081014
0.076592
43
0.090282
0.389187
0.0461206
0.453664
9
0.802283
0.0137195
0.049622
68
0.0793514
0.39883
0.0726046
0.00872848
37
0.813347
0.00944165
0.0793102
64
0.0191965
0.299066
0.0107657
0.207357
54
0.847233
0.0881427
0.0572007
15
0.012963
0.418248
0.0977242
0.103607
88
0.837445
0.00800716
0.0237728
57
0.0624595
0.146026
0.0337534
0.222492
64
0.707345
0.0992072
0.0691384
5
0.0270788
0.261949
0.069347
0.0801371
74
0.746818
0.0778437
0.0303099
10
0.00490567
0.428424
0.0853471
0.448925
11
0.905368
0.0464856
0.0666384
45
0.00658342
0.464433
0.0203784
0.0442735
61
0.827665
0.041431
0.0519065
32
0.00880745
0.477607
0.0457568
0.130457
16
0.978922
0.060586
0.0108266
4
0.0573081
0.378514
0.0505025
0.423128
44
0.749066
0.0438658
0.00531651
64
0.0671659
0.151198
0.0908834
0.126756
8
0.899209
0.0362626
0.0770462
87
0.0797818
0.000350726
0.0766862
0.470034
85
0.88414
0.0575931
0.0821014
73
0.0461573
0.313557
0.0406749
0.450221
94
0.74335
0.0292425
0.0155985
29
0.0571315
0.139439
0.032786
0.148699
32
0.737543
0.094665
0.05411
41
0.0523999
0.381607
0.0482488
0.110548
96
0.96829
0.00195544
0.0591846
69
0.00538222
0.177778
0.0287833
0.380872
87
0.823042
0.0698585
0.0967585
94
0.0998835
0.449185
0.0922421
0.000867467
54
0.861454
0.0984914
0.0943424
60
0.0105464
0.48449
0.0260048
0.432562
56
0.816893
0.0666382
0.0477382
78
0.0505707
0.2791
0.0576835
0.0243399
61
0.888544
0.0237128
0.098345
52
0.0693887
0.349393
0.0521322
0.43682
50
0.914648
0.00819878
0.0597262
4
0.0761894
0.469209
0.0541534
0.317056
64
0.726593
0.0190597
0.0975516
3
0.0547863
0.415766
0.060591
0.251119
48
0.879425
0.00495051
0.00317547
49
0.00710593
0.0262266
0.0316208
0.243775
51
0.909167
0.0752392
0.0234059
74
0.0664058
0.476463
0.0907778
0.387943
51
0.924749
0.0393121
0.00451293
20
0.0709287
0.0653681
0.0160889
0.0479497
5
0.856881
0.0686077
0.0278642
14
0.0132383
0.228991
0.0331288
0.174004
86
0.725268
0.0841169
0.0423038
23
0.0961203
0.20204
0.0256761
0.408132
99
0.876847
0.0405288
0.0182561
27
0.0170369
0.0445402
0.0272031
0.275692
28
0.797066
0.0182024
0.024928
83
0.0205691
0.327083
0.0620378
0.115857
49
0.979882
0.0867621
0.0437058
5
0.0812618
0.218693
0.022228
0.277602
29
0.851981
0.0451856
0.0905971
21
0.0881337
0.251165
0.0951189
0.247066
87
0.739026
0.0101427
0.0162846
79
0.0185194
0.355855
0.012643
0.35741
99
0.777692
0.0819537
0.0325457
4
0.0128098
0.108427
0.085623
0.142193
20
