0.940256
0.0206333
0.00987357
16
0.00542345
0.250274
0.0619413
0.449195
0.896393
0.075405
0.0746625
98
0.0092817
0.0332649
0.0509128
0.352583
0.962381
0.0772108
0.0545741
42
0.0450125
0.36956
0.0513308
0.0223325
0.756733
0.0525101
0.00133218
98
0.0692029
0.439876
0.0458698
0.412714
0.815902
0.0294876
0.0643297
89
0.0145255
0.0963701
0.0861453
0.1874
0.905603
0.0966441
0.0109258
76
0.0246147
0.49141
0.0686114
0.0967634
0.952428
0.0346437
0.0446396
93
0.0970087
0.452105
0.0845578
0.120133
0.86053
0.0350121
0.0495082
75
0.0497566
0.247646
0.0178321
0.313909
0.915259
0.0757968
0.0565014
19
0.0134327
0.0945297
0.0363639
0.169115
0.970589
0.0639584
0.0347704
96
0.0432007
0.40753
0.0984869
0.217132
0.772491
0.0393985
0.0248757
56
0.0759685
0.388093
0.0615112
0.280174
0.969495
0.0601262
0.0333115
70
0.0502252
0.000892045
0.0196885
0.336744
0.862982
0.095359
0.0864474
43
0.0970943
0.454802
0.023879
0.0190241
0.971349
0.0819594
0.0315195
99
0.0911661
0.435125
0.0345198
0.386872
0.847673
0.0729713
0.099691
64
0.0438962
0.450195
0.0435741
0.427
0.86404
0.0367082
0.0147759
4
0.0867649
0.00165539
0.0860612
0.0693268
0.972901
0.0123794
0.0995653
28
0.0266343
0.380025
0.0280657
0.148295
0.934047
0.0518451
0.0908373
74
0.0746503
0.070252
0.0382207
0.446
0.938154
0.0417061
0.0761782
56
0.0714031
0.346919
0.0139325
0.428307
0.876609
0.0813823
0.00109914
18
0.070726
0.188904
0.0254137
0.149943
0.894494
0.0720185
0.0978368
52
0.0188313
0.234703
0.0439017
0.397176
0.988368
0.0920104
0.0817548
61
0.0801476
0.0617395
0.0968842
0.278999
0.972393
0.0379936
0.0927686
75
0.0473696
0.384523
0.0768116
0.332309
0.802887
0.0155415
0.0497604
43
0.0160475
0.349921
0.0451573
0.170126
0.955654
0.0664745
0.0844823
10
0.00864071
0.399481
0.0490809
0.259413
0.711372
0.0846473
0.0318517
14
0.0923865
0.143221
0.0490328
0.208383
0.890428
0.0690621
0.0980312
25
0.0789666
0.239576
0.0712152
0.19521
0.924382
0.0457225
0.0941205
82
0.0715031
0.290112
0.0440782
0.317001
0.928016
0.0474038
0.0137311
85
0.0890392
0.468222
0.0737144
0.0880324
0.710276
0.0781227
0.0458879
89
0.00253294
0.233437
0.0448048
0.383832
0.788818
0.0581603
0.089961
2
0.0703628
0.285758
0.0602774
0.283774
0.882225
0.0578679
0.022684
4
0.0933651
0.235419
0.0131441
0.0436819
0.846361
0.0551419
0.0225632
87
0.0575006
0.266706
0.0832847
0.245174
0.764256
0.0371249
0.047271
23
0.0190477
0.163364
0.0990409
0.304339
0.934665
0.0976161
0.091717
97
0.0644232
0.180505
0.0715854
0.43077
0.953815
0.0730121
0.00533289
7
0.0697826
0.355014
0.0705331
0.419608
0.956197
0.0344542
0.0561568
92
0.0407908
0.157201
0.0697595
0.391506
0.899731
0.0361661
0.0400052
91
0.0618548
0.13708
0.057354
0.0744866
0.832513
0.0122776
0.0343895
53
0.0228075
0.118621
0.0771288
0.244733
0.8866
0.0950232
0.0154552
17
0.0512165
0.240501
0.0932478
0.0824414
0.718467
0.0855096
0.0702127
87
0.00893835
0.0550011
0.0563577
0.27352
0.895842
0.0387503
0.0552942
12
0.0917035
0.475031
0.0411489
0.499925
0.867484
0.0156495
0.0445389
80
0.0956201
0.466201
0.0180184
0.390455
0.719312
0.013437
0.0578178
34
0.0972905
0.471758
0.0677539
0.281415
0.879141
0.0222046
0.0818777
12
0.0834711
0.414157
0.0625098
0.393361
0.734257
0.0327786
0.00940507
46
0.0429819
0.419319
0.0476223
0.322101
0.911262
0.0223611
0.068142
70
0.0851162
0.4886
0.0547515
0.333863
0.707172
0.0873115
0.00796022
35
0.0149127
0.303139
0.0140006
0.06541
0.946127
0.0694607
0.0361052
21
0.019722
0.470088
0.0715593
0.274294
0.727793
0.0492983
0.0461149
29
0.0582411
0.344282
0.0556676
0.268552
0.75828
0.0699591
0.00349117
49
0.0773166
0.46309
0.0881207
0.190712
0.856665
0.0435551
0.0344897
66
0.0330781
0.221557
0.0191978
0.179756
0.862971
0.0421355
0.0292346
82
0.0398336
0.383988
0.0529717
0.0620704
0.74346
0.0927149
0.0796807
25
0.0281395
0.355731
0.0666418
0.482214
0.941917
0.0451387
0.0763855
13
0.00284099
0.0840144
0.0487979
0.319366
0.831497
0.0914178
0.0151239
86
0.0100879
0.0274729
0.0858321
0.28522
0.89677
0.0783445
0.0161513
33
0.0214573
0.467224
0.0160545
0.210778
0.84925
0.0965479
0.00162982
32
0.0238092
0.0310882
0.0223392
0.478194
0.770253
0.0406752
0.00499944
69
0.0169855
0.00435435
0.0336243
0.116045
0.84006
0.0292779
0.0234756
20
0.0991418
0.438636
0.0744935
0.0498871
0.798019
0.0761764
0.0243245
11
0.0647212
0.478913
0.0503457
0.369841
0.838756
0.0810651
0.0883912
47
0.0766589
0.338008
0.076238
0.356962
0.740407
0.0147447
0.0385778
19
0.0930114
0.192335
0.0957211
0.282877
0.91825
0.0166542
0.0390111
96
0.0252384
0.260527
0.0352563
0.132139
0.723506
0.0224328
0.0393711
61
0.0877027
0.460818
0.0753487
0.174119
0.942976
0.0672072
0.0312374
17
0.0599007
0.330828
0.0693987
0.218965
0.88479
0.0878581
0.0223465
74
0.0836851
0.125956
0.0863567
0.493956
0.851334
0.0398148
0.0057766
55
0.0323122
0.141818
0.0473427
0.0765817
0.859307
0.085679
0.0611701
95
0.00203925
0.426932
0.0298785
0.255145
0.712321
0.0836108
0.0467422
30
0.00356995
0.203233
0.0652151
0.0683588
0.755636
0.0356248
0.0910185
62
0.0724502
0.331879
0.0414737
0.119078
0.759711
0.0723604
0.0336048
83
0.0135543
0.00319252
0.0667514
0.474143
0.900872
0.0265666
0.0903615
34
0.0893261
0.182148
0.0877057
0.256398
0.715155
0.0735412
0.00656263
43
0.0683439
0.301084
0.0423089
0.447787
0.734938
0.0157853
0.0789466
21
0.023323
0.413109
0.0369921
0.27055
0.731125
0.0310621
0.073628
37
0.0742392
0.105545
0.0526937
0.158513
0.899315
0.0875143
0.0718352
77
0.09974
0.228967
0.0702989
0.0526282
0.707838
0.0589879
0.00254989
78
0.0934701
0.402864
0.0147494
0.117464
0.925842
0.0956898
0.0567925
60
0.0786744
0.347864
0.0316841
0.178047
0.858684
0.0240222
0.0959894
88
0.0248548
0.202233
0.013667
0.494737
0.853429
0.0219164
0.0824192
95
0.0547338
0.258875
0.0301784
0.324457
0.720604
0.0678484
0.0100121
96
0.0577793
0.314372
0.0966071
0.311307
0.978509
0.0821426
0.0350903
56
0.0458563
0.363101
0.0444679
0.19611
0.977277
0.034203
0.0992283
16
0.0817492
0.15257
0.0101792
0.0118644
0.96596
0.0613145
0.0261008
27
0.0735315
0.0725238
0.0655847
0.296134
0.716947
0.0313995
0.0958214
58
0.0758234
0.391572
0.0717477
0.445583
0.830082
0.0230292
0.0205479
64
0.0289109
0.373691
0.0143862
0.137251
0.725684
0.0413433
0.0302166
47
0.082614
0.154693
0.0649322
0.441768
0.80377
0.0285415
0.07236
76
0.00399339
0.062248
0.0739445
0.425131
0.865553
0.0458745
0.0191928
36
0.0335933
0.409405
0.0618017
0.0266114
0.978218
0.0500532
0.0409379
54
0.0817952
0.0996249
0.0226606
0.227656
0.728971
0.0804601
0.0830446
85
0.0540988
0.175233
0.0129089
0.305881
0.701614
0.0258917
0.089882
68
0.0931543
0.259167
0.0399657
0.472925
0.982057
0.0170487
0.0647292
60
0.0755449
0.223696
0.0379171
0.433901
0.743918
0.0195471
0.0266406
81
0.0654398
0.360507
0.0415296
0.371362
0.730271
0.0300135
0.00335167
33
0.017473
0.224312
0.0905904
0.0239763
0.938685
0.0644984
0.0810542
63
0.0385783
0.472382
0.082595
0.172334
0.93511
0.017822
0.00279249
57
0.0503084
0.417822
0.029615
0.366159
0.96785
0.047016
0.0991114
10
0.0986616
0.295732
0.0269842
0.181004
0.817684
0.0513275
0.045128
18
0.0483738
0.404858
0.0899059
0.349021
0.72009
0.0143712
0.0651404
72
0.048197
0.142534
0.0165019
0.140523
0.981303
0.0593257
0.00442621
10
0.0731504
0.141041
0.0593818
0.22948
0.835972
0.0976693
0.0624915
43
0.0580244
0.0238475
0.059098
0.32622
0.852339
0.0190096
0.00275982
90
0.0386908
0.248884
0.0584347
0.314082
0.88916
0.0352338
0.0111018
62
0.0441422
0.05352
0.0773593
0.182183
0.888209
0.0559277
0.0433066
48
0.0656797
0.26944
0.0720123
0.115423
0.903734
0.0104753
0.0324205
31
0.00729401
0.27857
0.0127112
0.0440949
0.805896
0.0948886
0.0866673
41
0.0443198
0.497685
0.0500825
0.376842
0.871631
0.089046
0.0743497
4
0.0596956
0.181492
0.0457686
0.156875
0.844824
0.0733997
0.00894684
72
0.0177222
0.139897
0.0931505
0.48604
0.911889
0.0568687
0.0187771
30
0.0521498
0.0512497
0.0687441
0.372554
0.745088
0.078027
0.0583338
24
0.095106
0.103024
0.0515026
0.0135899
0.812305
0.0439258
0.0167096
69
0.0346586
0.358379
0.0900307
0.312844
0.901313
0.0408182
0.00378504
67
0.0790868
0.484134
0.0870994
0.479931
0.960149
0.0866349
0.05818
13
0.0783493
0.0444987
0.0108995
0.235972
0.791179
0.077704
0.0273619
77
0.0184508
0.0146422
0.058313
0.125355
0.850337
0.0468377
0.0179289
28
0.056887
0.0523934
0.0611788
0.0185366
0.765219
0.0876875
0.0607668
22
0.0886454
0.298646
0.0393236
0.055784
0.727148
0.0269831
0.0390788
24
0.0048981
0.131324
0.0948284
0.45664
0.722024
0.0499217
0.00725577
6
0.00156528
0.481097
0.0373874
0.360202
0.918727
0.0378449
0.0615427
65
0.0270233
0.216844
0.0727602
0.385591
0.765671
0.0464527
0.0599423
61
0.0544005
0.0257302
0.040859
0.204561
0.783622
0.0322616
0.0547597
69
0.0777537
0.108089
0.0395515
0.0983843
0.894008
0.0402444
0.0523947
36
0.0958947
0.0862929
0.0853711
0.0701202
0.711609
0.0195219
0.0277113
98
0.0321617
0.0323655
0.0516337
0.145831
0.824884
0.0933483
0.00299027
51
0.0460732
0.430794
0.0537238
0.440312
0.777282
0.0433424
0.0653493
48
0.0234586
0.493705
0.0766158
0.431323
0.848264
0.0770567
0.0845738
64
0.00685733
0.243388
0.0359742
0.0471787
0.776115
0.0762771
0.0752751
86
0.00438504
0.03562
0.055997
0.0277486
0.973412
0.0617794
0.0195439
95
0.0780973
0.304516
0.0896726
0.0861364
0.904542
0.0990172
0.0339194
100
0.0179693
0.0365867
0.0935726
0.451282
0.941181
0.0455407
0.0218593
60
0.099997
0.395954
0.0947382
0.35504
0.749201
0.0908306
0.0214143
35
0.0536377
0.342704
0.052349
0.258801
0.975893
0.0968464
0.0727619
47
0.0376258
0.387739
0.0331986
0.292781
0.814797
0.084232
0.00461109
51
0.0434201
0.164748
0.0565897
0.185923
0.8733
0.0969657
0.0688467
73
0.0264985
0.211052
0.09769
0.0463505
0.881709
0.0564012
0.00548931
72
0.0236021
0.17688
0.0960682
0.0332468
0.947009
0.0632053
0.0860335
60
0.0377315
0.325321
0.0150397
0.452845
0.914216
0.09221
0.0166398
90
0.023167
0.136038
0.0519254
0.220573
0.982612
0.0467149
0.0690893
78
0.0414241
0.00733336
0.0461798
0.350116
0.813534
0.0391219
0.0587312
35
0.0852703
0.105049
0.0157192
0.105413
0.843041
0.0527997
0.0415628
97
0.050931
0.315088
0.0880021
0.464527
0.965437
0.0910054
0.0309198
79
0.0273883
0.0287454
0.0664331
0.247618
0.746025
0.0522624
0.00912437
16
0.0957323
0.226649
0.0937886
0.0592894
0.706745
0.0625951
0.0289246
66
0.025583
0.30287
0.0211133
0.0854312
0.710522
0.0788312
0.0634395
62
0.0884287
0.390825
0.0540977
0.123313
0.737275
0.0959973
0.0590401
56
0.0838443
0.184006
0.0554313
0.279999
0.841117
0.0775152
0.0380264
3
0.0630871
0.197762
0.0407061
0.380248
0.979339
0.0676262
0.0974077
84
0.0779081
0.2064
0.0249994
0.164317
0.811289
0.0892384
0.0730536
9
0.0570488
0.148021
0.0510939
0.241772
0.753741
0.0947123
0.0804378
54
0.0820308
0.14705
0.0467836
0.253755
0.914011
0.0232045
0.0620334
5
0.0803175
0.297623
0.0373338
0.411394
0.933496
0.0401038
0.0365227
94
0.0846015
0.220423
0.0599725
0.320722
0.974757
0.0268699
0.0243897
94
0.00848336
0.241781
0.0541906
0.310032
0.825994
0.0811697
0.0873234
62
0.0769082
0.0847321
0.0866626
0.28417
0.718915
0.0496078
0.0135616
8
0.0907609
0.128307
0.07813
0.341713
0.823673
0.0108028
0.0725611
50
0.0808684
0.17969
0.0258751
0.257018
0.732102
0.0912578
0.0554999
83
0.0580095
0.156692
0.0225611
0.222338
0.915998
0.0908188
0.0930846
23
0.0447866
0.46231
0.0809814
0.426194
0.827387
0.0675446
0.0499689
37
0.0172056
0.145103
0.0951071
0.0933534
0.81831
0.0110811
0.021054
78
0.0384011
0.343869
0.0561629
0.232411
0.838523
0.0898503
0.0999908
19
0.0901215
0.487647
0.0215878
0.029852
0.979966
0.0786748
0.0656221
12
0.0295148
0.0987403
0.0903599
0.301819
0.796933
0.0484956
0.0510734
6
0.0628477
0.200624
0.01518
0.351989
0.826483
0.0870149
0.0124182
78
0.0995969
0.0229683
0.0959741
0.194305
0.819188
0.0273313
0.0440877
90
0.0728925
0.324773
0.0508422
0.139529
0.886086
0.0461056
0.0889191
31
0.0401982
0.272169
0.0135806
0.199603
0.922132
0.0472573
0.0683981
52
0.0797443
0.424
0.0922679
0.163765
0.775034
0.0339149
0.0975521
53
0.0307815
0.499985
0.059806
0.308133
0.757948
0.0992121
0.0496064
52
0.0361261
0.341415
0.0875471
0.0217411
0.791908
0.0142338
0.0405266
8
0.00135813
0.0890501
0.0431211
0.216885
0.812541
0.0945205
0.0597032
59
0.0686938
0.366171
0.062849
0.0728317
0.875105
0.0558362
0.0258267
49
0.0239939
0.175003
0.0327876
0.142504
0.706077
0.0503969
0.0426101
33
0.018711
0.126584
0.029056
0.315014
0.883702
0.050987
0.0838416
38
0.0650231
0.444661
0.0167563
0.373576
0.72963
0.0806766
0.0238803
83
0.0139722
0.322399
0.0550051
0.166067
0.773882
0.0288993
0.0739946
43
0.00662425
0.393755
0.0884964
0.0502028
0.754775
0.0477128
0.0466355
20
0.0505661
0.0601923
0.0391277
0.496121
0.909123
0.0605057
0.0803022
56
0.032945
0.371019
0.0281959
0.414226
0.839592
0.0324766
0.0122167
93
0.0690096
0.447893
0.0361102
0.0256148
0.786981
0.0363908
0.0857512
91
0.0752979
0.0697515
0.0887969
0.260498
0.738498
0.0289655
0.0626887
24
0.0740324
0.0776289
0.0203615
0.176461
0.714011
0.0941463
0.0375934
50
0.0513115
0.26334
0.0543307
0.448681
0.944311
0.098621
0.0327609
7
0.0617345
0.268282
0.0338388
0.416305
0.87218
0.0131218
0.0245975
28
0.0397565
0.113889
0.0840234
0.0833524
0.989712
0.0328879
0.088906
79
0.0193893
0.291672
0.0994485
0.2526
0.777808
0.0530066
0.0087181
78
0.0273012
0.00612096
0.0894748
0.272648
0.903338
0.0431015
0.0455217
89
0.0848087
0.193817
0.0604429
0.0343396
0.845391
0.0186559
0.0484671
63
0.0549963
0.0813021
0.0113437
0.10324
0.92855
0.0448552
0.0913638
42
0.0107009
0.418188
0.0723391
0.0510135
0.935656
0.0212428
0.01142
94
0.0464861
0.406405
0.0342787
0.370392
0.869583
0.0184546
0.0407117
44
0.0604353
0.482097
0.0836661
0.382098
0.969703
0.0199331
0.0133431
23
0.0568316
0.00968412
0.0502449
0.413714
0.927161
0.0262471
0.00788558
25
0.0695955
0.110223
0.0482568
0.498394
0.778725
0.0428575
0.0574022
92
0.0878411
0.211528
0.0315489
0.248305
0.822177
0.0797644
0.068695
27
0.0351709
0.0479053
0.0470025
0.442358
0.948841
0.0164081
0.0410375
56
0.0453138
0.368878
0.0586516
0.362906
0.762311
0.0998458
0.0477405
3
0.0163779
0.311965
0.089203
0.031781
0.937318
0.0863726
0.0329829
64
0.0204242
0.236548
0.0387393
0.168493
0.729305
0.0651541
0.0988812
73
0.0891711
0.00227675
0.0411154
0.491377
0.713806
0.0334203
0.0387183
72
0.0950081
0.469824
0.0268744
0.19154
0.871067
0.0486161
0.0108491
61
0.0914752
0.0926008
0.0976479
0.0010014
0.94728
0.0423143
0.0212555
17
0.0607962
0.0112269
0.0969882
0.271902
0.869178
0.0242545
0.0861892
20
0.0561716
0.0432127
0.0570523
0.129635
0.957173
0.0575902
0.0534265
42
0.0909252
0.255052
0.0722472
0.483184
0.739301
0.0696002
0.0481575
1
0.0881475
0.107715
0.0286544
0.453509
0.920238
0.0100959
0.061616
69
0.028092
0.149594
0.0699249
0.475407
0.829056
0.0488052
0.0882652
50
0.0810583
0.455813
0.0620209
0.177645
0.837807
0.0752106
0.0230182
26
0.0435717
0.477198
0.0455586
0.450395
0.708672
0.0591954
0.0170616
87
0.00809777
0.0461138
0.0199727
0.398697
0.740908
0.0658562
0.0630136
44
0.0532267
0.408193
0.0730268
0.160626
0.809216
0.0137457
0.00675161
14
0.0793468
0.168885
0.0793037
0.114327
0.92124
0.0718689
0.010208
67
0.046659
0.400322
0.0577394
0.408145
0.833164
0.0609965
0.0639093
57
0.0665597
0.483412
0.0839533
0.47625
0.971799
0.0709278
0.0948306
100
0.0142842
0.055368
0.0354541
0.104163
0.980721
0.0800225
0.00625272
99
0.0491609
0.133422
0.0952108
0.262915
0.834242
0.0918134
0.0541757
31
0.0411449
0.162173
0.0834928
0.150957
0.74865
0.0197954
0.0926685
81
0.0594726
0.249296
0.0786967
0.0380376
0.808899
0.0791181
0.0491079
89
0.0919318
0.394644
0.0596357
0.1217
0.793133
0.0642262
0.0640279
22
0.0762842
0.411193
0.0546105
0.0604532
0.922842
0.0415024
0.084817
84
0.0843544
0.458131
0.0232061
0.264937
0.855838
0.0514014
0.0705847
83
0.0126827
0.311031
0.0710378
0.367515
0.82773
0.0432719
0.0659489
11
0.0254242
0.396631
0.0271456
0.265238
0.703015
0.04533
0.0771706
31
0.0456908
0.375192
0.0492997
0.466005
0.96051
0.0298524
0.0298536
15
0.0718814
0.338422
0.0206681
0.221677
0.752755
0.0204001
0.0168989
33
0.0101457
0.0746065
0.0494546
0.316128
0.915121
0.0553099
0.0492525
6
0.0372391
0.47425
0.0260445
0.0781053
0.923575
0.0821866
0.0178147
6
0.0314955
0.495767
0.0868265
0.0328534
0.798051
0.0506411
0.019304
74
0.042821
0.244859
0.0942854
0.394017
0.86827
0.0113084
0.0055777
25
0.0611696
0.238787
0.0153043
0.243392
0.799762
0.0996584
0.0196764
97
0.0675483
0.378026
0.0663325
0.24035
0.932922
0.0956429
0.0559406
50
0.0751419
0.209517
0.074684
0.29098
0.737034
0.0304085
0.0549077
48
0.0379561
0.293707
0.0340038
0.200487
0.821156
0.0180158
0.0842436
93
0.0856874
0.422868
0.0638614
0.0914855
0.786221
0.0350513
0.0967695
13
0.0887795
0.0506476
0.0111807
0.250416
0.889869
0.0565947
0.0207936
49
0.0986064
0.169929
0.0792312
0.36878
0.790521
0.0851365
0.0153763
8
0.0468658
0.420839
0.0324897
0.266881
0.917374
0.0549891
0.0368411
62
0.0392869
0.120723
0.0104135
0.0662892
0.744245
0.0585833
0.00412597
20
0.019812
0.196015
0.0927622
0.0970814
0.885306
0.0347296
0.0531425
59
0.0259424
0.401194
0.0252909
0.485509
0.941321
0.047858
0.0648389
51
0.0943486
0.287994
0.0924634
0.40357
0.936916
0.0475101
0.0120386
24
0.0409306
0.213136
0.0426744
0.388303
0.906992
0.0848961
0.0272906
71
0.0586058
0.122508
0.0358147
0.249923
0.881248
0.0236986
0.0878883
73
0.097715
0.0402366
0.0549304
0.0459231
0.72788
0.0867653
0.0936496
35
0.017293
0.100097
0.0538728
0.211972
0.89136
0.0282948
0.0253596
28
0.0603244
0.0346295
0.0157775
0.461626
0.874172
0.0698183
0.04134
41
0.052554
0.112258
0.0133507
0.238994
0.955011
0.0796092
0.0529929
39
0.0109531
0.286453
0.0306274
0.230258
0.778953
0.0871848
0.0961902
14
0.074811
0.103535
0.0645104
0.109272
0.943879
0.0109974
0.0372896
63
0.0294539
0.265292
0.0610542
0.353217
0.821265
0.0929996
0.070977
82
0.0566177
0.0649104
0.090851
0.288237
0.757237
0.0254809
0.0829058
8
0.0122064
0.0204149
0.0535033
0.277251
0.968721
0.0983042
0.0106663
35
0.00831756
0.348782
0.0804327
0.239998
0.825471
0.037477
0.00704923
53
0.0470147
0.196628
0.0274173
0.32949
0.893615
0.0321266
0.0479686
2
0.0314579
0.35396
0.0775811
0.207022
0.738013
0.0120225
0.081249
55
0.042556
0.451818
0.0581576
0.224545
0.820541
0.0488979
0.0744686
66
0.0405918
0.232867
0.0219204
0.00355867
0.789945
0.0376515
0.0662708
40
0.0766252
0.332627
0.0878406
0.420601
0.8053
0.0884754
0.098513
74
0.042314
0.448995
0.0292748
0.00660912
0.796796
0.0889368
0.0658405
91
0.0710174
0.187856
0.0817791
0.152643
0.860827
0.0882867
0.0695548
17
0.0898841
0.133068
0.032554
0.434894
0.922551
0.0523228
0.0672394
48
0.0366066
0.340564
0.0606913
0.396989
0.717698
0.0106691
0.00747978
31
0.0964672
0.229098
0.0445858
0.375176
0.936575
0.0216704
0.0452963
97
0.0203661
0.398201
0.0462346
0.331673
0.745611
0.099561
0.0538206
65
0.0390413
0.274066
0.0162956
0.0902829
0.776899
0.0447185
0.0138927
3
0.0866216
0.273479
0.0424497
0.0366883
0.984305
0.0537457
0.0938325
7
0.0945829
0.494491
0.043017
0.130939
0.954104
0.014939
0.0919651
58
0.0209288
0.440549
0.0916401
0.488997
0.733905
0.0935711
0.0850109
97
0.0600451
0.328903
0.093354
0.387222
0.775571
0.0253916
0.055162
61
0.0784743
0.321108
0.0479716
0.334722
0.781243
0.0517274
0.0964489
67
0.0615129
0.155139
0.0309738
0.213961
0.704506
0.0634749
0.0128293
36
0.0556189
0.372942
0.0869437
0.303049
0.783243
0.0463377
0.0787934
21
0.0711557
0.308306
0.0305001
0.223465
0.851777
0.0825993
0.0235971
17
0.00710903
0.205171
0.0972472
0.127817
0.897288
0.093709
0.03776
8
0.0276806
0.0213167
0.0486268
0.215566
0.951899
0.0595481
0.0734632
90
0.0824334
0.28345
0.0191079
0.167596
0.966753
0.0186326
0.0612708
63
0.0310293
0.0587457
0.0188539
0.189441
0.926375
0.0673109
0.0768654
6
0.0573502
0.0598052
0.0854685
0.0404459
0.823325
0.0247761
0.0117195
10
0.0334092
0.0759307
0.032987
0.490686
0.807119
0.0331892
0.0423166
37
0.0490108
0.473127
0.0914431
0.439964
0.886863
0.0648216
0.0691306
38
0.00579514
0.0130741
0.0911789
0.131845
0.715723
0.0603484
0.0945856
89
0.0689085
0.288193
0.0109875
0.233877
0.980469
0.0897151
0.0869521
59
0.0680377
0.44157
0.0643463
0.46336
0.804608
0.0117448
0.010418
22
0.0220509
0.091154
0.0213633
0.344622
0.875688
0.0722333
0.0367522
91
0.00473793
0.392184
0.0193665
0.374787
0.724227
0.0816462
0.0971694
58
0.0151379
0.019839
0.0483944
0.46038
0.855369
0.068129
0.0654166
65
0.0670294
0.49677
0.0762564
0.144834
0.731836
0.0655207
0.0270969
40
0.0622581
0.427333
0.0385841
0.300402
0.878219
0.0308257
0.0678613
23
0.0353514
0.38218
0.0733638
0.157991
0.984978
0.0510819
0.0199571
19
0.0200801
0.204612
0.0681871
0.34644
0.97397
0.044968
0.0255723
96
0.0260202
0.279719
0.0654076
0.0615111
0.88857
0.0247472
0.0833554
30
0.0906059
0.456522
0.0683606
0.335648
0.795819
0.0205521
0.077875
60
0.0557181
0.313905
0.0174676
0.186928
0.750013
0.0317151
0.0951866
90
0.0520139
0.144629
0.0681077
0.457489
0.963497
0.0227733
0.0635797
4
0.0869865
0.254044
0.0120147
0.0201673
0.86193
0.0861556
0.0785491
71
0.00977706
0.0376511
0.0521489
0.159312
0.700487
0.0740311
0.0707799
37
0.0652351
0.312344
0.0953542
0.364771
0.958814
0.0803348
0.0203882
63
0.0182366
0.365903
0.085769
0.231502
0.766229
0.0746505
0.0720617
46
0.0678718
0.177982
0.0558355
0.424011
0.773042
0.0688466
0.0436819
76
0.0522843
0.367275
0.0278766
0.469157
0.735943
0.0744345
0.0251683
70
0.0643462
0.412973
0.0985618
0.226675
0.78239
0.0713006
0.0693942
86
0.0742772
0.352993
0.080301
0.405918
0.984117
0.0297642
0.0976353
76
0.0720836
0.457719
0.0256121
0.193869
0.801605
0.0535948
0.0516391
84
0.00615121
0.44519
0.0405013
0.143103
0.907423
0.0139382
0.031925
60
0.087996
0.0732293
0.0350548
0.106167
0.761852
0.0684114
0.0421334
39
0.0454535
0.318039
0.0551906
0.234323
0.733072
0.0853323
0.0576001
75
0.0641394
0.280704
0.028802
0.454295
0.792695
0.062763
0.0777162
82
0.032848
0.0174146
0.0983721
0.275381
0.961588
0.0534246
0.0398055
22
0.0227594
0.0795919
0.091216
0.378926
0.909627
0.0701662
0.0766608
80
0.0706906
0.00542134
0.0917614
0.0736586
0.898423
0.0169964
0.0799521
39
0.0620802
0.201829
0.0277753
0.175168
0.98342
0.0544981
0.00834235
51
0.0719699
0.42199
0.0248416
0.28692
0.964328
0.0250878
0.018457
71
0.0815103
0.498984
0.09882
0.299685
0.892341
0.0305213
0.0286004
34
0.0141181
0.115906
0.094129
0.0778371
0.988193
0.0824571
0.0644171
65
0.0117743
0.185771
0.0275646
0.302587
0.816568
0.0938838
0.0304082
64
0.0938782
0.170386
0.0453071
0.039674
0.919742
0.071084
0.0526955
18
0.0648166
0.476305
0.011569
0.0759266
0.818707
0.0571361
0.0535391
72
0.036751
0.306069
0.0748238
0.236615
0.846847
0.0974799
0.0664434
1
0.097904
0.0181563
0.0105764
0.107745
0.930713
0.0571855
0.0585272
68
0.035551
0.376697
0.090687
0.269876
0.747076
0.0173445
0.0618711
45
0.0051066
0.225266
0.0805763
0.321562
0.801264
0.0924388
0.0821713
100
0.0588219
0.326979
0.079697
0.180589
0.948622
0.0899997
0.0183394
5
0.0928172
0.031537
0.0321298
0.0488462
0.742014
0.0740884
0.0943737
58
0.0224276
0.433638
0.0889615
0.0921801
0.700809
0.0765526
0.0782667
92
0.0953186
0.33651
0.063117
0.400017
0.768102
0.0419941
0.0666673
11
0.0344282
0.0674039
0.0991544
0.465164
0.902962
0.0623775
0.00187643
71
0.086516
0.166328
0.0601462
0.183232
0.721166
0.0861298
0.0173074
23
0.0661285
0.25489
0.0398424
0.459947
0.828558
0.0971793
0.0520699
46
0.0120247
0.0430692
0.0284202
0.0309785
0.830817
0.0125829
0.0868542
84
0.0116146
0.442051
0.0883968
0.354492
0.814163
0.0905558
0.0141858
27
0.0267788
0.114646
0.0241344
0.0241558
0.912703
0.0756532
0.00965601
13
0.0560173
0.136887
0.0506353
0.443027
0.957703
0.0793791
0.0208981
21
0.0544903
0.1614
0.0626332
0.0813081
0.806402
0.0554908
0.0438326
54
0.0858046
0.0165039
0.0322019
0.295717
0.831726
0.0931823
0.0144607
77
0.0592412
0.111716
0.0758953
0.0991221
0.854431
0.0503063
0.0713732
15
0.0946635
0.0827511
0.0613035
0.297526
0.84595
0.0482932
0.0755546
94
0.0673749
0.307357
0.0236471
0.343426
0.84064
0.0210536
0.082287
7
0.0153885
0.31662
0.0102932
0.477143
0.769546
0.0395801
0.0852805
70
0.0244138
0.386689
0.0402627
0.26106
0.822524
0.0141376
0.0815218
87
0.0726591
0.362959
0.0567568
0.162157
0.749492
0.0174364
0.0434744
46
0.0968184
0.0489312
0.0801124
0.135302
0.835632
0.0833614
0.00611764
95
0.0807359
0.389039
0.0419176
0.197372
0.939886
0.0624244
0.0963429
41
0.0421462
0.256255
0.0428227
0.361907
0.788021
0.0612232
0.0580185
9
0.0812218
0.261084
0.0795189
0.409672
0.927829
0.0228655
0.0325799
36
0.0983667
0.334978
0.0201681
0.124053
0.939319
0.0619957
0.0378473
86
0.0446945
0.148881
0.0227837
0.17363
0.887469
0.0532525
0.0371385
44
0.0591319
0.165878
0.0738611
0.276694
0.872378
0.0650441
0.0589453
45
0.0993399
0.486216
0.0827362
0.455856
0.91323
0.0424445
0.0740895
36
0.0941381
0.385164
0.0433985
0.337152
0.802175
0.0325497
0.0357924
45
0.0638101
0.0456138
0.0820663
0.041505
0.910441
0.0917152
0.0216492
36
0.0551792
0.134779
0.0187709
0.11258
0.764558
0.0838459
0.0857328
2
0.046279
0.465073
0.0146196
0.0576011
0.824526
0.0547621
0.0428248
70
0.00107576
0.424724
0.0401313
0.00226829
0.962962
0.0837772
0.0465114
42
0.0700334
0.243046
0.0470848
0.0156687
0.754438
0.0369103
0.014503
33
0.00523596
0.219685
0.0526339
0.118417
0.747815
0.0118799
0.0250464
32
0.0182017
0.436702
0.0678916
0.0848434
0.725457
0.0586206
0.0875072
34
0.0795832
0.245459
0.0117881
0.134085
0.910769
0.084868
0.0400899
69
0.0975919
0.333659
0.081327
0.0122359
0.950923
0.0827973
0.0892987
45
0.0472039
0.10638
0.0902503
0.0379487
0.858094
0.0692322
0.0879969
18
0.0528628
0.262643
0.0172844
0.188914
0.864829
0.0879715
0.0116531
77
0.0921376
0.264466
0.0263271
0.151427
0.834755
0.0102623
0.0594958
27
0.0937271
0.159924
0.0171709
0.422114
0.774675
0.0984689
0.0132089
12
0.062654
0.217482
0.0185873
0.203821
0.893045
0.0962286
0.0756807
82
0.0963478
0.15038
0.0694505
0.219799
0.961322
0.0399128
0.0296201
44
0.0823716
0.431559
0.0742851
0.122563
0.85739
0.0234876
0.0758995
14
0.0701668
0.0936738
0.0728922
0.133866
0.866436
0.0437931
0.0795358
40
0.010421
0.490404
0.0264209
0.389504
0.732517
0.0208831
0.0699335
19
0.0418155
0.47929
0.0246023
0.379109
0.976169
0.0706433
0.0703001
86
0.0339759
0.309595
0.0955778
0.000641597
0.714733
0.0748066
0.0939183
52
0.0537335
0.0250702
0.0123509
0.146526
0.751243
0.084457
0.0854894
58
0.0125973
0.296951
0.0818834
0.435645
0.931677
0.0895227
0.00766027
4
0.0285316
0.0767515
0.0267179
0.294644
0.760274
0.0980186
0.00641707
94
0.0564333
0.267961
0.0995117
0.481589
0.763383
0.0391918
0.0826228
18
0.0637517
0.464535
0.0496791
0.345266
0.94524
0.0902024
0.0569621
74
0.0760703
0.172675
0.0388262
0.0647579
0.924514
0.0332601
0.052204
42
0.00421794
0.446959
0.0640414
0.495049
0.793818
0.0371832
0.0201605
86
0.0804526
0.327683
0.0576437
0.467345
0.841933
0.0539402
0.0349729
51
0.0210709
0.184234
0.0347203
0.287567
0.71284
0.0492312
0.0809027
99
0.0737647
0.101906
0.0848997
0.327591
0.985747
0.0807455
0.00224877
81
0.0444693
0.434777
0.0965451
0.289721
0.741203
0.0129568
0.0902255
39
0.0673293
0.19851
0.0634284
0.102927
0.842206
0.0388836
0.0955372
16
0.0507557
0.351762
0.0873256
0.436819
0.705541
0.0132491
0.048708
3
0.0300871
0.138674
0.0376267
0.330276
0.833948
0.0657803
0.0322662
81
0.00302699
0.299186
0.0125612
0.492522
0.883941
0.0665829
0.0263188
75
0.0157462
0.0101089
0.058889
0.214204
0.964631
0.08147
0.0748764
85
0.0487198
0.0574766
0.0175655
0.401089
0.848904
0.0566781
0.030846
14
0.0262491
0.0669901
0.0234158
0.111975
0.787371
0.0314518
0.0609065
29
0.0540425
0.191205
0.0181468
0.438152
0.877574
0.0774066
0.0633235
49
0.0895383
0.0418645
0.0442811
0.0585326
0.761411
0.0682013
0.0284984
95
0.0479911
0.0265707
0.057943
0.110173
0.799105
0.0160168
0.0526352
92
0.00767431
0.271731
0.025739
0.363511
0.771781
0.0653679
0.0562684
82
0.0131623
0.127933
0.0221497
0.470309
0.852689
0.0960987
0.00431644
41
0.0961145
0.0399408
0.0672531
0.342184
0.726304
0.0583676
0.0628733
76
0.0167515
0.361173
0.0980313
0.404665
0.762999
0.0182341
0.0383362
55
0.0413017
0.323288
0.0163171
0.358631
0.879506
0.0480946
0.034098
45
0.0606695
0.119436
0.0121677
0.429891
0.709231
0.0218014
0.0455566
99
0.0320463
0.292314
0.0843229
0.291735
0.83708
0.0340382
0.0462345
39
0.0338207
0.428258
0.0591754
0.101504
0.804295
0.0151937
0.0299353
34
0.00875652
0.335104
0.084794
0.0879935
0.794632
0.0615643
0.0737357
88
0.0341533
0.359114
0.0169408
0.309429
0.950431
0.0245659
0.0442763
54
0.0624421
0.453047
0.0752235
0.384259
0.755911
0.0733066
0.0517102
53
0.0663148
0.0877975
0.0476001
0.161452
0.76686
0.0336615
0.0544481
17
0.0303405
0.167562
0.036608
0.468804
0.900267
0.027257
0.0431245
29
0.0427068
0.0899496
0.0356428
0.381042
0.768538
0.0127926
0.0906793
25
0.0613886
0.305891
0.0350156
0.293895
0.949549
0.0925253
0.00883541
26
0.0318131
0.117856
0.053154
0.0561501
0.76966
0.0858271
0.0470473
16
0.0980377
0.381592
0.0307092
0.339877
0.951625
0.0903783
0.051336
11
0.0128828
0.158997
0.0791144
0.406746
0.856074
0.0310401
0.0228102
49
0.0165585
0.0561548
0.0394449
0.14122
0.987282
0.023665
0.0679895
29
0.0107156
0.0491731
0.030028
0.497742
0.891927
0.0829037
0.0840467
65
0.0925059
0.0657837
0.0183833
0.489896
0.724592
0.0689623
0.0800624
55
0.0218997
0.178182
0.0211673
0.0633066
0.905991
0.0766004
0.0605244
27
0.0843696
0.377134
0.0788026
0.24297
0.986899
0.026133
0.0402335
73
0.00322142
0.437162
0.0438018
0.209037
0.72221
0.0214483
0.0418784
84
0.0416399
0.153812
0.0571705
0.487739
0.808188
0.0596863
0.0886321
92
0.0833206
0.23153
0.0785706
0.0549898
0.925098
0.0580567
0.00372919
93
0.0223021
0.294964
0.0197521
0.34775
0.709649
0.0382412
0.0416634
15
0.0667823
0.218908
0.0141542
0.267552
0.788214
0.0606281
0.0716376
47
0.0123715
0.00845308
0.0449329
0.30643
0.767603
0.0265148
0.0282114
2
0.0381801
0.21447
0.068869
0.0160838
0.864332
0.036033
0.0764936
88
0.0017795
0.199446
0.024453
0.20699
0.866993
0.0365531
0.0570748
30
0.0389651
0.013732
0.0344607
0.15352
0.829903
0.067029
0.0269064
58
0.0517533
0.374246
0.0647417
0.365628
0.758705
0.0707803
0.0954154
80
0.00652258
0.276886
0.0154609
0.359233
0.79399
0.0632909
0.0233016
88
0.00939394
0.356246
0.0783486
0.298269
0.948133
0.0555951
0.0163559
32
0.0500627
0.122052
0.0647194
0.128437
0.723067
0.05878
0.071167
67
0.0827905
0.246445
0.082455
0.0807242
0.782331
0.0994155
0.0983906
79
0.0155846
0.321017
0.0637546
0.00898568
0.810535
0.0928903
0.0425274
30
0.0359761
0.339777
0.073274
0.0094972
0.929945
0.0318067
0.029429
11
0.0291166
0.27746
0.0622985
0.480338
0.870389
0.0256939
0.0487816
39
0.048561
0.31977
0.0741859
0.205738
0.952995
0.0442834
0.0504668
75
0.0771446
0.190711
0.0630638
0.338681
0.868025
0.0636656
0.036299
88
0.0855395
0.0787449
0.0658251
0.228015
0.780135
0.0193416
0.0775426
14
0.0873908
0.415472
0.0242837
0.407507
0.958352
0.04128
0.0915559
80
0.0290343
0.129243
0.0830343
0.089669
0.853751
0.0252943
0.0986197
98
0.0900004
0.151528
0.0974655
0.225643
0.771047
0.0574938
0.00826359
84
0.00568877
0.425491
0.0568285
0.136279
0.967198
0.0385616
0.0752379
28
0.0635599
0.222827
0.0812411
0.212041
0.789622
0.0737279
0.0476141
7
0.0301347
0.48589
0.0798689
0.165242
0.859667
0.0359051
0.0314523
38
0.00741345
0.317781
0.0832161
0.254343
0.752018
0.0542309
0.0159338
85
0.086229
0.459765
0.0980134
0.43764
0.819575
0.0275595
0.0968823
52
0.0748657
0.489338
0.0750839
0.100408
0.976679
0.0799135
0.0176169
79
0.0284127
0.207427
0.0779584
0.328271
0.799222
0.0943103
0.0505417
88
0.0841492
0.289278
0.0843559
0.0143846
0.760406
0.062079
0.00487377
52
0.0215975
0.449131
0.082335
0.484099
0.897822
0.0988665
0.0130218
21
0.0402398
0.130477
0.0416992
0.444482
0.877234
0.075094
0.0125056
32
0.00787551
0.345038
0.0377557
0.263909
0.704801
0.050705
0.0773299
68
0.0493405
0.194501
0.0230087
0.0054415
0.716819
0.0641781
0.0623227
55
0.00952829
0.0683418
0.0208058
0.307033
0.968365
0.0531202
0.0354839
40
0.0693953
0.432286
0.0699609
0.0674462
0.861431
0.0769177
0.0149701
57
0.0476408
0.410953
0.0217029
0.0281394
0.817011
0.0520341
0.0792884
80
0.0530061
0.405084
0.0776885
0.192892
0.815346
0.0661884
0.0156619
41
0.0113876
0.227878
0.0519914
0.007055
0.916343
0.0426204
0.080667
71
0.0325968
0.270484
0.0205124
0.246958
0.880069
0.0279924
0.0923602
29
0.0496529
0.25125
0.0656812
0.325745
0.945509
0.0659864
0.0593937
10
0.0195819
0.116469
0.0499209
0.357713
0.929131
0.0608383
0.0837532
50
0.0207356
0.284788
0.0119668
0.184524
0.956476
0.0599766
0.00141304
12
0.0305329
0.429113
0.0771813
0.395182
0.902088
0.0668315
0.0668356
9
0.0347568
0.0298103
0.0669766
0.198806
0.753121
0.0281123
0.054033
76
0.0872819
0.252796
0.0920197
0.202619
0.810195
0.0114745
0.0447706
68
0.0586924
0.49224
0.0480098
0.471117
0.784239
0.0176312
0.0289074
5
0.00220185
0.0954236
0.0944723
0.43298
0.905182
0.0201196
0.0949618
12
0.0776154
0.364798
0.0998539
0.147879
0.74288
0.0354245
0.00199932
21
0.0659168
0.0634636
0.0659876
0.095938
0.800875
0.079216
0.0188827
67
0.0394963
0.281793
0.0724689
0.0104674
0.920429
0.0445494
0.0697364
26
0.0297407
0.0974325
0.0291616
0.155696
0.876247
0.0440366
0.0360226
32
0.0726993
0.0807112
0.0672129
0.15474
0.702203
0.015343
0.0264049
79
0.0478478
0.171854
0.0634867
0.42165
0.917949
0.0241976
0.0507977
81
0.0363905
0.11004
0.0313282
0.0359826
0.931241
0.0952274
0.0922414
9
0.0859729
0.0714858
0.0332829
0.410616
0.84408
0.0495238
0.0394446
9
0.0664352
0.212944
0.0757624
0.0179232
0.850069
0.0302913
0.0791247
45
0.00188232
0.190003
0.0422176
0.415974
0.77992
0.0759249
0.0280252
66
0.00387196
0.215115
0.0921628
0.473667
0.736483
0.0887212
0.0352849
97
0.0357678
0.443504
0.0318153
0.417098
0.811794
0.0727405
0.073171
27
0.0161585
0.0905141
0.053236
0.0947922
0.7957
0.0716304
0.0501241
66
0.0732926
0.0856627
0.0997634
0.0794279
0.90794
0.0685072
0.0675084
47
0.00367337
0.0388542
0.0809046
0.0535353
0.836302
0.0277615
0.0181615
48
0.0350151
0.0159985
0.0334036
0.340581
0.975385
0.0543909
0.0277438
42
0.0553747
0.238043
0.0367098
0.392411
0.702849
0.0188237
0.0894874
23
0.0136986
0.403238
0.0674379
0.46227
0.807358
0.0725275
0.0511097
73
0.00262695
0.461911
0.0691782
0.423012
0.773477
0.0744933
0.0781163
91
0.0682385
0.230263
0.0464888
0.171016
0.873738
0.0629382
0.0337101
38
0.0533287
0.480318
0.0311195
0.201931
0.943118
0.0161386
0.0556543
59
0.0368679
0.379448
0.0703066
0.126251
0.781052
0.071524
0.0331348
68
0.0516266
0.208088
0.0929135
0.237313
0.739737
0.0410294
0.0600587
4
0.00614586
0.329584
0.0890892
0.418195
0.98645
0.0292466
0.0876799
2
0.0112435
0.173848
0.0370969
0.251878
0.703674
0.0885152
0.0928764
99
0.0250191
0.371409
0.0756448
0.138047
0.843284
0.064566
0.0911342
54
0.0279007
0.16037
0.060828
0.00412914
0.988931
0.0166797
0.0474822
5
0.0798415
0.416249
0.0815368
0.348267
0.746799
0.0831545
0.030555
5
0.0632628
0.350597
0.0237928
0.113614
0.895109
0.0383035
0.0602109
15
0.0989059
0.397788
0.0939908
0.377227
0.959484
0.0560962
0.0834017
57
0.0915127
0.257484
0.0466952
0.402131
0.750978
0.0704599
0.0676967
37
0.0371339
0.275976
0.0384033
0.399769
0.785685
0.0980614
0.0895468
26
0.031188
0.186075
0.0963081
0.0718047
0.908341
0.0145324
0.0239704
24
0.0212115
0.301016
0.0709942
0.108251
0.932069
0.0404449
0.093358
2
0.0148288
0.123241
0.070794
0.323503
0.883097
0.0841092
0.0669499
96
0.0831017
0.282918
0.029796
0.318582
0.785143
0.0284379
0.0722366
93
0.0241718
0.124644
0.0851367
0.0425384
0.880872
0.0785384
0.0220922
46
0.0904745
0.357958
0.0765895
0.458856
