0.96331
0.0155367
0.128367
10
0.0038162
0.0474224
0.438691
49
0.841992
0.00139462
0.975364
0.056035
0.343045
4
0.00566163
0.036115
0.311715
27
0.717852
0.00170273
0.910505
0.00334607
0.0145366
7
0.00843846
0.029778
0.410542
33
0.795744
0.00466948
0.914611
0.0391447
0.426435
90
0.000926025
0.0430908
0.0818208
13
0.838583
0.00115999
0.952374
0.0397388
0.428436
90
0.00710553
0.0467872
0.393539
84
0.690757
0.00216844
0.91098
0.0330186
0.309037
8
0.0025105
0.0337549
0.260211
25
0.724766
0.00166898
0.90343
0.0750421
0.176284
45
0.00056014
0.0133935
0.113736
53
0.857848
0.00148143
0.924086
0.029835
0.00429111
23
0.000979282
0.0470026
0.34587
90
0.689659
0.00347825
0.948795
0.0669947
0.273494
27
0.00745559
0.0386879
0.136815
14
0.672497
0.00318004
0.98249
0.0576916
0.00930353
79
0.00113885
0.0194667
0.0528795
2
0.834623
0.00344448
0.960031
0.0924159
0.15129
66
0.0096958
0.0433906
0.147768
77
0.824866
0.00321667
0.976927
0.070937
0.1564
15
0.00359402
0.0447094
0.4295
18
0.633081
0.00258081
0.912941
0.0825686
0.0756734
51
0.00244122
0.0446409
0.342767
94
0.636473
0.00485201
0.922861
0.0726199
0.278151
47
0.00132656
0.0307083
0.132575
65
0.821274
0.00339198
0.998978
0.0375007
0.450065
52
0.00670545
0.0242338
0.179499
61
0.893346
0.00375403
0.927984
0.0684247
0.323536
64
0.000851718
0.0438985
0.0619986
81
0.663318
0.0036292
0.989583
0.0112117
0.293368
85
0.00438124
0.0375538
0.319107
19
0.667887
0.0011963
0.921975
0.0586182
0.422734
61
0.0077004
0.0197246
0.0851721
64
0.86596
0.00243271
0.909868
0.086453
0.481482
31
0.0060049
0.0424856
0.274684
43
0.713268
0.00226176
0.917246
0.00561042
0.38355
83
0.00351076
0.0294174
0.498842
81
0.714642
0.00351046
0.987941
0.0690834
0.216546
72
0.00698093
0.0189976
0.0975265
44
0.602792
0.0018817
0.920139
0.0119065
0.223789
21
0.0032094
0.014745
0.118962
11
0.693467
0.00420439
0.902507
0.0489916
0.0908906
97
0.00780532
0.0130042
0.483118
87
0.668073
0.00191614
0.992449
0.0458133
0.0886277
56
0.00162086
0.049578
0.185644
64
0.855613
0.00238329
0.965132
0.0764211
0.0802802
49
0.00807397
0.0265218
0.14518
95
0.785816
0.00108059
0.931627
0.0835879
0.285887
1
0.00619362
0.0119922
0.455902
65
0.74491
0.00348494
0.930893
0.0734731
0.207147
94
0.004984
0.0254425
0.368553
60
0.873783
0.00158419
0.949976
0.0303122
0.381987
93
0.00579673
0.0223969
0.399374
40
0.706412
0.0031352
0.992232
0.0218263
0.0307306
28
0.00261637
0.0228139
0.484756
16
0.652844
0.00301802
0.984975
0.0242991
0.30071
93
0.00308278
0.0395142
0.033669
37
0.726706
0.00427804
0.905463
0.00447975
0.287897
2
0.00943818
0.0117991
0.0176179
41
0.606755
0.00279632
0.963623
0.0358367
0.135536
36
0.00573869
0.0217176
0.00209073
24
0.620628
0.00336996
0.966318
0.0704263
0.182459
94
0.00757862
0.0285547
0.400581
59
0.627705
0.00478994
0.956318
0.0162318
0.298452
19
0.0081977
0.0288917
0.198633
66
0.759784
0.00262119
0.974729
0.0664949
0.47103
13
0.00638287
0.0477168
0.494819
34
0.779369
0.00142758
0.908161
0.0237404
0.132724
86
0.00542274
0.0165804
0.0546635
47
0.888565
0.00256402
0.921014
0.0196303
0.0350196
98
0.00991687
0.0169084
0.0923024
83
0.853956
0.00310645
0.980847
0.0479838
0.068908
64
0.00650867
0.0492684
0.194613
73
0.749702
0.00102309
0.947809
0.0452078
0.393173
26
0.00587983
0.0247473
0.20611
41
0.61061
0.00442654
0.911973
0.0744321
0.35606
40
0.00793622
0.0381161
0.488636
90
0.899064
0.00106611
0.968587
0.0899008
0.169888
48
0.00696331
0.0255514
0.220051
27
0.703907
0.00129875
0.989843
0.0401984
0.484233
73
0.00216135
0.0199339
0.300362
97
0.670924
0.00307791
0.925062
0.0521244
0.0474595
47
0.00295723
0.0343234
0.431889
98
0.609496
0.00181558
0.973119
0.0226353
0.202147
83
0.00822759
0.0219536
0.461328
85
0.640734
0.00253099
0.916765
0.0914739
0.316335
33
0.00616308
0.0214519
0.374753
69
0.829106
0.00472884
0.981682
0.0757702
0.415299
80
0.00225141
0.0427714
0.188004
68
0.68581
0.00218085
0.987506
0.0281203
0.0571212
55
0.00337465
0.0455807
0.473214
71
0.675105
0.00431256
0.993755
0.00708794
0.159227
91
0.00871749
0.0170078
0.239804
77
0.613032
0.00353955
0.990944
0.0442731
0.357325
52
0.00199975
0.0473211
0.218423
26
0.874334
0.00275918
0.923446
0.0429867
0.410581
70
0.000421812
0.0400919
0.0285885
94
0.811907
0.00494228
0.997504
0.0131557
0.120653
79
0.00377797
0.036803
0.243548
63
0.687555
0.00244159
0.906306
0.0890949
0.475605
16
0.00371162
0.0499116
0.251113
66
0.73483
0.00211835
0.915711
0.0787538
0.20398
76
0.0085155
0.0127372
0.0415344
80
0.616717
0.00433517
0.998113
0.0937893
0.431954
77
0.00867507
0.0332327
0.159098
53
0.740045
0.00212945
0.977992
0.0481426
0.0613329
64
0.00390461
0.0163428
0.173824
40
0.896774
0.00369621
0.967947
0.0618096
0.124902
38
0.00313809
0.0259713
0.120654
32
0.769792
0.00439668
0.946886
0.0815022
0.270682
100
0.0019102
0.031556
0.215813
91
0.817076
0.00422762
0.988541
0.0048704
0.266421
61
0.00644443
0.0309104
0.167347
26
0.878859
0.00121567
0.919139
0.00908832
0.440892
96
0.00399995
0.0302792
0.325995
93
0.812178
0.00175913
0.943808
0.0846009
0.0720612
46
0.00136058
0.0104163
0.21109
3
0.798057
0.00276758
0.936228
0.0954714
0.013309
17
0.00739955
0.0192014
0.291729
16
0.643873
0.0026697
0.955361
0.0540787
0.0852859
89
0.000812715
0.0268292
0.447895
50
0.771488
0.00385205
0.977495
0.0275067
0.257692
59
0.00926663
0.0388244
0.468739
23
0.747854
0.00396777
0.95441
0.0174968
0.10875
54
0.00286708
0.0321184
0.226466
57
0.870838
0.00231062
0.933717
0.0962712
0.178808
84
0.00841197
0.0348718
0.229492
4
0.842227
0.00249129
0.960449
0.0715647
0.24362
5
0.00660661
0.0378754
0.463365
75
0.619098
0.00288034
0.961947
0.0207006
0.49405
5
0.00173595
0.0275359
0.380826
15
0.862547
0.00173939
0.956911
0.00376176
0.457834
14
0.00121304
0.0138169
0.443171
72
0.69994
0.00195494
0.949454
0.0344547
0.321174
23
0.00965681
0.0145191
0.191728
13
0.890151
0.00251502
0.979268
0.0269124
0.418271
18
0.00513631
0.0416817
0.113036
87
0.679214
0.0049468
0.95801
0.0780687
0.119854
6
0.00279121
0.0110986
0.141173
35
0.700072
0.00499684
0.901837
0.00961784
0.351023
57
0.000670538
0.0186348
0.0704318
51
0.721278
0.00464293
0.973463
0.0996889
0.16431
81
0.00411178
0.04124
0.163392
86
0.737944
0.00359804
0.933347
0.0968802
0.0521114
19
0.00341398
0.0355294
0.387108
18
0.665428
0.00341524
0.900555
0.0658881
0.399771
96
0.00630307
0.0420615
0.297184
93
0.77613
0.00269264
0.976082
0.0213511
0.282756
84
0.00418272
0.0136242
0.154726
10
0.601138
0.00124973
0.985383
0.0799692
0.0288348
29
0.00555907
0.0227394
0.416838
20
0.631912
0.00327896
0.911693
0.0086574
0.349205
44
0.00439936
0.0179518
0.283871
45
0.822185
0.00446471
0.925273
0.0885303
0.0563069
34
0.0087541
0.0279107
0.289237
28
0.655256
0.00271463
0.979943
0.0467099
0.232215
39
0.00755077
0.048738
0.160062
100
0.808878
0.00365232
0.996887
0.0902152
0.293494
21
0.0093841
0.0331368
0.390063
30
0.765691
0.0020179
0.974215
0.0232889
0.116367
11
0.00908301
0.0240335
0.351085
71
0.614402
0.0045034
0.968737
0.0515776
0.404209
60
0.00159005
0.031093
0.295599
38
0.837719
0.00103458
0.938582
0.0288098
0.21677
35
0.00454774
0.0176291
0.101497
46
0.65618
0.0040052
0.95357
0.0634043
0.0934777
11
0.00290876
0.0238253
0.108502
84
0.647891
0.00477404
0.951307
0.0908232
0.24803
31
0.00451241
0.048416
0.00820569
79
0.761109
0.00183555
0.971689
0.094527
0.237055
77
0.0025942
0.0481015
0.233197
30
0.648784
0.00140741
0.942416
0.0951512
0.489013
49
0.00506023
0.0281365
0.425754
57
0.803024
0.00428264
0.940901
0.0121806
0.14059
50
0.00046398
0.0356077
0.0584455
62
0.752611
0.00387985
0.926748
0.000963994
0.228261
75
0.00106602
0.0351525
0.328907
82
0.710596
0.00128712
0.985994
0.00203469
0.0181043
99
0.00491186
0.0451087
0.106053
97
0.861671
0.00161831
0.979138
0.060295
0.254838
68
0.00227852
0.0272527
0.0471103
22
0.8495
0.00154306
0.943256
0.0587706
0.0640839
69
0.000605148
0.0363734
0.0206665
88
0.683954
0.00132303
0.928968
0.0550111
0.10011
15
0.00708076
0.020581
0.255164
75
0.876327
0.00380799
0.913211
0.0102102
0.0219649
22
0.0042133
0.0391685
0.337948
43
0.832453
0.00135583
0.969882
0.060907
0.344408
35
0.00949545
0.0105607
0.320138
78
0.705812
0.004489
0.950348
0.0650068
0.374172
25
0.00365003
0.0453727
0.280391
61
0.722447
0.00146282
0.965941
0.0532904
0.149677
78
0.00428319
0.046048
0.451334
23
0.757309
0.00332776
0.961154
0.0828777
0.329256
87
0.000759009
0.0459958
0.20802
48
0.719448
0.00289362
0.937633
0.00666981
0.193952
10
0.00025197
0.0277625
0.00430852
54
0.730839
0.00299539
0.96233
0.017082
0.236437
3
0.00663799
0.0409857
0.332963
6
0.625352
0.00222919
0.932967
0.0077348
0.242099
67
0.00996349
0.0441723
0.0385973
45
0.783408
0.00204403
0.939757
0.0340224
0.335695
9
0.00148276
0.0464968
0.172791
74
0.728334
0.00220407
0.951902
0.0565155
0.465082
69
0.00688276
0.0491632
0.458211
74
0.800699
0.00325275
0.966802
0.0674453
0.46801
89
0.000196246
0.0250088
0.363861
21
0.709798
0.00285215
0.921524
0.0410973
0.2686
41
0.00800862
0.0419147
0.270892
31
0.634416
0.0046801
0.991188
0.0250046
0.260861
23
0.00591331
0.0245681
0.444817
44
0.697173
0.00302719
0.903242
0.0640716
0.210816
55
0.00393817
0.0126568
0.182521
55
0.790149
0.00394727
0.958311
0.013748
0.367031
37
0.00890025
0.0261944
0.379903
52
0.755169
0.00196169
0.941515
0.0594403
0.361998
67
0.00632027
0.0231144
0.265226
25
0.826964
0.00166315
0.953254
0.00270382
0.43743
92
0.00677539
0.0364109
0.0325767
56
0.885045
0.00238814
0.931726
0.080133
0.00311534
19
0.00719924
0.0121898
0.0241836
9
0.830659
0.00413241
0.927568
0.0849113
0.491111
63
0.00881646
0.0322562
0.151616
34
0.868156
0.00296979
0.937002
0.0181741
0.37055
95
0.00526563
0.0102008
0.248318
29
0.850104
0.00312075
0.945218
0.0927471
0.144381
57
0.00784507
0.0402993
0.348163
17
0.628947
0.00460025
0.93653
0.0538602
0.31113
44
0.00187699
0.0405032
0.0110164
70
0.77506
0.00436885
0.946551
0.0416758
0.197404
12
0.00762634
0.0157191
0.202588
47
0.650856
0.0041036
0.995858
0.0568504
0.0787387
54
0.00178417
0.0155448
0.240012
3
0.738956
0.00481985
0.944722
0.030928
0.0978932
30
0.00125722
0.0326238
0.0693957
99
0.867876
0.00490446
0.970905
0.000464996
0.363539
58
0.00268504
0.0481809
0.407561
7
0.64434
0.00208542
0.929933
0.0365713
0.161654
26
0.00895141
0.0266012
0.370566
36
0.787274
0.00263293
0.986613
0.0697169
0.389654
12
0.00531631
0.040849
0.0649156
5
0.819486
0.00235359
0.970383
0.0493876
0.112646
34
0.00915894
0.039847
0.0137936
79
0.788114
0.00474798
0.917892
0.0505717
0.251704
86
0.00933387
0.0220689
0.385144
31
0.605291
0.00319737
0.993687
0.0730114
0.401583
3
0.00475678
0.0209961
0.259711
58
0.622596
0.00161245
0.942142
0.0867042
0.448471
60
0.00728085
0.014146
0.35365
38
0.780508
0.00229356
0.995156
0.0875175
0.393541
31
0.00302037
0.0335957
0.360796
69
0.69474
0.00356412
0.90092
0.0189881
0.186478
33
0.00202316
0.0149841
0.07973
19
0.658636
0.00418022
0.904181
0.0989249
0.139958
88
0.003316
0.020724
0.235708
12
0.766921
0.00393183
0.983117
0.0258468
0.305578
17
0.00150737
0.0181703
0.304854
99
0.73363
0.00388591
0.926249
0.0810068
0.106491
42
0.00855065
0.0183632
0.422982
89
0.773517
0.00118621
0.915943
0.0627917
0.220592
66
0.00471878
0.0345433
0.359994
11
0.883601
0.00293051
0.938982
0.0981558
0.408642
71
0.008112
0.029677
0.403901
6
0.677326
0.00405111
0.908919
0.0264795
0.332711
71
0.00978327
0.011527
0.415616
92
0.660595
0.00415905
0.959193
0.0512317
0.338972
41
0.00830907
0.0203922
0.335859
5
0.845991
0.00455493
0.907675
0.0858907
0.435778
99
0.00239806
0.0436009
0.0892072
76
0.886687
0.00282153
0.906915
0.097625
0.478821
43
0.00732116
0.0371317
0.26977
52
0.76338
0.00407128
0.935418
0.0321287
0.191003
28
0.00212655
0.0151403
0.276926
50
0.680203
0.00403797
0.91402
0.0370546
0.0379594
40
0.00608377
0.0340039
0.315943
39
0.750569
0.00199569
0.905127
0.0386501
0.0422712
82
0.00983813
0.0328198
0.075485
1
0.807609
0.00111016
0.919284
0.0316227
0.0252765
80
0.000336711
0.0233464
0.0442869
36
0.742148
0.00488105
0.984073
0.0435527
0.187343
6
0.00547761
0.0317234
0.435383
89
0.639332
0.00459077
0.972125
0.0152344
0.0464791
72
0.00957487
0.0428715
0.476825
83
0.796979
0.00329463
0.964558
0.0426107
0.445456
38
0.000129596
0.0289938
0.309961
68
0.792113
0.0037326
0.955987
0.0779087
0.460694
53
0.00561676
0.0159541
0.0939623
9
0.804205
0.00452092
0.983612
0.0146442
0.318859
62
0.00464956
0.030171
0.129812
95
0.847807
0.00379933
0.929227
0.0349088
0.377145
75
0.00492554
0.0385248
0.490226
8
0.895018
0.00369019
0.934447
0.0625769
0.499198
25
0.00483277
0.0372714
0.473931
15
0.815489
0.00178353
0.945981
0.0469453
0.456447
46
0.00518409
0.0172042
0.124403
59
0.881821
0.00187145
0.994724
0.0768456
0.170474
74
0.00903139
0.0108382
0.133646
55
0.858936
0.0015185
