0.947589
0.0542304
0.0780654
81
0.00850008
0.0213137
0.29153
55
0.189711
0.000815943
0.00447401
0.921916
0.0306619
0.252714
71
0.00738419
0.0323592
0.0343797
63
0.90907
0.000709694
0.00657019
0.994965
0.0907084
0.418111
68
0.00211381
0.0375342
0.0532226
76
0.674406
0.000907941
0.00339128
0.991731
0.09113
0.342696
91
0.00679202
0.0482995
0.0831833
58
0.574016
0.000784579
0.00760075
0.91796
0.0879707
0.453286
35
0.00352366
0.0352295
0.385775
14
0.998615
0.000462887
0.00775976
0.987467
0.052685
0.116204
77
0.00167783
0.0361636
0.495506
19
0.792864
0.000855378
0.00929297
0.965711
0.060242
0.218654
6
0.00897284
0.0285583
0.153921
19
0.458766
0.000797459
0.00746203
0.94744
0.0227285
0.36262
82
0.00175933
0.0130868
0.391539
75
0.988684
0.000536364
0.00961707
0.964884
0.033403
0.435042
26
0.0052605
0.0499488
0.105498
77
0.211436
0.000434088
0.00535622
0.934291
0.00507861
0.291344
63
0.00345419
0.0271476
0.300771
52
0.396131
0.000254198
0.00345944
0.979881
0.000930207
0.384033
16
0.00278587
0.047451
0.413238
30
0.380315
0.000991371
0.00371115
0.93791
0.00576121
0.466713
21
0.00373016
0.0178057
0.235968
97
0.361029
0.000390321
0.00206611
0.950575
0.0864501
0.161355
9
0.00700033
0.0241545
0.321613
36
0.548759
0.00033081
0.0010176
0.932287
0.0566705
0.0559379
7
0.00956437
0.0431502
0.261059
37
0.920385
0.00066331
0.00432095
0.930208
0.0398934
0.309636
13
0.00101469
0.0258402
0.450402
9
0.2496
0.000356965
0.005906
0.911513
0.00207745
0.473342
66
0.00593211
0.0221437
0.205836
66
0.648275
0.000559167
0.008344
0.962273
0.0736031
0.288729
12
0.00815734
0.0409433
0.094321
43
0.411918
0.000980047
0.000534218
0.912241
0.077798
0.313467
5
0.00948084
0.0294129
0.00639002
2
0.512925
0.000174568
0.00143926
0.931521
0.029542
0.479399
96
0.00300842
0.0173397
0.395158
95
0.599406
0.000217906
0.00307426
0.90376
0.0672932
0.0106934
24
0.00426179
0.0401901
0.0599249
84
0.611466
0.00036786
0.00354236
0.928709
0.0597807
0.427854
94
0.00652786
0.0464753
0.0375742
4
0.15694
0.000294396
0.00703686
0.914803
0.00997906
0.335063
59
0.00716925
0.0185374
0.431336
17
0.268154
0.000214957
0.00618416
0.959636
0.0783101
0.36703
44
0.00905974
0.0181706
0.427936
20
0.726854
0.000868646
0.00311886
0.980354
0.0360672
0.495932
3
0.00413605
0.0244561
0.268391
4
0.891379
0.000432197
0.00013397
0.997697
0.0402937
0.0904324
38
0.00754695
0.039069
0.38
49
0.304122
0.000314368
0.00248249
0.902755
0.0627221
0.246979
20
0.00730942
0.0192377
0.175039
23
0.32339
0.000508166
0.00855693
0.975521
0.0349128
0.0229886
62
0.00877589
0.0477048
0.274698
16
0.523541
0.000448197
0.00199572
0.954341
0.0374076
0.353122
87
0.00868473
0.0405538
0.47993
93
0.746059
0.000132645
0.00407855
0.923566
0.0533938
0.112486
17
0.00840948
0.0460019
0.0669483
25
0.371074
0.000380698
0.00112697
0.954795
0.0117381
0.410956
66
0.00323433
0.0168877
0.326908
31
0.195215
0.000929398
0.00606655
0.950021
0.0959471
0.423517
3
0.00224755
0.0109295
0.163526
72
0.659715
0.00082822
0.000976798
0.907691
0.0933904
0.104698
82
0.00027191
0.0264437
0.471638
87
0.468569
0.000124825
0.00321921
0.970329
0.0746186
0.126529
48
0.00288005
0.0455874
0.354664
21
0.959099
0.000738459
0.00386131
0.94945
0.0897751
0.141793
51
0.000157283
0.0289823
0.0766123
24
0.281349
0.000774472
0.0058172
0.94384
0.0213024
0.326594
76
0.000919215
0.0225756
0.192614
60
0.147408
0.000401041
0.00845373
0.981616
0.0191551
0.227061
70
0.00405438
0.0357846
0.283608
26
0.108382
0.000968631
0.00919319
0.909458
0.057773
0.43002
38
0.00927451
0.0188202
0.219628
68
0.117101
0.000683498
0.00556101
0.985367
0.061959
0.459296
19
0.00476886
0.0387213
0.288634
5
0.142697
0.000644666
0.00687474
0.900832
0.0072568
0.460914
60
0.00499394
0.036584
0.222785
67
0.954791
0.000269775
0.00903702
0.983981
0.0763125
0.395185
52
0.0060462
0.0203516
0.133936
2
0.938493
0.000874701
0.00873543
0.936129
0.0556535
0.323525
72
0.00667241
0.0207947
0.469324
98
0.296257
0.000113462
0.00870021
0.996837
0.0494646
0.388411
65
0.00635454
0.011813
0.155694
82
0.175917
0.000317166
0.00490832
0.944899
0.0462364
0.0524724
39
0.00793065
0.0490887
0.401335
40
0.336413
0.000484954
0.00946795
0.971713
0.0417338
0.198123
32
0.00488252
0.0308354
0.0887009
56
0.84403
0.000805005
0.00470333
0.953127
0.0802096
0.371836
2
0.00629018
0.0316212
0.319297
12
0.515605
0.000246575
0.00714708
0.957873
0.064293
0.26512
37
0.00119841
0.0333677
0.375571
45
0.562757
0.000593535
0.0012514
0.98879
0.0277915
0.208431
61
0.00785981
0.0121829
0.447866
90
0.621246
0.000164243
0.00935058
0.984477
0.0457664
0.241207
85
0.000505544
0.0113389
0.335709
61
0.655294
0.000419954
0.00677764
0.935169
0.0183132
0.153365
16
0.000787697
0.0420413
0.114754
74
0.75169
0.000204189
0.00977856
0.923915
0.0701236
0.378619
23
0.00273345
0.0370407
0.122882
89
0.854444
0.000105733
0.00504994
0.919816
0.0969194
0.186168
87
0.00136193
0.0216721
0.437174
53
0.87685
0.000578838
0.00793534
0.905146
0.0793503
0.213969
63
0.0068952
0.0210085
0.362786
35
0.867864
0.000756632
0.00416961
0.955504
0.0476742
0.081252
34
0.0070834
0.0380809
0.34695
23
0.499941
0.000149155
0.00785777
0.958472
0.0838436
0.255822
54
0.00654584
0.0307835
0.0172913
93
0.71949
0.000950105
0.00396552
0.976961
0.00892118
0.231632
93
0.000803047
0.0443715
0.463316
82
0.813273
0.00084311
0.00299534
0.941976
0.0143149
0.262824
94
0.000672977
0.0106695
0.0010737
71
0.309076
0.000274592
0.00806268
0.940121
0.0253548
0.00731136
8
0.00141444
0.0439686
0.0448591
13
0.964125
0.000342271
0.00517655
0.908195
0.0947795
0.168958
31
0.00254075
0.0432767
0.334337
69
0.398441
0.000914667
0.00451375
0.926838
0.0843471
0.237223
28
0.00572181
0.0451284
0.278941
35
0.343813
0.000544762
0.00883094
0.919411
0.0443607
0.271947
45
0.00117016
0.030388
0.0482688
46
0.167794
0.000138633
0.00637866
0.915757
0.0689085
0.173195
56
0.00469881
0.0234732
0.23124
11
0.420827
0.000884055
0.00022712
0.990047
0.0820216
0.298289
58
0.00206468
0.0272637
0.313922
7
0.223105
0.000518987
0.00169711
0.963212
0.0386599
0.358242
41
0.00197913
0.0281253
0.490639
89
0.692632
0.000673987
0.00476252
0.967827
0.0320124
0.390786
49
0.00308356
0.0458035
0.368543
42
0.131602
0.000239143
0.0013134
0.998912
0.0137159
0.200609
57
0.00260707
0.0336735
0.184096
30
0.2426
0.000556565
0.0028271
0.943453
0.0164006
0.13186
97
0.00859731
0.0469149
0.187365
38
0.918778
0.000182799
0.000728554
0.995434
0.0174114
0.155251
22
0.00770214
0.0199237
0.253636
8
0.486588
0.000611647
0.00891301
0.913378
0.00399946
0.0677152
53
0.00417109
0.0166612
0.245561
54
0.698233
0.000347916
0.00159119
0.963624
0.08893
0.181604
29
0.0091663
0.0415723
0.116619
32
0.705585
0.000716741
0.00810251
0.969826
0.0997939
0.149145
98
0.00327933
0.0231415
0.457341
8
0.427849
0.000688653
0.00253788
0.906272
0.0207124
0.0495337
55
0.00150316
0.0145075
0.125217
71
0.89411
0.000746628
0.00528632
0.973193
0.0978641
0.027744
50
0.00242001
0.0160945
0.102921
17
0.441858
0.000302272
0.0076221
0.95645
0.0756909
0.276955
42
0.00961776
0.0252414
0.0725777
62
0.443621
0.000192296
0.00221438
0.941352
0.05837
0.063136
74
0.000488335
0.0312082
0.359907
80
0.585431
0.000413343
0.00646854
0.94634
0.0325185
0.302801
74
0.00545433
0.0327598
0.200634
48
0.757939
0.000634612
0.0036158
0.978561
0.0235872
0.446319
15
0.00614367
0.0148767
0.226457
95
0.272768
0.000988589
0.0056863
0.974964
0.0723892
0.408447
34
0.00449553
0.027921
0.166163
80
0.683735
0.000284803
0.00263116
0.937593
0.0281852
0.34925
83
0.00971725
0.0263871
0.298228
92
0.977024
0.000376217
0.000661312
0.932963
0.0435385
0.281571
47
0.00381536
0.0347114
0.0639935
65
0.821427
0.000496399
0.00723264
0.968971
0.0711402
0.494426
40
0.00562224
0.0419667
0.0215129
67
0.256483
0.000937977
0.000101956
0.987014
0.0250465
0.00355969
19
0.00930992
0.0154773
0.405175
50
0.767063
0.000477493
0.00621765
0.990673
0.0820024
0.0369022
89
0.00179257
0.0340879
0.417394
51
0.795668
0.000696942
0.000433048
0.95167
0.00284107
0.179245
78
0.00539273
0.0157776
0.305451
98
0.490004
0.000858408
0.00181338
0.961351
0.0697164
0.486569
30
0.00505054
0.0249706
0.258079
47
0.534408
0.000231213
0.00955772
0.993495
0.0157849
0.0892312
91
0.00997796
0.0350491
0.137589
100
0.552309
0.000487844
0.00983186
0.928926
0.00659076
0.139464
46
0.000371629
0.0378253
0.481232
78
0.118367
0.000525974
0.00661432
0.99292
0.0926931
0.0330686
72
0.00389292
0.0140023
0.374535
43
0.810173
0.000568158
0.00696913
0.925868
0.0982053
0.48327
89
0.00982139
0.0493402
0.198955
33
0.731351
0.000829571
0.0021862
0.92103
0.0101669
0.191052
11
0.00232319
0.039985
0.0279327
87
0.933364
0.000156744
0.00428329
0.916469
0.0425405
0.400338
79
0.00358588
0.0328159
0.0976686
44
0.830482
0.000763413
0.00276369
0.925147
0.0636895
0.441538
44
0.00581078
0.029898
0.344273
56
0.353933
0.000925118
0.00577851
0.977854
0.085203
0.124209
67
0.00776005
0.0138165
0.485975
85
0.591834
0.000596324
0.00171359
0.967083
0.0517223
0.333263
100
0.0088631
0.0427604
0.240158
79
0.782632
0.000721139
0.00820679
0.90138
0.0266196
0.0416131
27
0.00602685
0.0444359
0.423566
39
0.475836
0.000893452
0.00481874
0.939374
0.0480928
0.221058
11
0.00440798
0.0484146
0.213879
28
0.856913
0.000652456
0.00545505
0.91754
0.0655669
0.07318
97
0.00809999
0.013384
0.0122421
10
0.333035
0.000619806
0.00731415
0.974182
0.0507453
0.105927
79
0.00521333
0.0126561
0.144621
27
0.62722
0.000963895
0.000859221
0.910373
0.0354991
0.0180446
6
0.00829198
0.0392285
0.172986
84
0.199822
0.000775031
0.0099883
0.904863
0.0661216
0.319085
86
0.00751723
0.0239145
0.147136
64
0.631399
0.000452765
0.00238639
0.983041
0.0123358
0.0955751
25
0.00457594
0.0100619
0.44157
59
0.234337
0.00062824
0.00035058
