0.982018
0.0119029
0.044907
16
0.000542345
0.0300179
0.288563
90
0.535754
0.00777004
0.967045
0.0726995
0.372058
98
0.00092817
0.0126537
0.227293
71
0.757305
0.00751331
0.989571
0.0747039
0.270622
42
0.00450125
0.0395627
0.229615
5
0.855605
0.00894946
0.919367
0.0472862
0.00177732
98
0.00692029
0.0451891
0.199277
83
0.740919
0.00731649
0.939567
0.0217313
0.319883
89
0.00145255
0.0177031
0.42303
38
0.819095
0.00928407
0.970189
0.096275
0.0502201
76
0.00246147
0.0493126
0.325619
20
0.806952
0.00922696
0.986174
0.0274545
0.220458
93
0.00970087
0.0461676
0.41421
25
0.570716
0.00794448
0.954802
0.0278634
0.245042
75
0.00497566
0.0298076
0.0435117
63
0.215787
0.00456876
0.973485
0.0731345
0.280354
19
0.00134327
0.0175559
0.146466
34
0.509822
0.004074
0.992374
0.0599939
0.170623
96
0.00432007
0.0426009
0.491594
44
0.750821
0.00340459
0.924747
0.0327324
0.12066
56
0.00759685
0.0410456
0.286173
56
0.241787
0.00506127
0.992
0.0557401
0.163257
70
0.00502252
0.0100634
0.0538252
68
0.558353
0.00992822
0.955639
0.0948484
0.431566
43
0.00970943
0.0463835
0.0771057
5
0.503401
0.00756707
0.992633
0.079975
0.154208
99
0.00911661
0.0448089
0.136221
78
0.541737
0.00338858
0.950413
0.0699982
0.498439
64
0.00438962
0.0460148
0.186523
86
0.780954
0.00498047
0.956
0.0297461
0.0696613
4
0.00867649
0.0101245
0.422562
15
0.584119
0.0042539
0.993163
0.00274119
0.497805
28
0.00266343
0.0404
0.100365
30
0.545683
0.00725542
0.979899
0.0465481
0.453733
74
0.00746503
0.0156133
0.156782
89
0.384135
0.00713553
0.981301
0.0352938
0.379712
56
0.00714031
0.0377511
0.0218475
86
0.672626
0.00197129
0.960291
0.0793344
0.000600606
18
0.0070726
0.0251073
0.0856314
31
0.815903
0.00289926
0.966396
0.0689406
0.489077
52
0.00188313
0.028772
0.188343
80
0.15925
0.00973791
0.998443
0.0911315
0.407871
61
0.00801476
0.0149321
0.48269
56
0.397138
0.00892071
0.992989
0.0311729
0.463485
75
0.00473696
0.04076
0.371176
67
0.770431
0.00913159
0.935124
0.00625108
0.246316
43
0.00160475
0.0379913
0.195318
35
0.614112
0.00811978
0.987275
0.0627867
0.421644
10
0.000864071
0.0419569
0.217116
52
0.597083
0.0022022
0.903882
0.0829585
0.155886
14
0.00923865
0.021452
0.216849
42
0.588585
0.00272814
0.965008
0.0656589
0.490058
25
0.00789666
0.0291619
0.340084
40
0.478334
0.00685188
0.976599
0.039752
0.470311
82
0.00715031
0.0332056
0.189323
64
0.783221
0.00235459
0.97784
0.0416182
0.0643858
85
0.00890392
0.0474572
0.353969
18
0.693616
0.00655848
0.903508
0.0757162
0.226761
89
0.000253294
0.0286707
0.19336
77
0.297595
0.00874817
0.930321
0.0535579
0.449308
2
0.00703628
0.0328572
0.279319
57
0.306694
0.00180172
0.962208
0.0532334
0.109593
4
0.00933651
0.0288293
0.0174673
10
0.35546
0.00448933
0.949965
0.0502075
0.108983
87
0.00575006
0.0313328
0.407137
50
0.16871
0.00641601
0.921936
0.0302087
0.233745
23
0.00190477
0.0230637
0.494672
61
0.269865
0.0092633
0.98011
0.0973539
0.458175
97
0.00644232
0.0244353
0.342141
86
0.209903
0.00198136
0.986647
0.0700435
0.0219789
7
0.00697826
0.0383988
0.336295
84
0.842111
0.00576578
0.98746
0.0272442
0.278614
92
0.00407908
0.0225706
0.331997
79
0.186335
0.00855217
0.968184
0.0291444
0.197056
91
0.00618548
0.0209606
0.263078
16
0.64568
0.00844278
0.945237
0.00262809
0.1687
53
0.00228075
0.0194836
0.372938
49
0.199244
0.00901484
0.963701
0.0944757
0.0730915
17
0.00512165
0.0292359
0.462488
17
0.563868
0.00301044
0.906304
0.0839157
0.349589
87
0.000893835
0.014393
0.257543
55
0.507228
0.00228508
0.966856
0.0320129
0.274258
12
0.00917035
0.0480021
0.17305
100
0.323958
0.00438957
0.957175
0.00637098
0.219949
80
0.00956201
0.0472955
0.0445469
78
0.244558
0.00298201
0.906593
0.00391505
0.287001
34
0.00972905
0.0477402
0.320855
57
0.870694
0.00825496
0.961155
0.0136471
0.408492
12
0.00834711
0.0431312
0.291721
79
0.720979
0.00645563
0.911694
0.0253842
0.0425414
46
0.00429819
0.0435442
0.209013
65
0.86516
0.00652785
0.97212
0.0138208
0.339133
70
0.00851162
0.0490878
0.248619
67
0.57468
0.00134953
0.902448
0.0859158
0.0352456
35
0.00149127
0.034248
0.0222257
14
0.390882
0.00393146
0.984023
0.0661014
0.177364
21
0.0019722
0.0476065
0.341996
55
0.128516
0.00387787
0.909488
0.0437211
0.227907
29
0.00582411
0.03754
0.253709
54
0.362327
0.00354402
0.919896
0.0666546
0.0126792
49
0.00773166
0.0470466
0.434004
39
0.315514
0.00539562
0.953482
0.0373462
0.169206
66
0.00330781
0.0277201
0.0510992
37
0.412265
0.00368083
0.955635
0.0357704
0.14267
82
0.00398336
0.0407172
0.238732
13
0.612514
0.00259681
0.914836
0.0919135
0.397398
25
0.00281395
0.0384562
0.314677
96
0.197636
0.00461167
0.982586
0.0391039
0.380759
13
0.000284099
0.0167145
0.215544
64
0.861974
0.00999871
0.94489
0.0904737
0.0714184
86
0.00100879
0.0121903
0.421289
57
0.331116
0.00334341
0.967173
0.0759624
0.0766065
33
0.00214573
0.0473774
0.0336358
43
0.623464
0.00584461
0.950951
0.0961682
0.00328025
32
0.00238092
0.0124796
0.0685513
96
0.468222
0.00705468
0.923983
0.0341494
0.0202952
69
0.00169855
0.0103404
0.131246
24
0.227217
0.0042065
0.947814
0.0214984
0.11359
20
0.00991418
0.0450899
0.358297
11
0.43346
0.002657
0.933462
0.0735558
0.117877
11
0.00647212
0.0483127
0.224143
74
0.136812
0.00589962
0.947368
0.0789823
0.441382
47
0.00766589
0.037038
0.367989
72
0.378938
0.00155987
0.913794
0.00536658
0.189849
19
0.00930114
0.0253819
0.476228
57
0.628601
0.00545764
0.974506
0.00748615
0.192037
96
0.00252384
0.0308383
0.140313
27
0.632599
0.00194471
0.908024
0.0139005
0.193855
61
0.00877027
0.0468648
0.363049
35
0.492509
0.00382616
0.982947
0.0636
0.152784
17
0.00599007
0.0364636
0.329993
44
0.681921
0.00583257
0.963083
0.0865225
0.107889
74
0.00836851
0.0200705
0.424204
99
0.578737
0.00649692
0.951662
0.0331945
0.0242194
55
0.00323122
0.0213397
0.20746
16
0.521139
0.00254101
0.954384
0.0841037
0.303928
95
0.000203925
0.0441534
0.110436
52
0.445868
0.00441681
0.904206
0.081808
0.231075
30
0.000356995
0.0262539
0.30675
15
0.618118
0.00561899
0.918993
0.0285436
0.454648
62
0.00724502
0.0365476
0.174854
25
0.898012
0.00379626
0.920384
0.0693201
0.164738
83
0.00135543
0.0102475
0.315285
95
0.769995
0.00496554
0.968574
0.0184889
0.451331
34
0.00893261
0.0245667
0.431698
52
0.767052
0.00142825
0.905174
0.0706307
0.0281885
43
0.00683439
0.0340835
0.179494
90
0.286737
0.00126166
0.911927
0.00652164
0.393691
21
0.0023323
0.0430473
0.149956
55
0.743181
0.00124493
0.910625
0.0234789
0.366835
37
0.00742392
0.0184373
0.237187
32
0.60197
0.00483111
0.968042
0.0861409
0.357782
77
0.009974
0.028313
0.334994
11
0.259558
0.00944049
0.902676
0.0544766
0.00792614
78
0.00934701
0.0422276
0.0263855
24
0.43816
0.00445289
0.977098
0.0952156
0.281824
60
0.00786744
0.0378267
0.120467
36
0.802597
0.00680047
0.954171
0.0156646
0.479748
88
0.00248548
0.0261739
0.0203721
99
0.455999
0.00373451
0.952377
0.0133272
0.411226
95
0.00547338
0.0307061
0.112102
65
0.183839
0.00602305
0.907034
0.0643117
0.0456066
96
0.00577793
0.0351468
0.48115
63
0.260732
0.0022139
0.995077
0.0801783
0.172239
56
0.00458563
0.0390459
0.191488
40
0.675409
0.0019051
0.994657
0.0269654
0.496103
16
0.00817492
0.0222001
0.00099549
3
0.347049
0.00665326
0.990793
0.0570591
0.126846
27
0.00735315
0.0157951
0.308804
60
0.277969
0.00508068
0.905785
0.0238535
0.4789
58
0.00758234
0.041324
0.343043
89
0.643063
0.00543312
0.944407
0.0145624
0.0988068
64
0.00289109
0.0398932
0.0243679
28
0.485325
0.00796138
0.908768
0.0348911
0.147629
47
0.0082614
0.0223699
0.305179
88
0.68605
0.00869042
0.935425
0.0206811
0.360432
76
0.000399339
0.0149728
0.355247
85
0.243262
0.00271029
0.956516
0.0399207
0.0919646
36
0.00335933
0.042751
0.287787
6
0.518536
0.00161449
0.994978
0.044559
0.201766
54
0.00817952
0.0179636
0.0703364
46
0.253655
0.00160501
0.90989
0.0783108
0.414384
85
0.00540988
0.0240134
0.0161603
62
0.636929
0.00634395
0.900551
0.0177398
0.448909
68
0.00931543
0.0307295
0.166476
95
0.689796
0.00485549
0.996288
0.00792403
0.3219
60
0.00755449
0.0278912
0.155095
87
0.657127
0.0050498
0.914993
0.0106973
0.129572
81
0.00654398
0.0388383
0.175164
75
0.175759
0.00678684
0.910334
0.022315
0.0119747
33
0.0017473
0.0279405
0.447724
6
0.311513
0.00154568
0.981482
0.0605933
0.404333
63
0.00385783
0.0477901
0.403306
35
0.193619
0.00847563
0.980262
0.00878245
0.00915117
57
0.00503084
0.0434245
0.108972
73
0.739453
0.00189421
0.991438
0.0411878
0.495513
10
0.00986616
0.0336553
0.0943567
37
0.607846
0.00269992
0.940175
0.0459735
0.222924
18
0.00483738
0.0423871
0.443921
70
0.679426
0.00328931
0.906858
0.004952
0.323977
72
0.0048197
0.021397
0.0361217
29
0.479248
0.00673252
0.996031
0.0548515
0.0174006
10
0.00731504
0.0212775
0.274343
46
0.256823
0.00823737
0.946418
0.0974129
0.310601
43
0.00580244
0.0119002
0.272767
66
0.559953
0.00202431
0.952005
0.0101006
0.00898619
90
0.00386908
0.0299067
0.269081
63
0.360055
0.00500649
0.964575
0.0281095
0.0511088
62
0.00441422
0.0142745
0.374219
37
0.231966
0.00362187
0.964251
0.0510798
0.213727
48
0.00656797
0.0315515
0.344513
24
0.415363
0.00147845
0.969551
0.000627545
0.158758
31
0.000729401
0.0322821
0.015062
10
0.716353
0.00734044
0.936151
0.0943264
0.432676
41
0.00443198
0.0498147
0.22268
76
0.712594
0.00312652
0.958591
0.087841
0.370479
4
0.00596956
0.0245143
0.198714
32
0.619183
0.00878154
0.94944
0.0704737
0.0402275
72
0.00177222
0.021186
0.461947
97
0.161439
0.00224196
0.972335
0.0521242
0.0898655
30
0.00521498
0.0140928
0.326356
75
0.301871
0.00175479
0.915392
0.07561
0.289607
24
0.0095106
0.0182356
0.23057
4
0.357214
0.0051105
0.938339
0.0377577
0.0794258
69
0.00346586
0.038668
0.444615
63
0.65911
0.00453544
0.968724
0.0343082
0.014163
67
0.00790868
0.0487305
0.42833
96
0.7184
0.00714356
0.98881
0.0851647
0.28883
13
0.00783493
0.0135526
0.00499748
48
0.46696
0.00899423
0.931127
0.0752515
0.133214
77
0.00184508
0.0111636
0.268406
26
0.701826
0.00695329
0.951322
0.0409898
0.0855822
28
0.0056887
0.0141843
0.284327
5
0.48226
0.00985094
0.922265
0.0863331
0.301892
22
0.00886454
0.0338884
0.162909
12
0.697345
0.00130606
0.909268
0.0189512
0.192378
24
0.00048981
0.0205
0.471269
91
0.505824
0.00163217
0.907519
0.0444131
0.0316885
6
0.000156528
0.0484875
0.152152
72
0.487554
0.00261472
0.974669
0.0310078
0.30581
65
0.00270233
0.027343
0.348668
77
0.233024
0.00311096
0.922419
0.0405625
0.297729
61
0.00544005
0.0120508
0.171439
42
0.117266
0.00170733
0.928547
0.0248104
0.271559
69
0.00777537
0.0186408
0.164175
20
0.852101
0.00660977
0.96623
0.0336713
0.259618
36
0.00958947
0.0168968
0.418728
15
0.760626
0.00918339
0.903963
0.0106693
0.134978
98
0.00321617
0.0125818
0.231298
30
0.898982
0.00733445
0.942633
0.0926167
0.0101499
51
0.00460732
0.0444624
0.24291
88
0.382279
0.00365235
0.926382
0.03711
0.325031
48
0.00234586
0.0494963
0.370088
86
0.818071
0.00591807
0.950614
0.0745329
0.422105
64
0.000685733
0.0294669
0.144301
10
0.489484
0.00593445
0.925984
0.0736676
0.375152
86
0.000438504
0.0128422
0.255539
6
0.833146
0.00446579
0.993337
0.0575751
0.0937371
95
0.00780973
0.0343582
0.442625
18
0.548567
0.00969052
0.969826
0.0989091
0.166326
100
0.00179693
0.0129195
0.464292
90
0.883524
0.00644047
0.982334
0.0395502
0.105429
60
0.0099997
0.0416746
0.470768
71
0.15541
0.00230887
0.916796
0.089822
0.103182
35
0.00536377
0.0374138
0.235272
52
0.871807
0.00806871
0.994184
0.0964995
0.362461
47
0.00376258
0.0410173
0.128881
59
0.569071
0.00924502
0.939189
0.0824975
0.0183342
51
0.00434201
0.0231744
0.258832
38
0.538028
0.00275012
0.959161
0.0966319
0.342692
73
0.00264985
0.0268796
0.487166
10
0.666212
0.00153927
0.962032
0.0516053
0.0227687
72
0.00236021
0.0241452
0.478156
8
0.708771
0.00635939
0.984324
0.0591579
0.429476
60
0.00377315
0.0360229
0.0279984
91
0.371227
0.00769362
0.973129
0.0913531
0.0790733
90
0.0023167
0.0208772
0.232919
45
0.495108
0.00104134
0.996478
0.0408536
0.343917
78
0.00414241
0.0105788
0.200999
70
0.452591
0.00526152
0.938758
0.0324253
0.291613
35
0.00852703
0.0183976
0.0317733
22
0.285154
0.00903497
0.948831
0.0476076
0.204922
97
0.0050931
0.0352041
0.433345
93
0.522745
0.00227323
0.990615
0.090016
0.15118
79
0.00273883
0.0122921
0.313517
50
0.529657
0.00723308
0.915712
0.0470112
0.041124
16
0.00957323
0.0281276
0.465492
13
0.483794
0.00401341
0.902303
0.0584806
0.141105
66
0.0025583
0.0342265
0.0617407
18
0.266119
0.00762409
0.903592
0.0765026
0.315388
62
0.00884287
0.0412642
0.244987
25
0.325148
0.00344984
0.912725
0.095557
0.293173
56
0.00838443
0.0247154
0.252396
56
0.168957
0.00760975
0.948174
0.0750419
0.187065
3
0.00630871
0.0258161
0.170589
76
0.544373
0.0075314
0.995361
0.064065
0.48691
84
0.00779081
0.0265073
0.0833301
34
0.294327
0.00373909
0.937992
0.0880546
0.363935
9
0.00570488
0.021836
0.228299
49
0.509585
0.00193111
0.918346
0.0941306
0.401221
54
0.00820308
0.0217584
0.204353
51
0.729097
0.00753718
0.973059
0.014757
0.308288
5
0.00803175
0.0338066
0.151855
82
0.11024
0.00743444
0.979711
0.0335153
0.179472
94
0.00846015
0.0276293
0.277625
65
0.719862
0.00557772
0.993796
0.0188256
0.118206
94
0.000848336
0.0293383
0.245503
62
0.687294
0.00239949
0.943012
0.0790984
0.43599
62
0.00769082
0.0167719
0.425904
57
0.310995
0.00670676
0.906457
0.0440647
0.0635296
8
0.00907609
0.0202586
0.3785
69
0.344493
0.00938439
0.942219
0.000991121
0.361447
50
0.00808684
0.0243701
0.0881952
52
0.764533
0.00207035
0.910959
0.0902962
0.275297
83
0.00580095
0.0225299
0.0697842
45
0.374895
0.00321468
0.973737
0.0898089
0.465081
23
0.00447866
0.0469842
0.394341
85
0.893309
0.00567949
0.943487
0.0639746
0.247368
37
0.00172056
0.0216026
0.472817
19
0.70571
0.00595724
0.940389
0.00129997
0.101363
78
0.00384011
0.037507
0.256461
47
0.220546
0.00888614
0.947289
0.0887339
0.499954
19
0.00901215
0.0490116
0.0643766
7
0.876003
0.00165661
0.995575
0.0763291
0.326409
12
0.00295148
0.0178928
0.446444
61
0.831757
0.00428223
0.933091
0.0428301
0.252945
6
0.00628477
0.0260451
0.0287778
71
0.206843
0.00710516
0.943179
0.0855865
0.057756
78
0.00995969
0.0118298
0.477634
39
0.57611
0.00786003
0.940688
0.0193378
0.217671
90
0.00728925
0.0359791
0.226901
29
0.500225
0.00375719
0.963526
0.0401772
0.444047
31
0.00401982
0.0317698
0.0198922
41
0.365764
0.00600488
0.975831
0.0414556
0.340426
52
0.00797443
0.0439188
0.457044
33
0.403821
0.00455922
0.925615
0.0266456
0.487639
53
0.00307815
0.0499988
0.2767
62
0.551287
0.00837861
0.919782
0.0991255
0.245538
52
0.00361261
0.0373106
0.430817
5
0.530854
0.00251856
0.931375
0.00479955
0.19969
8
0.000135813
0.0171174
0.184006
44
0.52828
0.00621874
0.938419
0.0939178
0.296522
59
0.00686938
0.0392916
0.293606
15
0.35212
0.00748602
0.959777
0.0509782
0.125462
49
0.00239939
0.023995
0.126598
29
0.715107
0.00536464
0.902075
0.0449406
0.21021
33
0.0018711
0.0201207
0.105867
63
0.376334
0.00962293
0.962712
0.0455955
0.418408
38
0.00650231
0.045572
0.037535
75
0.520734
0.00789413
0.910115
0.078551
0.115634
83
0.00139722
0.0357891
0.250028
34
0.744269
0.00911766
0.925222
0.0210782
0.368686
43
0.000662425
0.0414987
0.436091
11
0.100915
0.00630741
0.918699
0.0419612
0.230536
20
0.00505661
0.0148083
0.16182
99
0.496299
0.00293947
0.97139
0.0561613
0.400536
56
0.0032945
0.0396794
0.101088
83
0.42099
0.0018394
0.947654
0.025049
0.0567387
93
0.00690096
0.0458306
0.145057
6
0.703261
0.00638852
0.929694
0.0293938
0.428051
91
0.00752979
0.0155732
0.43776
53
0.655334
0.00284317
0.913142
0.0211517
0.311597
24
0.00740324
0.0162036
0.0575638
36
0.779964
0.00464836
0.904783
0.0935024
0.184878
50
0.00513115
0.0310634
0.246282
90
0.405672
0.00980741
0.983403
0.0984693
0.160476
7
0.00617345
0.0314588
0.132438
83
0.321463
0.00758231
0.958779
0.00356524
0.119255
28
0.00397565
0.019105
0.411241
18
0.58753
0.00532738
0.998902
0.0255056
0.443981
79
0.00193893
0.0333304
0.496936
51
0.50187
0.00683057
0.926562
0.0478373
0.0390725
78
0.00273012
0.0104818
0.441527
55
0.836944
0.00702691
0.969416
0.0368426
0.224912
89
0.00848087
0.0255004
0.280238
8
0.282993
0.00632285
0.949633
0.00970809
0.239785
63
0.00549963
0.0164975
0.00746501
21
0.526194
0.00610149
0.978022
0.0387893
0.456392
42
0.00107009
0.0434538
0.346328
11
0.189418
0.00872132
0.980448
0.0125795
0.0527156
94
0.00464861
0.0425109
0.134882
74
0.789074
0.00827828
0.957892
0.00948461
0.200624
44
0.00604353
0.0485675
0.409256
77
0.753457
0.00513943
0.992071
0.0111257
0.0624265
23
0.00568316
0.0107669
0.223583
83
0.811251
0.00740326
0.977548
0.0181343
0.0348687
25
0.00695955
0.0188116
0.212538
100
0.72834
0.0086298
0.926875
0.0365718
0.284903
92
0.00878411
0.0269177
0.119716
50
0.462423
0.00233408
0.941709
0.0775384
0.341926
27
0.00351709
0.0138252
0.205569
89
0.338356
0.00548973
0.984949
0.00721296
0.202269
56
0.00453138
0.0395081
0.270287
73
0.854531
0.00907451
0.921272
0.0998288
0.236116
3
0.00163779
0.0349542
0.440017
7
0.19146
0.00992532
0.981016
0.0848736
0.161598
64
0.00204242
0.0289196
0.159663
34
0.554931
0.00605529
0.910004
0.061321
0.494351
73
0.00891711
0.0101742
0.172863
98
0.539666
0.00759199
0.904713
0.0260966
0.190558
72
0.00950081
0.0475854
0.0937467
39
0.210682
0.00546686
0.958399
0.0429638
0.0498329
61
0.00914752
0.0174015
0.486933
1
0.699527
0.00804894
0.984416
0.0359688
0.10238
17
0.00607962
0.0108903
0.483268
55
0.122054
0.00533901
0.957754
0.0159225
0.430262
20
0.00561716
0.0134497
0.261402
27
0.165905
0.0025104
0.987793
0.0529251
0.264827
42
0.00909252
0.0304002
0.345818
97
0.532874
0.00771784
0.913417
0.0662562
0.238221
1
0.00881475
0.0186109
0.103636
91
0.67347
0.00881902
0.975185
0.000206396
0.30618
69
0.0028092
0.0219619
0.332916
95
0.786786
0.00589395
0.944057
0.0431737
0.440745
50
0.00810583
0.0464643
0.289005
36
0.677322
0.00966641
0.947044
0.0724838
0.111281
26
0.00435717
0.0481755
0.197548
90
0.251207
0.00286706
0.902961
0.0547069
0.081203
87
0.000809777
0.0136818
0.0554039
80
0.106485
0.00833432
0.913965
0.0621004
0.313238
44
0.00532267
0.042654
0.350149
33
0.134816
0.00158695
0.937284
0.00425771
0.0291427
14
0.00793468
0.0235055
0.385021
24
0.264011
0.00651687
0.975527
0.0687745
0.0465957
67
0.0046659
0.0420241
0.265219
82
0.271627
0.00296381
0.945459
0.0567061
0.31776
57
0.00665597
0.0486727
0.410852
95
0.157969
0.00629198
0.992786
0.0677298
0.473897
100
0.00142842
0.0144223
0.141412
22
0.389501
0.00951303
0.995832
0.077825
0.0266236
99
0.00491609
0.0206679
0.473393
53
0.888145
0.00412902
0.945827
0.0909129
0.26861
31
0.00411449
0.0229685
0.408293
31
0.273584
0.00856308
0.916608
0.0109729
0.46298
81
0.00594726
0.0299396
0.381649
9
0.23586
0.00684082
0.937176
0.0768211
0.243021
89
0.00919318
0.0415698
0.275754
25
0.498079
0.00436799
0.931794
0.060291
0.318359
22
0.00762842
0.042894
0.247836
13
0.733657
0.00405845
0.976074
0.0350676
0.423333
84
0.00843544
0.0466498
0.0733671
53
0.423987
0.00569833
0.9532
0.0460556
0.351467
83
0.00126827
0.0348794
0.339099
74
0.848704
0.00983446
0.943604
0.0370319
0.328059
11
0.00254242
0.0417288
0.0952536
54
0.605023
0.00419454
0.901029
0.0393163
0.384723
31
0.00456908
0.0400134
0.218332
93
0.399462
0.00840816
0.988933
0.0221362
0.145796
15
0.00718814
0.0370712
0.0592673
45
0.145587
0.00858741
0.918009
0.0116441
0.0803816
33
0.00101457
0.0159617
0.219192
64
0.654134
0.00170187
0.973438
0.050394
0.243751
6
0.00372391
0.0479396
0.0891363
16
0.567177
0.00930719
0.976324
0.0802271
0.0850057
6
0.00314955
0.0496613
0.426814
8
0.442555
0.00100983
0.933473
0.0452117
0.0925259
74
0.0042821
0.0295846
0.468252
79
0.149701
0.00348801
0.957444
0.00155228
0.0232151
25
0.00611696
0.0290988
0.0294682
49
0.459784
0.00475261
0.934057
0.0996209
0.0944063
97
0.00675483
0.0402401
0.312958
49
0.112522
0.00566124
0.979515
0.0951636
0.277522
50
0.00751419
0.0267567
0.359356
59
0.887103
0.00136608
0.912642
0.0227535
0.272307
48
0.00379561
0.0334932
0.133354
41
0.515583
0.0088681
0.94136
0.00899756
0.420438
93
0.00856874
0.0438282
0.29923
19
0.874559
0.00265189
0.929434
0.027907
0.483688
13
0.00887795
0.0140446
0.00655933
51
0.4857
0.00674907
0.964817
0.0518201
0.100048
49
0.00986064
0.023589
0.384618
74
0.616627
0.00491473
0.930902
0.0835015
0.0726929
8
0.00468658
0.0436658
0.124943
54
0.429325
0.00431551
0.974207
0.0500379
0.181079
62
0.00392869
0.0196517
0.00229738
14
0.809367
0.00785369
0.915104
0.0540274
0.0158846
20
0.0019812
0.0256763
0.45979
20
0.83902
0.0065829
0.963259
0.0275499
0.263393
59
0.00259424
0.0420939
0.0849493
97
0.312952
0.00225607
0.982382
0.0421224
0.322454
51
0.00943486
0.0330361
0.45813
81
0.25565
0.00422972
0.980878
0.0417363
0.0558392
24
0.00409306
0.0270463
0.181525
78
0.213595
0.00808335
0.970663
0.0832347
0.132854
71
0.00586058
0.0197946
0.143415
50
0.68359
0.00718939
0.961874
0.0153054
0.438842
73
0.0097715
0.0132116
0.249613
10
0.573149
0.00989655
0.909518
0.0853095
0.467934
35
0.0017293
0.0180014
0.243738
43
0.118063
0.00939143
0.965327
0.0204072
0.123104
28
0.00603244
0.0127629
0.0320974
92
0.473809
0.00277219
0.959459
0.0664984
0.203797
41
0.0052554
0.0189744
0.0186148
48
0.412
0.00957642
0.987056
0.0773662
0.262638
39
0.00109531
0.0329128
0.114597
47
0.152943
0.00813166
0.926953
0.0857752
0.480762
14
0.0074811
0.0182765
0.302836
23
0.608976
0.00853946
0.983255
0.00120712
0.183344
63
0.00294539
0.0312196
0.283634
71
0.229185
0.00492661
0.941397
0.0922296
0.353449
82
0.00566177
0.0151859
0.449172
58
0.304583
0.00443786
0.919539
0.0172837
0.413683
8
0.00122064
0.0116255
0.241685
56
0.692757
0.00920999
0.991736
0.0981176
0.04891
35
0.000831756
0.0379001
0.391293
49
0.343054
0.00619956
0.942833
0.0305995
0.0306456
53
0.00470147
0.0257254
0.0967629
66
0.318374
0.00897534
0.966096
0.0246605
0.237268
2
0.00314579
0.0383145
0.37545
42
0.387035
0.00780754
0.912977
0.00234502
0.405317
55
0.0042556
0.0461447
0.267542
45
0.144201
0.00941264
0.94115
0.0432767
0.371079
66
0.00405918
0.0286251
0.0662243
2
0.885024
0.00337559
0.930705
0.0307932
0.329685
40
0.00766252
0.0366075
0.432448
84
0.79874
0.0072262
0.935947
0.0872077
0.492491
74
0.0042314
0.0459188
0.107082
2
0.329643
0.00744602
0.933044
0.0877198
0.327512
91
0.00710174
0.0250235
0.398773
31
0.440159
0.0056264
0.954903
0.0869983
0.346267
17
0.00898841
0.0206396
0.1253
87
0.385304
0.007823
0.975974
0.0470783
0.334575
48
0.00366066
0.0372425
0.281618
80
0.218305
0.00791699
0.906042
0.000842675
0.0328196
31
0.00964672
0.0283235
0.192144
75
0.332921
0.00435324
0.980762
0.0130541
0.223774
97
0.00203661
0.0418545
0.201304
67
0.661585
0.0020446
0.915571
0.0995127
0.266817
65
0.00390413
0.0319217
0.0349757
19
0.277244
0.00896855
0.926252
0.0386376
0.0652016
3
0.00866216
0.0318747
0.180276
8
0.378158
0.00841664
0.997056
0.0486577
0.468857
7
0.00945829
0.0495592
0.183428
27
0.430373
0.00832107
0.986746
0.00558231
0.459428
58
0.00209288
0.045243
0.453556
98
0.293497
0.00905349
0.911575
0.0928639
0.424313
97
0.00600451
0.0363095
0.463078
78
0.246081
0.00151404
0.925798
0.0171847
0.273591
61
0.00784743
0.0356858
0.210953
67
0.451126
0.00949519
0.927735
0.0464175
0.482069
67
0.00615129
0.0224056
0.116521
43
0.422368
0.00932337
0.901538
0.0594571
0.0598322
36
0.00556189
0.0398334
0.427465
61
0.172598
0.00371583
0.928417
0.0404348
0.392917
21
0.00711557
0.0346614
0.113889
45
0.320578
0.00368735
0.951814
0.0806852
0.114204
17
0.000710903
0.0264089
0.484707
26
0.873254
0.00687942
0.96735
0.093017
0.185719
8
0.00276806
0.0116977
0.214593
44
0.179423
0.00407852
0.985993
0.0550984
0.366003
90
0.00824334
0.0326726
0.0505994
34
0.79499
0.00105462
0.991064
0.00968216
0.304437
63
0.00310293
0.0146926
0.0491885
39
0.851053
0.00530613
0.97728
0.0637151
0.383182
6
0.00573502
0.0147774
0.41927
9
0.133235
0.00303766
0.942101
0.0165015
0.0542278
10
0.00334092
0.0160677
0.127706
98
0.327527
0.00970179
0.936568
0.02584
0.208728
37
0.00490108
0.0478497
0.452461
88
0.139179
0.00573402
0.963791
0.0609519
0.344125
38
0.000579514
0.0110381
0.450994
27
0.1145
0.00172712
0.905368
0.0559867
0.47266
89
0.00689085
0.033052
0.00548586
47
0.44153
0.00818575
0.995746
0.0885838
0.434115
59
0.00680377
0.0453247
0.301924
93
0.768223
0.00115871
0.935711
0.00203674
0.0476562
22
0.00220509
0.0172858
0.0631294
69
0.408767
0.0013248
0.959976
0.0691789
0.180631
91
0.000473793
0.041373
0.0520359
75
0.113479
0.00323517
0.90827
0.0796273
0.485707
58
0.00151379
0.0115794
0.213302
92
0.598325
0.00822044
0.95304
0.0646232
0.325371
65
0.00670294
0.0497416
0.368091
30
0.472528
0.00803195
0.910868
0.061728
0.131876
40
0.00622581
0.0441855
0.1588
60
0.333997
0.00955126
0.96084
0.0232165
0.337716
23
0.00353514
0.0405725
0.352021
32
0.414545
0.00487062
0.997286
0.0457009
0.0958239
19
0.00200801
0.0263642
0.323262
70
0.349997
0.0055462
0.993528
0.0389144
0.124178
96
0.00260202
0.032374
0.30782
13
0.706953
0.00317768
0.964374
0.0164693
0.415953
30
0.00906059
0.0465211
0.324226
67
0.449886
0.00774501
0.93271
0.0118128
0.38828
60
0.00557181
0.0351094
0.0414864
38
0.49123
0.00569783
0.917073
0.0242037
0.475695
90
0.00520139
0.0215647
0.32282
92
0.868093
0.00830438
0.989952
0.0142783
0.316096
4
0.00869865
0.0303196
0.0111926
5
0.300213
0.00343854
0.95528
0.0846327
0.391684
71
0.000977706
0.0130047
0.23416
33
0.236727
0.00697128
0.900166
0.0711745
0.352453
37
0.00652351
0.0349845
0.47419
73
0.288969
0.00308564
0.988354
0.0781716
0.0980005
63
0.00182366
0.0392701
0.420939
47
0.638105
0.00611983
0.922609
0.071862
0.358926
46
0.00678718
0.0242334
0.254642
85
0.409377
0.00232454
0.924935
0.0654197
0.215622
76
0.00522843
0.0393799
0.0993142
94
0.108225
0.00363084
0.91227
0.0716222
0.122138
70
0.00643462
0.0430365
0.49201
46
0.435677
0.00691927
0.928126
0.0681436
0.345456
86
0.00742772
0.0382371
0.390561
81
0.202579
0.00116387
0.996992
0.0220382
0.488059
76
0.00720836
0.0466169
0.086734
39
0.777232
0.00908643
0.934686
0.0484903
0.255802
84
0.000615121
0.0456143
0.169451
29
0.432405
0.00859911
0.97081
0.00447143
0.156256
60
0.0087996
0.0158515
0.139194
22
0.296206
0.00657175
0.921115
0.0649366
0.207803
39
0.00454535
0.0354402
0.251059
47
0.8147
0.00520745
0.91129
0.0837189
0.285902
75
0.00641394
0.0324528
0.104455
91
0.589701
0.00979287
0.931644
0.0586669
0.387478
82
0.0032848
0.0113854
0.490956
56
0.553568
0.00846229
0.989301
0.0483013
0.196048
22
0.00227594
0.0163606
0.4512
76
0.556915
0.00798892
0.971562
0.0668845
0.382149
80
0.00706906
0.0104258
0.45423
16
0.141898
0.00953254
0.967737
0.00786604
0.398768
39
0.00620802
0.0261416
0.0987518
36
0.104127
0.00552639
0.996754
0.0494929
0.0371752
51
0.00719699
0.043758
0.0824531
58
0.124195
0.00965194
0.990236
0.0168474
0.0882492
71
0.00815103
0.0499187
0.493444
60
0.807225
0.00801741
0.965661
0.0228786
0.139468
34
0.00141181
0.0192664
0.467383
16
0.38025
0.00934361
0.998383
0.0805274
0.320324
65
0.00117743
0.0248567
0.097581
61
0.16415
0.00838932
0.939794
0.093211
0.148596
64
0.00938782
0.0236256
0.196151
9
0.796894
0.00302508
0.975015
0.0679032
0.261136
18
0.00648166
0.048104
0.00871644
16
0.338966
0.00627307
0.940524
0.0524211
0.265396
72
0.0036751
0.0344824
0.360132
48
0.183149
0.00280019
0.950131
0.0972026
0.330556
1
0.0097904
0.0114448
0.00320238
22
0.772892
0.00149088
0.978761
0.0524759
0.290583
68
0.0035551
0.0401338
0.448261
54
0.746927
0.00122189
0.916071
0.00825236
0.307468
45
0.00051066
0.0280169
0.392091
65
0.724071
0.00972317
0.93457
0.091607
0.409974
100
0.00588219
0.0361555
0.387206
37
0.475275
0.00382447
0.984875
0.0888997
0.0876552
5
0.00928172
0.0125155
0.122943
11
0.401258
0.00388932
0.914343
0.0712381
0.47159
58
0.00224276
0.04469
0.438675
19
0.425323
0.00789345
0.900276
0.0739734
0.390258
92
0.00953186
0.0369182
0.295094
80
0.253076
0.00449279
0.923248
0.0356135
0.331687
11
0.00344282
0.0153854
0.495302
93
0.648588
0.0052766
0.969287
0.058239
0.00452554
71
0.0086516
0.0233009
0.27859
37
0.63432
0.00146702
0.907226
0.084604
0.0824441
23
0.00661285
0.0303872
0.165791
92
0.710495
0.00210428
0.943887
0.096869
0.257977
46
0.00120247
0.0134382
0.102335
7
0.564336
0.00378919
0.944658
0.00296699
0.43362
84
0.00116146
0.0453632
0.435538
71
0.268622
0.00835847
0.938973
0.0895169
0.0666816
27
0.00267788
0.0191655
0.0785247
6
0.622467
0.00400044
0.972612
0.072975
0.0438085
13
0.00560173
0.0209452
0.225752
89
0.641396
0.00216929
0.987975
0.0771108
0.100575
21
0.00544903
0.0229066
0.292407
17
0.61185
0.00776212
0.936324
0.0505948
0.216383
54
0.00858046
0.0113126
0.123344
60
0.800847
0.00319374
0.944968
0.0924324
0.0680699
77
0.00592412
0.018931
0.366085
21
0.72387
0.00663386
0.95272
0.04484
0.355449
15
0.00946635
0.0166134
0.28502
60
0.190356
0.00433542
0.949824
0.0426055
0.376563
94
0.00673749
0.0345855
0.0758175
69
0.731422
0.00664635
0.948011
0.0123695
0.410558
7
0.00153885
0.0353266
0.00162913
95
0.727101
0.00703081
0.923742
0.0329339
0.425674
70
0.00244138
0.0409333
0.168126
53
0.197094
0.00647565
0.941827
0.00469273
0.406694
87
0.00726591
0.0390345
0.25976
33
0.237642
0.00766691
0.916895
0.00835437
0.214574
46
0.00968184
0.0139073
0.389513
28
0.541384
0.00472029
0.946302
0.0815311
0.0259415
95
0.00807359
0.0411214
0.17732
40
0.187961
0.00240617
0.981892
0.058291
0.481534
41
0.00421462
0.0304965
0.182349
73
0.353605
0.00741284
0.930048
0.0569577
0.288014
9
0.00812218
0.0308829
0.386216
82
0.171959
0.00417689
0.977776
0.0143807
0.159562
36
0.00983667
0.0367956
0.0564895
26
0.73273
0.00402841
0.981699
0.0578152
0.18616
86
0.00446945
0.0219049
0.0710204
35
0.340778
0.0013925
0.963998
0.0481102
0.182581
44
0.00591319
0.0232649
0.354784
56
0.418137
0.00573366
0.958846
0.061199
0.292694
45
0.00993399
0.048897
0.40409
91
0.460798
0.00935272
0.972792
0.0361133
0.369165
36
0.00941381
0.0408113
0.185547
68
0.290924
0.00398011
0.93488
0.0251301
0.175784
45
0.00638101
0.0136418
0.400368
9
0.123088
0.00333116
0.97184
0.0908038
0.104368
36
0.00551792
0.0207765
0.0487271
23
0.759029
0.00292565
0.922039
0.0820689
0.427958
2
0.0046279
0.0472052
0.0256643
12
0.195942
0.00876407
0.942511
0.0497859
0.211294
70
0.000107576
0.0439767
0.167396
1
0.280495
0.00108122
0.98977
0.0819926
0.229909
42
0.00700334
0.0294396
0.206027
4
0.666959
0.00140819
0.918584
0.0299705
0.0682835
33
0.000523596
0.0275703
0.236855
24
0.21981
0.00473267
0.916323
0.00218673
0.121522
32
0.00182017
0.0449352
0.32162
18
0.147234
0.00770821
0.908691
0.0540688
0.436918
34
0.00795832
0.0296326
0.00993409
28
0.696326
0.00996796
0.971952
0.0832034
0.197484
69
0.00975919
0.03669
0.396261
3
0.754931
0.00578597
0.98566
0.080905
0.445964
45
0.00472039
0.0185041
0.445835
9
0.305463
0.00452535
0.95397
0.0658477
0.43939
18
0.00528628
0.0310076
0.0404691
38
0.627896
0.00890439
0.956269
0.0866483
0.0538927
77
0.00921376
0.0311535
0.0907061
31
0.18042
0.00608545
0.946003
0.000391156
0.295474
27
0.00937271
0.0227885
0.0398381
85
0.84019
0.00701176
0.925492
0.0983005
0.0617486
12
0.0062654
0.027394
0.0477072
41
0.662441
0.00178701
0.965902
0.0958137
0.3772
82
0.00963478
0.0220248
0.33028
45
0.748596
0.00208108
0.98921
0.0333032
0.144617
44
0.00823716
0.0445236
0.35714
25
0.761899
0.00598419
0.95373
0.0150712
0.378305
14
0.00701668
0.0174874
0.349401
28
0.561766
0.00735696
0.956818
0.0376103
0.396666
40
0.0010421
0.0492322
0.0912273
78
0.812248
0.00391098
0.911101
0.0121802
0.34818
19
0.00418155
0.0483429
0.0811241
76
0.156917
0.00350859
0.994278
0.067414
0.35003
86
0.00339759
0.0347645
0.475432
1
0.713194
0.00186158
0.905029
0.0720354
0.46929
52
0.00537335
0.011998
0.0130605
30
0.239815
0.00820675
0.917493
0.0827473
0.426729
58
0.00125973
0.0337528
0.399352
87
0.568004
0.00212622
0.97909
0.0883702
0.033731
4
0.00285316
0.0161333
0.092877
59
0.344984
0.00669751
0.920576
0.0978007
0.0274535
94
0.00564333
0.0314331
0.497287
96
0.606085
0.00738702
0.921638
0.0325029
0.412254
18
0.00637517
0.0471622
0.220439
69
0.436241
0.00467014
0.98372
0.0891246
0.28268
74
0.00760703
0.0238087
0.160145
14
0.426926
0.00914984
0.976645
0.0259188
0.258654
42
0.000421794
0.0457559
0.30023
99
0.395865
0.00720991
0.932028
0.0302734
0.0968511
86
0.00804526
0.0362119
0.264687
94
0.592958
0.00360168
0.948453
0.0488736
0.171646
51
0.00210709
0.0247337
0.137335
58
0.889213
0.00480251
0.904383
0.0436466
0.403568
99
0.00737647
0.0181461
0.416109
66
0.842764
0.00413771
0.997548
0.0786275
0.00640564
81
0.00444693
0.0447811
0.480806
58
0.27577
0.00306284
0.914066
0.003382
0.450644
39
0.00673293
0.025876
0.296824
21
0.793344
0.00616683
0.948546
0.0321608
0.477465
16
0.00507557
0.0381386
0.429587
87
0.362698
0.00218271
0.901892
0.00370648
0.241001
3
0.00300871
0.0210881
0.153482
66
0.630417
0.00616549
0.945727
0.0620161
0.157979
81
0.000302699
0.0339317
0.0142291
99
0.603893
0.00347829
0.962794
0.062907
0.127947
75
0.00157462
0.0108009
0.271606
43
0.737624
0.00238551
0.99034
0.0794317
0.373139
85
0.00487198
0.014591
0.0420307
80
0.393994
0.00987783
0.950833
0.0519127
0.150807
14
0.00262491
0.0153523
0.0745321
23
0.664423
0.00263322
0.929827
0.0239115
0.302598
29
0.00540425
0.0252914
0.0452598
88
0.249401
0.0011417
0.96062
0.0749213
0.314802
49
0.00895383
0.0133418
0.190451
13
0.465761
0.00866722
0.920964
0.0647034
0.138953
95
0.00479911
0.0121181
0.26635
23
0.1262
0.00395756
0.933832
0.00677863
0.260832
92
0.000767431
0.0317348
0.0874388
73
0.261618
0.00214603
0.924505
0.0615583
0.279178
82
0.00131623
0.0202287
0.0674983
94
0.823561
0.00502933
0.952125
0.0956696
0.0168463
41
0.00961145
0.0131879
0.318073
69
0.335454
0.00509324
0.90898
0.053788
0.312529
76
0.00167515
0.0388916
0.489063
81
0.745245
0.00528863
0.921507
0.00923985
0.188629
55
0.00413017
0.0358602
0.0350949
72
0.878378
0.00355703
0.961279
0.042385
0.167228
45
0.00606695
0.0195488
0.0120426
86
0.103198
0.00699116
0.903151
0.0131996
0.225088
99
0.00320463
0.0333818
0.412905
59
0.88136
0.00489602
0.946796
0.0267824
0.228511
39
0.00338207
0.0442595
0.273197
21
0.691447
0.00797583
0.935604
0.00586499
0.146209
34
0.000875652
0.0368057
0.415522
18
0.635534
0.00242854
0.932305
0.0573363
0.367378
88
0.00341533
0.0387269
0.0385599
62
0.364369
0.00181697
0.985492
0.0162681
0.218624
54
0.00624421
0.046243
0.362353
77
0.205053
0.00111076
0.919087
0.0703704
0.256161
53
0.00663148
0.0170172
0.208889
33
0.893992
0.00884182
0.922825
0.0263642
0.269986
17
0.00303405
0.0233996
0.147822
94
0.547816
0.00707178
0.968367
0.0192552
0.212807
29
0.00427068
0.0171894
0.14246
76
0.820734
0.00320137
0.923398
0.00319977
0.452935
25
0.00613886
0.0344682
0.138975
59
0.751952
0.00342465
0.985191
0.0917031
0.0396648
26
0.00318131
0.0194223
0.239744
12
0.856926
0.0067775
0.92378
0.0842681
0.232615
16
0.00980377
0.0405255
0.115051
68
0.405322
0.00817753
0.9859
0.0893199
0.254271
11
0.00128828
0.0227143
0.383969
82
0.140821
0.00643559
0.953281
0.0234545
0.11023
49
0.00165585
0.0144853
0.163583
29
0.516611
0.00246527
0.998072
0.0152682
0.338363
29
0.00107156
0.0139266
0.111267
100
0.316236
0.00459385
0.96552
0.0810231
0.419444
65
0.00925059
0.0152557
0.0465737
98
0.444824
0.00177131
0.908395
0.0655481
0.399325
55
0.00218997
0.0242494
0.0620406
14
0.774866
0.00477679
0.970321
0.0740264
0.300668
27
0.00843696
0.0401688
0.382237
49
0.214853
0.00257087
0.997941
0.0180076
0.198209
73
0.000322142
0.044972
0.187788
42
0.469951
0.00580398
0.907582
0.0128076
0.206515
84
0.00416399
0.0222994
0.262058
98
0.136315
0.00468778
0.936933
0.0552518
0.442598
92
0.00833206
0.0285181
0.380948
12
0.791568
0.00310267
0.976844
0.0534429
0.0138811
93
0.00223021
0.0335938
0.0541783
70
0.173952
0.00810611
0.903294
0.0314477
0.20543
15
0.00667823
0.0275081
0.0230791
54
0.653281
0.00244769
0.930115
0.0562972
0.356784
47
0.00123715
0.0106684
0.194071
62
0.827395
0.0081461
0.923078
0.0184314
0.137504
2
0.00381801
0.027153
0.32705
4
0.349022
0.0092046
0.9561
0.0289967
0.381304
88
0.00017795
0.0259509
0.0802942
42
0.829619
0.00282142
0.957008
0.029574
0.283249
30
0.00389651
0.0110908
0.135893
31
0.671155
0.00764865
0.944346
0.0634022
0.130914
58
0.00517533
0.0399377
0.30412
73
0.368272
0.0012864
0.920041
0.0675661
0.47685
80
0.000652258
0.0321473
0.0303385
72
0.419492
0.00357919
0.932086
0.0592529
0.112712
88
0.000939394
0.0384974
0.379715
60
0.625853
0.00587343
0.984707
0.0507105
0.0776394
32
0.00500627
0.0197581
0.303997
26
0.581364
0.00537849
0.907875
0.0542458
0.354408
67
0.00827905
0.0297115
0.402528
17
0.668406
0.00288596
0.928106
0.0993512
0.491873
79
0.00155846
0.0356785
0.298637
3
0.163448
0.0033214
0.937734
0.0921082
0.209793
30
0.00359761
0.0371796
0.351522
3
0.583103
0.00951758
0.978499
0.0243054
0.143652
11
0.00291166
0.0321932
0.290547
96
0.201126
0.00557172
0.958167
0.0175202
0.241373
39
0.0048561
0.0355787
0.356588
42
0.152032
0.00987059
0.986367
0.0381546
0.249882
75
0.00771446
0.025252
0.294799
68
0.308941
0.00946903
0.95736
0.0596688
0.178342
88
0.00855395
0.0162929
0.310139
46
0.476254
0.00944757
0.927356
0.0104692
0.386602
14
0.00873908
0.0432364
0.079354
82
0.879379
0.00746412
0.988196
0.0348208
0.457361
80
0.00290343
0.0203335
0.405746
19
0.177114
0.00461875
0.952487
0.0170767
0.49303
98
0.00900004
0.0221166
0.48592
46
0.822163
0.0058153
0.924254
0.0528182
0.0367775
84
0.000568877
0.0440381
0.260159
28
0.700776
0.00120798
0.991216
0.0318033
0.374964
28
0.00635599
0.0278217
0.395784
43
0.859898
0.00129385
0.930595
0.070838
0.235478
7
0.00301347
0.048871
0.38816
34
0.513515
0.00483661
0.954507
0.0288547
0.153869
38
0.000741345
0.0354196
0.406756
51
0.148816
0.00326328
0.917758
0.0491963
0.0755083
85
0.0086229
0.0467806
0.488963
88
0.105708
0.00479438
0.94082
0.019591
0.484257
52
0.00748657
0.0491469
0.361577
21
0.577429
0.00326897
0.994453
0.077704
0.084007
79
0.00284127
0.0265894
0.377547
66
0.398216
0.00514109
0.933872
0.0936844
0.250261
88
0.00841492
0.0331389
0.413089
4
0.534182
0.00599356
0.920621
0.0579077
0.0196606
52
0.00215975
0.0459296
0.401861
97
0.68536
0.00119692
0.967532
0.0987418
0.0608039
21
0.00402398
0.0204323
0.176106
89
0.845579
0.00256012
0.960504
0.0723544
0.0581977
32
0.000787551
0.0376006
0.154198
53
0.463929
0.0027821
0.901639
0.0452825
0.385527
68
0.00493405
0.0255552
0.0722706
2
0.785626
0.00728096
0.905742
0.0602377
0.309749
55
0.000952829
0.0154604
0.060032
62
0.119207
0.00717093
0.991614
0.0479635
0.174226
40
0.00693953
0.0445818
0.333116
14
0.67887
0.0049556
0.955109
0.0743786
0.0706421
57
0.00476408
0.0428748
0.0650163
7
0.866445
0.00353411
0.939945
0.0467578
0.395417
80
0.00530061
0.0424052
0.376047
39
0.28121
0.00431098
0.939377
0.0624691
0.0741351
41
0.00113876
0.0282259
0.233286
2
0.391689
0.00622032
0.973855
0.0363087
0.402378
71
0.00325968
0.0316351
0.0584023
50
0.828325
0.0020278
0.961472
0.0200716
0.461423
29
0.00496529
0.030096
0.30934
65
0.550708
0.00995398
0.983812
0.0622449
0.294959
10
0.00195819
0.0193114
0.221783
72
0.368947
0.00515817
0.978221
0.0565305
0.417962
50
0.00207356
0.0327796
0.0109266
38
0.44797
0.00863276
0.987556
0.055574
0.00218563
12
0.00305329
0.0443279
0.373229
79
0.891615
0.0011056
0.968989
0.063183
0.332537
9
0.00347568
0.0123773
0.316537
40
0.131861
0.00851167
0.918135
0.0202047
0.26789
76
0.00872819
0.0302197
0.455665
41
0.736672
0.00102968
0.937618
0.00173669
0.22112
68
0.00586924
0.0493791
0.211165
94
0.649911
0.00606611
0.928758
0.00857066
0.141018
5
0.000220185
0.0176274
0.469291
87
0.325907
0.00542213
0.970045
0.0113327
0.474559
12
0.00776154
0.0391817
0.499188
30
0.225905
0.00469007
0.914639
0.0283212
0.00514606
21
0.00659168
0.0150701
0.311042
20
0.861256
0.00625339
0.934437
0.0769297
0.0903988
67
0.00394963
0.03254
0.347049
3
0.373031
0.00961275
0.97525
0.0384499
0.347184
26
0.00297407
0.0177882
0.106453
32
0.864198
0.00636815
0.960167
0.0378807
0.176946
32
0.00726993
0.0164502
0.31785
32
0.524809
0.00315148
0.900752
0.00603068
0.128382
79
0.00478478
0.023743
0.297148
84
0.848989
0.00517619
0.974403
0.0158593
0.251553
81
0.00363905
0.018797
0.11849
8
0.895421
0.00200372
0.978941
0.0947024
0.460823
9
0.00859729
0.015712
0.129349
82
0.835245
0.00915677
0.949186
0.0439714
0.194226
9
0.00664352
0.027031
0.365347
5
0.640436
0.00867558
0.951231
0.0226234
0.39459
45
0.000188232
0.0251953
0.178986
83
0.357746
0.00294874
0.927283
0.0732766
0.136564
66
0.000387196
0.0272046
0.45646
95
0.129471
0.00778609
0.912455
0.0874805
0.173222
97
0.00357678
0.0454794
0.121196
84
0.499394
0.00416415
0.938164
0.0697419
0.364527
27
0.00161585
0.0172346
0.2402
20
0.511251
0.00522831
0.93267
0.0685097
0.248152
66
0.00732926
0.0168464
0.498686
17
0.585117
0.00524596
0.970987
0.065043
0.335934
47
0.000367337
0.013101
0.393914
12
0.287836
0.00187103
0.946531
0.0198153
0.0867568
48
0.00350151
0.0112721
0.13002
68
0.782762
0.0056
0.994011
0.0493739
0.135143
42
0.00553747
0.0290392
0.148388
79
0.825466
0.00849325
0.900973
0.0098943
0.446917
23
0.00136986
0.0422575
0.319099
93
0.776732
0.00425832
0.93665
0.0695055
0.253129
73
0.000262695
0.0469522
0.328768
85
0.595384
0.00975239
0.925084
0.0716876
0.389498
91
0.00682385
0.0284168
0.202716
35
0.248097
0.00880354
0.959311
0.0588614
0.165269
38
0.00533287
0.0484251
0.117331
41
0.299728
0.00550723
0.982996
0.00691386
0.276077
59
0.00368679
0.0403539
0.335037
26
0.65165
0.0039379
0.92767
0.0683917
0.162365
68
0.00516266
0.0266423
0.46063
48
0.620143
0.00410047
0.913565
0.0345426
0.298317
4
0.000614586
0.036364
0.439384
84
0.762623
0.00143701
0.997788
0.0214637
0.43779
2
0.00112435
0.0239027
0.150538
51
0.267924
0.00693757
0.901254
0.0872519
0.464029
99
0.00250191
0.0397106
0.364694
28
0.804741
0.00689277
0.948914
0.0606683
0.455232
54
0.00279007
0.0228241
0.282378
2
0.457358
0.00267943
0.998635
0.00751442
0.234811
5
0.00798415
0.0432986
0.397426
70
0.454408
0.00977916
0.915976
0.0813015
0.149338
5
0.00632628
0.0380454
0.0766269
23
0.846206
0.00959351
0.966606
0.0315168
0.299085
15
0.00989059
0.0418214
0.466616
76
0.222103
0.00885392
0.988582
0.0512668
0.416187
57
0.00915127
0.0305948
0.203862
81
0.592467
0.00667769
0.917403
0.0672105
0.336884
37
0.00371339
0.0320745
0.157796
80
0.231125
0.0087251
0.929251
0.0978482
0.447217
26
0.0031188
0.024881
0.47949
15
0.79941
0.00708666
0.971123
0.00513099
0.116089
24
0.00212115
0.0340781
0.338857
22
0.599692
0.0072956
0.979224
0.0338938
0.466462
2
0.00148288
0.0198533
0.337744
65
0.223362
0.00167125
0.962505
0.0823612
0.333114
96
0.00831017
0.03263
0.109978
64
0.64462
0.00385357
0.929066
0.0205661
0.359809
93
0.00241718
0.0199655
0.417426
9
0.789745
0.00247765
0.961746
0.0761776
0.106605
46
0.00904745
0.0386344
0.369942
92
0.207747
0.00614517
