0.92614
0.111829
0.178574
29
0.465227
0.425176
0.0427357
0.0786909
95
0.0276111
0.265532
0.902551
0.116048
0.464327
9
0.208841
0.434046
0.0891259
0.0365696
68
0.241437
9.88942
0.812519
0.147847
0.394378
23
0.140412
0.195805
0.0572522
0.171216
60
0.776652
5.3648
0.76154
0.375372
0.252539
58
0.402754
0.561287
0.0842805
0.148891
52
0.688495
1.30998
0.885823
0.262666
0.260383
60
0.457621
0.266292
0.0299067
0.451941
44
0.701997
3.01441
0.716024
0.280644
0.274885
8
0.109382
0.402364
0.078382
0.0458475
34
0.247248
8.86094
0.782948
0.370046
0.490618
71
0.250232
0.911747
0.022928
0.20132
69
0.690419
0.32216
0.813725
0.190896
0.158004
100
0.261832
0.659539
0.065245
0.169048
77
0.514947
3.92893
0.747168
0.164887
0.387137
45
0.185091
0.761371
0.027872
0.114671
22
0.303249
9.62366
0.876859
0.0515678
0.0576874
65
0.317055
0.867182
0.0200314
0.104936
83
0.06441
2.09107
0.874028
0.175652
0.0378208
33
0.352235
0.906408
0.0540719
0.422913
28
0.402176
0.469609
0.788079
0.174236
0.267991
78
0.323789
0.164598
0.0698612
0.49188
74
0.101233
0.956015
0.798072
0.199318
0.126777
38
0.301208
0.723014
0.0416898
0.174541
78
0.420984
0.159834
0.888813
0.179896
0.440766
99
0.424275
0.960852
0.0711283
0.112021
23
0.0700772
5.17536
0.816908
0.12286
0.415807
31
0.311255
0.252581
0.0830365
0.126168
41
0.180154
6.92801
0.850488
0.163968
0.458572
25
0.0509067
0.686781
0.0650664
0.287761
66
0.184581
8.67757
0.747838
0.0220189
0.29249
53
0.0149862
0.655247
0.023197
0.168133
21
0.245016
9.64955
0.824474
0.333732
0.298684
75
0.280956
0.133339
0.0803424
0.0989638
30
0.50361
1.26861
0.849977
0.329003
0.41501
12
0.358048
0.530685
0.0670078
0.20697
50
0.0374616
4.04535
0.957838
0.345241
0.177258
34
0.495384
0.275415
0.0937938
0.331984
29
0.133846
0.893856
0.964683
0.120675
0.417915
86
0.350699
0.533354
0.0878102
0.18953
86
0.542047
8.3946
0.846274
0.0997864
0.22434
63
0.123989
0.715744
0.033091
0.0940127
71
0.584553
6.66532
0.809707
0.269198
0.450121
54
0.22386
0.166775
0.0814751
0.267492
10
0.0635061
3.21965
0.993609
0.132106
0.161102
48
0.0566304
0.784277
0.0995019
0.0831657
19
0.784365
4.23359
0.887444
0.146809
0.358182
34
0.0575975
0.506415
0.0681103
0.445072
88
0.508612
6.02874
0.739604
0.0704107
0.313541
88
0.137109
0.966239
0.0971671
0.261654
15
0.410122
7.73789
0.784795
0.146293
0.0291351
60
0.240328
0.377388
0.0552486
0.440079
5
0.0468128
6.78626
0.917341
0.0100672
0.164905
87
0.0970542
0.156621
0.0620014
0.339095
86
0.491099
8.07417
0.853196
0.232191
0.0116183
35
0.332142
0.445202
0.0319996
0.110495
30
0.495773
0.996485
0.884662
0.0691744
0.366875
68
0.451975
0.527648
0.045863
0.406015
30
0.115395
2.87284
0.935807
0.233583
0.104841
70
0.0913227
0.828382
0.0736298
0.460606
78
0.51231
0.39311
0.785675
0.327885
0.205811
62
0.0126138
0.848476
0.0630057
0.185093
26
0.0224591
1.29978
0.795031
0.169537
0.333755
75
0.178611
0.933346
0.0362496
0.438915
93
0.335604
2.81946
0.761857
0.36182
0.475528
91
0.224555
0.076148
0.0337534
0.152333
41
0.0530961
5.95636
0.842473
0.305111
0.0146647
2
0.211539
0.43843
0.0485218
0.323546
73
0.0505502
2.53151
0.968172
0.0412085
0.10995
38
0.00233763
0.246615
0.0544751
0.392369
40
0.246334
5.60722
0.775706
0.250211
0.264298
96
0.0118855
0.447766
0.0145321
0.190906
71
0.708978
4.90507
0.918215
0.276832
0.432463
88
0.442536
0.357948
0.0599217
0.0444602
45
0.310589
2.77458
0.719444
0.208335
0.253503
38
0.381576
0.8558
0.0223254
0.0248792
19
0.713381
9.16652
0.816018
0.390199
0.15892
45
0.49051
0.228984
0.029789
0.290613
90
0.036212
4.58787
0.804194
0.310623
0.477271
55
0.271188
0.23796
0.0682624
0.136988
29
0.350501
4.60557
0.95413
0.357441
0.280113
67
0.243837
0.768677
0.062239
0.472194
43
0.343102
9.42604
0.894262
0.178807
0.401773
24
0.324755
0.366549
0.0844323
0.283777
65
0.316721
5.3168
0.890273
0.123441
0.129677
8
0.0879767
0.895418
0.0962134
0.290023
99
0.721419
8.08988
0.709253
0.15174
0.226396
66
0.174946
0.732888
0.0355158
0.10961
61
0.381547
0.724543
0.996167
0.275915
0.323483
50
0.150972
0.577328
0.0685559
0.389477
10
0.457759
2.47346
0.752116
0.258485
0.0935617
18
0.0211487
0.603158
0.0632427
0.0930716
68
0.145372
6.84479
0.886863
0.285773
0.486783
22
0.453526
0.412213
0.0454967
0.253169
78
0.581355
4.63139
0.832867
0.215046
0.136122
27
0.398467
0.67176
0.0502887
0.466756
35
0.183231
3.37848
0.883994
0.193167
0.466767
26
0.443648
0.0477826
0.0326778
0.271701
21
0.0443619
0.0738979
0.849413
0.235305
0.184201
10
0.449138
0.63511
0.0401285
0.097319
12
0.670304
5.13111
0.802837
0.0371342
0.0618957
15
0.25999
0.0829186
0.0392925
0.17625
22
0.655697
1.93808
0.741699
0.263182
0.207976
80
0.0925268
0.801884
0.0511963
0.341795
83
0.385581
7.22727
0.940632
0.114458
0.139694
96
0.191865
0.749846
0.0129591
0.328631
17
0.0158618
7.75248
0.798643
0.055719
0.193937
9
0.291951
0.93183
0.03903
0.233852
35
0.642222
5.50146
0.905238
0.374849
0.0773773
19
0.125566
0.340923
0.0215501
0.0382252
72
0.0565603
3.5341
0.712332
0.155028
0.41114
85
0.298488
0.720591
0.0212786
0.106946
25
0.325116
5.64017
0.864448
0.165725
0.197803
19
0.493857
0.350613
0.0773902
0.179182
23
0.629188
2.54043
0.829178
0.105591
0.0535314
95
0.192834
0.440174
0.0660228
0.141636
59
0.530735
1.76527
0.828051
0.342729
0.418223
25
0.143248
0.206376
0.0376303
0.186296
48
0.741213
6.07153
0.758321
0.201831
0.0757905
76
0.448589
0.791333
0.0271179
0.0470523
45
0.685138
4.72705
0.771676
0.294459
0.0421822
67
0.252208
0.28456
0.0416794
0.106769
39
0.261871
0.195804
0.892333
0.276719
0.144801
77
0.39711
0.944376
0.0824263
0.0204121
65
0.47496
6.73495
0.830574
0.0244427
0.359818
4
0.149
0.731058
0.0465548
0.474791
39
0.25377
0.538946
0.701479
0.259715
0.257802
59
0.432342
0.296777
0.0585553
0.220455
71
0.666288
7.0809
0.70504
0.188684
0.0923152
91
0.129276
0.422451
0.0345438
0.0170096
41
0.11317
8.46296
0.80293
0.333345
0.429891
81
0.24997
0.0881444
0.0828004
0.37504
70
0.426862
2.70321
0.734162
0.0256054
0.472203
55
0.268912
0.651479
0.0560817
0.364682
45
0.582733
2.35671
0.931744
0.0756797
0.462752
80
0.0774714
0.0332547
0.0754973
0.177149
75
0.344184
1.72769
0.871079
0.0540396
0.19987
23
0.0356873
0.0197902
0.0879938
0.417664
80
0.348282
1.99874
0.952311
0.113056
0.154221
89
0.00764763
0.793752
0.0172626
0.00374877
36
0.744821
0.660016
0.750547
0.329761
0.442481
38
0.296415
0.834908
0.0153875
0.268533
95
0.606696
5.3343
0.829934
0.117098
0.425055
77
0.0288777
0.548424
0.0528488
0.391342
27
0.600169
1.50516
0.854244
0.242417
0.491586
19
0.099783
0.202824
0.0118398
0.399032
6
0.296566
1.60015
0.906253
0.0721293
0.0962731
11
0.339368
0.738563
0.0101709
0.499258
94
0.535821
3.59969
0.947296
0.2197
0.169793
45
0.455965
0.302909
0.0696556
0.452575
76
0.212907
1.42715
0.852699
0.127289
0.32723
57
0.200982
0.662362
0.025069
0.297363
88
0.652568
3.13758
0.92967
0.272743
0.142691
35
0.412268
0.373353
0.085026
0.120013
64
0.595571
9.15256
0.843052
0.017086
0.0404734
57
0.0688156
0.60106
0.0950432
0.22266
56
0.679834
8.80564
0.950658
0.28471
0.409867
73
0.107143
0.359819
0.054933
0.0238526
28
0.744195
5.43099
0.822657
0.080284
0.113479
50
0.360569
0.118596
0.0976639
0.330108
74
0.396116
9.46616
0.955199
0.289267
0.286407
94
0.366167
0.0117792
0.039402
0.0799308
57
0.561344
4.28108
0.768179
0.197818
0.419544
15
0.304422
0.487562
0.073727
0.385663
38
0.609626
6.29371
0.83453
0.280664
0.260557
32
0.399792
0.260577
0.0522489
0.184402
58
0.672137
6.89795
0.901372
0.348554
0.0307855
90
0.0194038
0.868781
0.043186
0.0297734
62
0.0821971
2.23959
0.831767
0.202021
0.135482
35
0.112026
0.42772
0.0922168
0.138797
61
0.465029
2.15138
0.99586
0.0465137
0.283367
39
0.00070743
0.477521
0.0541834
0.403235
33
0.02047
0.777106
0.869674
0.121243
0.285385
76
0.308343
0.612182
0.0446807
0.160354
74
0.671892
6.50023
0.724789
0.307779
0.0120713
41
0.00565658
0.137652
0.0712459
0.253922
71
0.308504
3.50053
0.837587
0.306546
0.423946
7
0.180762
0.782066
0.0967945
0.481175
2
0.440779
9.75041
0.956863
0.0411859
0.211487
10
0.388781
0.695047
0.0609327
0.279848
26
0.618135
0.590433
0.975531
0.0438548
0.0873899
19
0.472878
0.460671
0.0204052
0.285466
20
0.205185
6.82572
0.87189
0.20959
0.219488
86
0.0803658
0.110043
0.0425262
0.115785
21
0.586815
2.4152
0.858201
0.0453458
0.28872
10
0.294148
0.648317
0.0448057
0.124457
75
0.077299
8.0313
0.819545
0.0129019
0.0710236
56
0.146438
0.211662
0.0281224
0.263614
44
0.0749169
3.86682
0.942109
0.396125
0.400723
48
0.299281
0.278239
0.0772935
0.026184
75
0.465555
7.85736
0.866531
0.394635
0.31453
2
0.355954
0.918878
0.0571401
0.22157
20
0.322685
6.61507
0.879767
0.313575
0.49329
39
0.319237
0.928063
0.0851356
0.00484403
96
0.636216
5.21023
0.708802
0.13689
0.37592
87
0.487635
0.762836
0.0366621
0.0863279
24
0.268071
1.56118
0.805619
0.0935687
0.282382
40
0.365331
0.630141
0.0218298
0.324611
77
0.536269
6.96459
0.719944
0.399054
0.2161
46
0.38735
0.706018
0.0742257
0.0644579
78
0.217071
5.80029
0.774608
0.184115
0.454959
17
0.265698
0.571165
0.0796072
0.2354
43
0.220368
5.06317
0.814224
0.341388
0.230301
62
0.0321824
0.479394
0.056566
0.111347
12
0.360108
2.66506
0.844655
0.0871588
0.147895
4
0.232838
0.28941
0.0306722
0.0670935
89
0.665363
5.90052
0.879058
0.348058
0.446578
15
0.292302
0.625481
0.0370507
0.143047
33
0.0929814
5.22093
0.965884
0.345965
0.251757
73
0.427009
0.244589
0.0748561
0.00922122
67
0.103432
4.67092
0.797034
0.278666
0.239441
53
0.193322
0.00574591
0.0740346
0.0638017
4
0.136087
9.48698
0.979054
0.0957949
0.0823722
21
0.408869
0.31717
0.0388537
0.349362
4
0.250807
6.74726
0.90184
0.228197
0.0266429
92
0.347019
0.451944
0.0611158
0.156839
34
0.551798
0.25625
0.888304
0.31998
0.0971678
14
0.114255
0.851821
0.0236692
0.465116
12
0.633361
0.40803
0.934551
0.296032
0.204027
93
0.436073
0.0514955
0.0676658
0.136323
12
0.202492
1.15226
0.972644
0.237541
0.346103
16
0.218912
0.713209
0.0593002
0.390828
87
0.795219
3.49078
0.848487
0.217524
0.117854
85
0.038236
0.947758
0.0835356
0.250824
63
0.412392
3.1196
0.953325
0.109383
0.132053
2
0.255707
0.810315
0.0438141
0.418402
54
0.640961
6.9185
0.82017
0.129321
0.126093
60
0.127287
0.107725
0.0240214
0.483281
48
0.67628
2.18308
0.988891
0.172992
0.381736
10
0.378907
0.826479
0.0311125
0.27611
27
0.706619
3.66749
0.799126
0.0945962
0.180777
7
0.282335
0.282005
0.0368775
0.468542
94
0.333009
7.34754
0.818181
0.298855
0.310128
80
0.481968
0.320339
0.0234091
0.394953
62
0.576557
7.62439
0.727855
0.0477129
0.0517127
55
0.202714
0.468546
0.0493749
0.345282
80
0.589754
8.12229
0.986563
0.143794
0.350167
33
0.303613
0.72574
0.0793537
0.241641
3
0.481671
8.98067
0.897424
0.213477
0.24097
13
0.186509
0.881022
0.019177
0.379057
4
0.0655181
7.4281
0.751025
0.206865
0.296486
44
0.480282
0.948508
0.0817445
0.142359
87
0.0296802
9.12071
0.733862
0.185105
0.149909
34
0.279495
0.983795
0.0586786
0.42406
67
0.531457
1.18474
0.781099
0.0617764
0.0647994
83
0.4377
0.818666
0.0147086
0.400898
42
0.649266
7.9775
0.927278
0.385966
0.478161
88
0.290817
0.621604
0.0985342
0.172716
64
0.573509
7.33077
0.769612
0.0228034
0.0590501
68
0.330369
0.256778
0.0167956
0.205801
90
0.703762
7.95958
0.752894
0.330575
0.268986
18
0.0617067
0.901988
0.0346941
0.182366
24
0.158836
6.00616
0.805869
0.381913
0.308816
49
0.158274
0.549308
0.0588664
0.291574
64
0.0786186
4.20005
0.912656
0.376465
0.20537
23
0.165394
0.936302
0.0213837
0.255599
87
0.55325
1.11826
0.786638
0.377398
0.155843
97
0.0418218
0.683168
0.0436154
0.220748
97
0.441773
4.92231
0.726803
0.389045
0.0412264
7
0.407738
0.950801
0.0654881
0.1322
21
0.47969
0.104527
0.915154
0.109898
0.109501
36
0.433775
0.667352
0.0894398
0.0550602
11
0.601314
0.635667
0.801257
0.0428078
0.48471
4
0.0628036
0.29196
0.0914816
0.346442
14
0.492938
7.7649
0.900349
0.0232871
0.228589
25
0.478138
0.472774
0.0917663
0.121922
91
0.0910363
9.44201
0.992259
0.133935
0.357255
40
0.18764
0.745083
0.0915437
0.485141
17
0.477917
3.33499
0.90998
0.0280109
0.435689
57
0.206573
0.68206
0.0991868
0.382676
56
0.0937409
3.40536
0.870581
0.068217
0.365513
81
0.411631
0.221893
0.0687652
0.153385
1
0.603302
4.5322
0.806619
0.0801435
0.479788
70
0.270767
0.191599
0.0108601
0.330583
98
0.429076
2.93645
0.893098
0.0904885
0.107235
74
0.0988079
0.778258
0.0428057
0.246263
57
0.755677
7.70098
0.998441
0.128271
0.196092
22
0.0258177
0.239667
0.0980355
0.200589
5
0.375444
6.21206
0.921375
0.0340042
0.0809249
7
0.278037
0.814335
0.039952
0.300759
9
0.279092
8.69244
0.834667
0.322282
0.0567295
67
0.428739
0.324115
0.0109367
0.270781
67
0.772452
8.04759
0.973416
0.0604353
0.413301
94
0.371989
0.466006
0.0605747
0.458328
59
0.374095
7.4138
0.99667
0.0919055
0.316017
49
0.171057
0.76504
0.0161015
0.429443
25
0.0454754
9.51789
0.794394
0.106233
0.344856
41
0.20409
0.865628
0.0908274
0.198959
95
0.627428
1.23977
0.80887
0.28815
0.0729109
57
0.385182
0.996317
0.0469839
0.0255849
82
0.264165
1.41589
0.988072
0.13773
0.208735
98
0.415599
0.607706
0.0900721
0.224421
70
0.407069
3.69173
0.748218
0.0182035
0.405886
4
0.35936
0.0143325
0.0966233
0.171959
89
0.75708
0.0354777
0.854884
0.195737
0.250417
39
0.369684
0.371598
0.0580065
0.347806
47
0.619539
3.81919
0.869061
0.243614
0.270982
56
0.0243819
0.825013
0.0433387
0.434209
2
0.770703
9.04999
0.73852
0.215292
0.0891431
1
0.0899083
0.0175914
0.0778432
0.28688
58
0.1609
8.94558
0.971769
0.101363
0.363203
16
0.0642017
0.964178
0.0662319
0.237778
24
0.661713
0.572031
0.924579
0.338781
0.434768
28
0.475695
0.192047
0.0898922
0.453189
40
0.424918
8.26871
0.990335
0.290505
0.296163
21
0.327129
0.187933
0.0352231
0.219288
98
0.199608
5.35891
0.764041
0.239281
0.235339
89
0.37544
0.230227
0.0876189
0.493743
11
0.525164
6.62275
0.860035
0.32715
0.0150463
63
0.283114
0.214432
0.0884902
0.49893
76
0.763768
2.00543
0.78249
0.343199
0.372383
86
0.173165
0.0347539
0.0335147
0.294709
89
0.682286
1.1708
0.937887
0.176519
0.367422
97
0.149521
0.710796
0.0896218
0.202509
21
0.64992
9.85125
0.707994
0.311208
0.121576
84
0.314326
0.708654
0.0510311
0.306628
43
0.693352
7.38444
0.933411
0.0629969
0.444443
73
0.0344152
0.159324
0.0180059
0.412231
77
0.144192
4.45598
0.946382
0.157797
0.3941
94
0.257608
0.00308508
0.0343101
0.288464
69
0.323567
1.94245
0.956047
0.301267
0.223363
25
0.231061
0.263978
0.0808319
0.309713
29
0.400446
6.36338
0.857143
0.300861
0.274261
81
0.0396889
0.975716
0.0690346
0.170079
7
0.231841
8.59041
0.967455
0.219961
0.379522
71
0.166085
0.454916
0.0337682
0.486964
86
0.580132
9.9457
0.757682
0.242899
0.31215
2
0.214991
0.857258
0.01541
0.31993
51
0.273504
2.07674
0.852217
0.319132
0.137925
93
0.205594
0.741004
0.06133
0.494995
74
0.518805
9.20297
0.728627
0.0967633
0.321534
99
0.234755
0.144694
0.0360424
0.37988
45
0.222525
3.91058
0.949746
0.0887683
0.190821
43
0.46953
0.409079
0.0452255
0.335802
81
0.623116
7.60643
0.875905
0.233946
0.460892
66
0.329974
0.700312
0.0920478
0.339521
73
0.70824
9.39483
0.769089
0.25606
0.129846
74
0.225636
0.633838
0.0983088
0.478843
72
0.15128
8.48603
0.799872
0.149852
0.24549
85
0.260461
0.821919
0.043869
0.00206247
55
0.75826
4.14035
0.776078
0.340639
0.287304
96
0.0046047
0.0392273
0.0963766
0.487852
3
0.75246
8.19091
0.838919
0.186677
0.0655874
45
0.162945
0.672746
0.0784403
0.269558
42
0.418273
1.24041
0.926661
0.0927229
0.495725
9
0.0303514
0.987582
0.0672292
0.357106
83
0.370238
2.28902
0.731095
0.290895
0.0317896
50
0.482151
0.971425
0.0866988
0.123298
9
0.470478
1.07993
0.847409
0.381268
0.443945
56
0.220088
0.553598
0.0703387
0.321477
38
0.778544
8.89589
0.947691
0.177711
0.426341
30
0.367132
0.984553
0.0264745
0.159611
66
0.137827
4.69943
0.990641
0.0500583
0.18263
48
0.404902
0.615356
0.0287218
0.495755
81
0.625738
3.38957
0.880777
0.13274
0.0251561
56
0.41749
0.174988
0.0675292
0.345883
92
0.73881
8.78188
0.758845
0.245501
0.199093
26
0.00646791
0.097298
0.0164982
0.49078
81
0.176449
1.09332
0.872335
0.163203
0.0952365
72
0.0833132
0.457497
0.0841159
0.435696
37
0.169004
1.34433
0.903046
0.259143
0.465384
63
0.445117
0.0812932
0.0475927
0.47114
54
0.434936
1.91804
0.98409
0.0642366
0.0038421
54
0.190445
0.385754
0.0664378
0.113475
47
0.615907
4.16336
0.994898
0.356561
0.237963
48
0.115267
0.13395
0.0290091
0.393577
46
0.763281
2.4533
0.895972
0.160919
0.0525845
21
0.289518
0.492202
0.0187104
0.215682
52
0.0256585
9.97161
0.966597
0.254972
0.468339
13
0.395362
0.838907
0.0556022
0.247934
89
0.367852
7.45016
0.789392
0.030478
0.476838
77
0.496077
0.381003
0.0646303
0.0710895
23
0.731629
8.57425
0.909598
0.355787
0.125473
64
0.307064
0.806447
0.0758155
0.343857
23
0.149705
0.362706
0.911337
0.296681
0.349133
41
0.390681
0.580326
0.0138451
0.040186
64
0.729413
2.32007
0.955666
0.211858
0.0795635
63
0.32837
0.332029
0.0763265
0.218002
27
0.634136
6.23853
0.778078
0.0467176
0.428605
18
0.357025
0.075479
0.0221083
0.266285
83
0.237483
5.27914
0.864963
0.31863
0.00472392
30
0.121379
0.678332
0.0464318
0.409352
98
0.0513242
9.19496
0.916909
0.364859
0.0181382
84
0.393712
0.441256
0.0300032
0.355727
13
0.760502
2.43425
0.907475
0.125884
0.0223972
84
0.34924
0.431952
0.0837076
0.274521
96
0.506316
4.02103
0.753556
0.0855924
0.451174
72
0.483978
0.796558
0.094278
0.398039
85
0.0886395
1.54366
0.980439
0.221878
0.153127
48
0.440398
0.00718469
0.0905781
0.497679
32
0.256214
5.40931
0.796565
0.0359521
0.115296
78
0.100156
0.363449
0.0488609
0.272675
34
0.734631
2.04589
0.919154
0.247881
0.291134
71
0.242545
0.64949
0.0860938
0.0561457
1
0.773291
9.6897
0.93504
0.162323
0.456316
57
0.413486
0.993264
0.0952005
0.34869
59
0.604963
9.33627
0.845387
0.212769
0.0346317
47
0.16375
0.538285
0.0178611
0.144331
20
0.131228
8.9156
0.91095
0.352307
0.10118
20
0.0716822
0.920719
0.0846485
0.0504697
33
0.449461
8.32969
0.891294
0.230578
0.226818
43
0.120545
0.831214
0.0405211
0.0488831
32
0.568283
3.7493
0.704458
0.392501
0.0667312
44
0.20199
0.217271
0.0928084
0.419795
39
0.139703
7.29259
0.944171
0.391013
0.116868
58
0.124314
0.209852
0.065261
0.363029
76
0.577584
5.38981
0.826582
0.353666
0.225001
39
0.4713
0.342896
0.0116121
0.420913
62
0.647026
3.72709
0.743847
0.0578832
0.237372
58
0.479186
0.689953
0.0810992
0.35037
91
0.780115
5.29185
0.983417
0.374239
0.247497
76
0.333752
0.234337
0.0340747
0.496783
4
0.139451
4.42242
0.957231
0.0987656
0.453634
32
0.0106845
0.394852
0.0161312
0.247444
9
0.747314
0.167016
0.848078
0.0820066
0.242801
69
0.39497
0.392382
0.0295305
0.145252
73
0.622324
9.79475
0.705942
0.399475
0.411319
17
0.0594132
0.925324
0.0626167
0.0129813
19
0.316072
9.2365
0.966966
0.0677106
0.471978
43
0.102379
0.859007
0.0988126
0.240694
42
0.694785
5.59163
0.90787
0.222835
0.120181
41
0.0828221
0.163544
0.0989528
0.128619
35
0.444536
7.64008
0.962664
0.273047
0.116115
60
0.213506
0.755671
0.042145
0.332725
38
0.164691
1.89657
0.722097
0.245672
0.376697
58
0.105358
0.879623
0.0182402
0.304475
82
0.529155
6.10962
0.733384
0.185746
0.399891
16
0.194547
0.0132725
0.0440907
0.482395
7
0.415786
3.14577
0.781361
0.0751954
0.186161
96
0.0167004
0.0207465
0.0270583
0.363891
44
0.736884
4.2422
0.925131
0.0995587
0.211866
65
0.135408
0.735764
0.0799859
0.0324706
40
0.591445
9.52176
0.958643
0.0376455
0.164438
91
0.053908
0.418999
0.0957507
0.386828
14
0.357074
4.08625
0.960015
0.018642
0.449631
63
0.421585
0.182281
0.0524899
0.14734
48
0.293715
7.58167
0.846525
0.246353
0.174444
68
0.236282
0.42942
0.0826311
0.456683
20
0.102644
7.14392
0.919855
0.359553
0.427182
58
0.325252
0.0717995
0.0745692
0.413478
67
0.171056
5.18598
0.713953
0.358159
0.385409
8
0.293765
0.758594
0.0639964
0.295684
4
0.463134
0.0913616
0.89362
0.391755
0.272555
20
0.499984
0.63242
0.0461378
0.375563
94
0.520572
6.45817
0.831067
0.0598709
0.207216
98
0.161189
0.7524
0.0224892
0.0434395
86
0.62008
9.98467
0.749631
0.169051
0.14301
17
0.111032
0.310441
0.0994464
0.370723
6
0.637995
9.11602
0.914278
0.388225
0.233282
44
0.484484
0.218579
0.0283048
0.285274
81
0.765544
5.71033
0.713172
0.382604
0.00289978
51
0.0752928
0.139623
0.0506196
0.154425
65
0.59055
5.87766
0.873686
0.152831
0.425836
85
0.335524
0.0587496
0.0532823
0.440722
10
0.0851742
8.63827
0.738955
0.250971
0.319805
70
0.253326
0.329063
0.0672521
0.370124
77
0.742416
5.49937
0.938473
0.22298
0.0200669
45
0.183516
0.685446
0.0755339
0.205392
32
0.282598
0.856926
0.898596
0.173531
0.404424
15
0.0639215
0.140755
0.0480789
0.121208
69
0.45109
7.66149
0.700572
0.0267519
0.335908
13
0.342585
0.618937
0.0539172
0.180719
49
0.22767
0.828324
0.842285
0.282119
0.0478541
69
0.376862
0.399601
0.0743522
0.117165
62
0.364399
4.06804
0.803606
0.167699
0.130794
94
0.176452
0.0417155
0.0927249
0.307684
37
0.192494
5.25737
0.877761
0.204027
0.420279
91
0.422701
0.247822
0.0124118
0.313866
46
0.653308
4.11613
0.710212
0.241394
0.200928
44
0.207476
0.913916
0.0450647
0.195569
37
0.0390791
2.17944
0.813061
0.298562
0.147125
28
0.0204776
0.462834
0.0513282
0.227585
98
0.147116
3.2392
0.865498
0.177093
0.457149
70
0.274974
0.315073
0.0643173
0.313121
61
0.278451
5.62003
0.969345
0.227327
0.221097
27
0.164403
0.743705
0.0955553
0.150227
72
0.458982
3.84632
0.977034
0.332499
0.277397
81
0.161057
0.338086
0.0252332
0.305729
18
0.20326
3.78712
0.913167
0.194967
0.378607
65
0.036146
0.592309
0.0779992
0.446502
86
0.131867
4.98554
0.732196
0.0738918
0.403844
97
0.410435
0.250882
0.0947787
0.461667
100
0.28767
0.450801
0.896336
0.112226
0.40251
83
0.344794
0.71734
0.0873433
0.230568
22
0.237852
3.97567
0.882348
0.275033
0.00618511
81
0.326528
0.891354
0.0230433
0.297669
9
0.327275
2.65214
0.742796
0.0357105
0.294611
36
0.108745
0.517473
0.0665586
0.16098
84
0.538642
2.26706
0.810815
0.384366
0.0361675
93
0.0553237
0.396774
0.0348691
0.366249
33
0.384063
3.30211
0.920776
0.368762
0.249224
31
0.414598
0.775298
0.0724704
0.43273
15
0.798458
4.64891
0.787788
0.299488
0.0758618
79
0.452706
0.143093
0.0535275
0.422003
60
0.228247
6.5558
0.931088
0.148099
0.461292
85
0.315425
0.589771
0.0157276
0.0369548
33
0.209146
2.50987
0.799637
0.228688
0.119551
95
0.244466
0.104269
0.0758959
0.0330831
79
0.337467
4.01652
0.74582
0.181833
0.412361
51
0.468914
0.280418
0.0792428
0.384912
57
0.515777
2.98301
0.861074
0.270667
0.397979
27
0.136567
0.409963
0.0855318
0.0271339
80
0.567507
8.64171
0.883421
0.387411
0.0868145
63
0.0788012
0.496262
0.0887842
0.256979
44
0.447594
2.85986
0.908439
0.200453
0.0168937
41
0.467068
0.892538
0.0659051
0.194036
6
0.249764
3.28426
0.874736
0.0397601
0.082947
95
0.420402
0.235551
0.0751001
0.165851
25
0.187862
0.311041
0.95238
0.379232
0.100771
44
0.357629
0.46465
0.0884306
0.014111
57
0.696169
6.65118
0.807262
0.0563647
0.00187621
67
0.454628
0.897918
0.0254766
0.137929
84
0.0859587
7.03841
0.873183
0.384417
0.38959
100
0.112915
0.815821
0.0105115
0.302666
13
0.614467
9.87861
0.736516
0.0898484
0.459772
12
0.226969
0.179808
0.0907259
0.00895664
72
0.0810822
5.47331
0.854594
0.189833
0.305398
19
0.477155
0.512124
0.0634522
0.457311
64
0.157875
7.88881
0.963768
0.100682
0.325366
7
0.276688
0.539815
0.031545
0.10174
69
0.658854
5.73238
0.898497
0.341508
0.0988792
51
0.340219
0.573833
0.0363367
0.0427166
92
0.195788
8.2553
0.922842
0.231333
0.0610581
13
0.33855
0.197959
0.0656949
0.401491
66
0.309518
5.04796
0.707431
0.0209106
0.283818
90
0.406834
0.610662
0.0142844
0.447806
83
0.406239
3.18989
0.976369
0.335812
0.179028
18
0.460062
0.614693
0.0303002
0.257491
28
0.0549805
3.56961
0.823954
0.138201
0.331729
34
0.272256
0.294902
0.0126619
0.0960043
39
0.0492467
7.99949
0.97416
0.354642
0.492475
8
0.0696583
0.287285
0.0944434
0.357746
67
0.0104077
0.689565
0.938971
0.181374
0.364997
98
0.16843
0.871551
0.0173941
0.134777
38
0.252488
2.20737
0.792242
0.141222
0.121982
37
0.0434748
0.771098
0.0933985
0.131738
18
0.562963
2.57231
0.948214
0.382972
0.0670329
34
0.497408
0.779753
0.02838
0.302019
32
0.0258997
9.92428
0.920094
0.0766568
0.215427
82
0.34889
0.0615249
0.0935825
0.314731
74
0.128127
0.290573
0.903755
0.226051
0.154981
53
0.384354
0.872813
0.0453173
0.0122375
96
0.404228
8.9711
0.772322
0.286859
0.0629379
91
0.418926
0.903795
0.018625
0.155743
54
0.678285
4.50793
0.825968
0.0917722
0.245652
9
0.19517
0.81719
0.0494922
0.437558
76
0.121292
6.39525
0.937148
0.170613
0.0458669
78
0.459884
0.522722
0.0705402
0.134013
8
0.797
1.00913
0.759408
0.218826
0.391356
56
0.285018
0.928757
0.0973808
0.0344892
22
0.394988
7.55505
0.793105
0.335162
0.190579
61
0.10472
0.0281691
0.0151967
0.164879
38
0.154779
4.83556
0.811318
0.268314
0.194651
20
0.145358
0.583082
0.0869136
0.480806
96
0.443886
7.47858
0.71542
0.071572
0.318824
82
0.228139
0.108944
0.052046
0.23256
84
0.366424
2.38534
0.736278
0.252349
0.11258
92
0.354137
0.509336
0.0611792
0.337792
20
0.559411
8.40559
0.90419
0.155543
0.24817
30
0.156879
0.596177
0.0204787
0.42662
14
0.749518
0.48897
0.942417
0.20312
0.463215
49
0.27326
0.27552
0.0746739
0.36753
38
0.518564
8.16968
0.820442
0.114715
0.0706508
89
0.11816
0.885328
0.0560349
0.150889
98
0.702446
7.25349
0.795205
0.0119479
0.0582186
65
0.397016
0.0786653
0.0491972
0.431174
15
0.787205
8.14696
0.992712
0.260881
0.0540005
30
0.126549
0.568697
0.0267277
0.389118
91
0.371009
8.93457
0.777024
0.312761
0.104229
11
0.42727
0.0535871
0.0196821
0.0755526
70
0.208316
6.13298
0.725462
0.264898
0.316515
80
0.486934
0.262572
0.085752
0.33718
49
0.435664
4.33529
0.755803
0.378687
0.39876
71
0.37402
0.766789
0.0122185
0.454843
19
0.597824
6.34609
0.76698
0.117717
0.310615
46
0.175884
0.375742
0.0678312
0.327562
99
0.54393
2.30361
0.884903
0.379985
0.220097
83
0.0608333
0.473571
0.0419288
0.191826
75
0.233768
9.80538
0.833887
0.0328332
0.0357313
6
0.0272215
0.0362364
0.0576061
0.0622594
26
0.21467
8.77855
0.765082
0.316532
0.370279
59
0.342026
0.301322
0.0531826
0.0720124
35
0.265491
6.58244
0.923585
0.108555
0.00964064
50
0.309753
0.415928
0.0693639
0.387727
69
0.423708
8.29761
0.779818
0.393602
0.354306
31
0.0132726
0.475711
0.0912379
0.333847
99
0.294692
6.52301
0.783654
0.240033
0.172762
20
0.179381
0.89825
0.0378931
0.4702
53
0.231154
0.806487
0.735647
0.0830211
0.470003
42
0.238285
0.566821
0.0923251
0.0111663
27
0.639566
1.13271
0.841109
0.256919
0.0192121
9
0.431486
0.501304
0.0766024
0.0613168
11
0.674581
3.98741
0.836836
0.361167
0.384683
6
0.12907
0.905587
0.0832541
0.0979082
2
0.684609
8.31362
0.754488
0.302233
0.352339
69
0.336064
0.494362
0.0112044
0.411911
65
0.153355
7.53708
0.97087
0.0296317
0.439346
43
0.27856
0.0672668
0.0715248
0.108264
62
0.787865
7.87671
0.770973
0.346791
0.0845544
36
0.0519383
0.044914
0.0169943
0.378168
5
0.389202
2.88901
0.822387
0.0587571
0.0500983
93
0.263245
0.838048
0.011727
0.450435
35
0.378189
1.52031
0.723024
0.277944
0.157558
99
0.368803
0.556642
0.0275132
0.119655
98
0.386694
4.57487
0.965128
0.248721
0.391177
27
0.130989
0.103081
0.029279
0.059463
90
0.219306
8.51467
0.800886
0.107111
0.306391
64
0.182778
0.169468
0.0305066
0.236354
47
0.659856
3.94694
0.767624
0.135294
0.331185
11
0.227142
0.638599
0.0241941
0.382121
31
0.487232
3.46522
0.783877
0.20582
0.26682
24
0.416644
0.20532
0.0261391
0.298704
10
0.502537
6.42367
0.796189
0.238371
0.106618
42
0.287875
0.653798
0.070811
0.436336
30
0.387735
2.94908
0.754276
0.236255
0.483336
16
0.0765078
0.125718
0.0603241
0.0181394
56
0.354979
6.24586
0.985099
0.365442
0.336757
61
0.188877
0.382705
0.0528031
0.0395362
92
0.391156
0.225367
0.743166
0.352987
0.180159
37
0.281742
0.0869953
0.0719826
0.148643
84
0.431849
5.77269
0.988264
0.116803
0.209596
28
0.079974
0.703053
0.0102836
0.155033
24
0.699545
0.432802
0.93629
0.0139096
0.289441
32
0.0708504
0.319031
0.0691281
0.00170116
3
0.166814
5.99927
0.978646
0.0395825
0.436865
44
0.438943
0.326829
0.0636987
0.00790057
53
0.54786
9.90533
0.933077
0.0383017
0.254539
60
0.322031
0.954818
0.0616106
0.231626
49
0.223992
2.61917
0.932344
0.0663202
0.433175
84
0.0475997
0.352591
0.0892317
0.36636
41
0.782695
6.99139
0.904932
0.0609313
0.265151
40
0.377577
0.22697
0.0482549
0.18033
19
0.31379
5.82292
0.827797
0.358803
0.175163
72
0.116756
0.269344
0.0395247
0.479556
63
0.125049
3.0208
0.703349
0.13006
0.347997
25
0.0665154
0.526177
0.070286
0.0812546
92
0.611399
1.48989
0.717664
0.119432
0.240517
65
0.25189
0.0496901
0.0732446
0.188238
93
0.0181347
4.89609
0.881712
0.209875
0.175845
36
0.0293305
0.406912
0.0875675
0.0871212
66
0.165624
4.80618
0.835381
0.27383
0.18802
29
0.177312
0.64654
0.0888542
0.442808
81
0.0129834
4.95138
0.980678
0.15402
0.449059
67
0.258794
0.994904
0.0953619
0.360508
37
0.790358
3.61023
0.706549
0.283794
0.189473
76
0.0940167
0.0235856
0.0582441
0.0828222
48
0.141808
0.00363682
0.789789
0.270442
0.294404
75
0.0220975
0.335934
0.0318591
0.477181
81
0.258044
7.1722
0.703681
0.215982
0.355501
95
0.430041
0.909443
0.0644428
0.0910909
51
0.0419376
1.36066
0.928232
0.315196
0.498713
27
0.256906
0.812019
0.0189512
0.229653
37
0.53976
8.11463
0.862582
0.158829
0.149609
93
0.264526
0.0630138
0.0226586
0.492788
42
0.331274
1.79849
0.827263
0.303731
0.0386724
58
0.199
0.404539
0.0236972
0.103075
40
0.720471
1.69023
0.90878
0.367921
0.374634
94
0.488381
0.304138
0.0838456
0.133185
45
0.06856
4.71516
0.982522
0.312582
0.407867
46
0.131145
0.598557
0.0998444
0.0688295
51
0.571914
0.907499
0.851882
0.183655
0.102037
23
0.156062
0.551898
0.0811304
0.125114
16
0.504702
9.7092
0.934344
0.393781
0.279187
52
0.409717
0.587896
0.0473668
0.47515
8
0.117424
8.53291
0.989538
0.21385
0.468059
95
0.491434
0.15185
0.0536416
0.402233
79
0.791241
8.82718
0.894387
0.161851
0.363303
84
0.485769
0.201407
0.0198367
0.244338
13
0.555154
8.44586
0.818708
0.144709
0.354245
51
0.322146
0.368984
0.0590628
0.0464892
73
0.72836
5.84867
0.951396
0.293473
0.489267
78
0.235868
0.34874
0.0833236
0.278535
23
0.489253
7.50811
0.916156
0.174662
0.124318
11
0.306238
0.435504
0.078613
0.251877
55
0.328799
8.7322
0.779024
0.324094
0.328911
65
0.219347
0.663084
0.0207709
0.0921088
80
0.509693
8.23611
0.815142
0.254526
0.203304
52
0.237268
0.370053
0.0332834
0.210502
100
0.259866
2.96559
0.744654
0.211072
0.221685
52
0.334306
0.719344
0.0259818
0.0582401
31
0.554258
3.05725
0.841168
0.125403
0.307948
97
0.462356
0.398971
0.0255604
0.489205
99
0.0723279
7.01576
0.812406
0.142454
0.0435607
54
0.383991
0.640306
0.0901103
0.355284
61
0.513341
2.82195
0.802198
0.252819
0.383931
21
0.0234946
0.389978
0.051925
0.473886
85
0.156197
9.67221
0.73249
0.078764
0.346713
90
0.27567
0.973794
0.0929888
0.0906942
53
0.0351818
6.30907
0.949142
0.371657
0.0746623
71
0.392289
0.55714
0.041017
0.260339
34
0.11801
7.13416
0.987121
0.0655623
0.133079
46
0.470978
0.084283
0.0597435
0.204374
95
0.528144
4.39581
0.890149
0.385479
0.297957
33
0.464008
0.384271
0.072349
0.260596
29
0.500783
7.27754
0.828798
0.338307
0.447743
14
0.391321
0.355268
0.0177384
0.441773
31
0.474382
1.59599
0.716361
0.0425036
0.358741
26
0.494815
0.876992
0.0498481
0.104374
8
0.173453
8.20863
0.772625
0.0730071
0.0497952
73
0.139233
0.520611
0.0985843
0.178199
2
0.357753
4.86838
0.878424
0.204519
0.342951
17
0.353808
0.747806
0.0718578
0.319288
52
0.533389
3.34509
0.728928
0.0147882
0.00793313
33
0.0941564
0.882543
0.0871882
0.0999265
54
0.0669008
8.3555
0.993906
0.336794
0.182879
75
0.11377
0.700621
0.0948497
0.381222
28
0.408315
0.0510442
0.862807
0.166971
0.146528
31
0.476607
0.344638
0.0307734
0.0282692
68
0.482574
1.8681
0.793529
0.0196663
0.371881
74
0.151468
0.935303
0.0462368
0.460013
88
0.612851
4.12857
0.979319
0.0848619
0.421176
52
0.446229
0.117744
0.0219749
0.187449
49
0.667321
5.67518
0.791453
0.156006
0.32452
99
0.439923
0.414362
0.0483444
0.238653
16
0.574477
9.3604
0.940382
0.027408
0.481176
46
0.400768
0.362
0.0444627
0.0165661
31
0.564681
2.25338
0.950325
0.317869
0.00837235
26
0.316742
0.656836
0.0285657
0.237057
16
0.239349
1.74294
0.730385
0.152683
0.255983
42
0.0672543
0.789517
0.0595747
0.0574498
82
0.105134
5.68321
0.895265
0.134503
0.108364
66
0.138472
0.0990032
0.049628
0.115052
25
0.172083
6.27223
0.737782
0.26799
0.0912547
23
0.245479
0.306387
0.0163512
0.0220111
23
0.339152
7.20636
0.863689
0.131272
0.187349
54
0.0844357
0.675899
0.0387591
0.227302
16
0.726103
6.57658
0.922323
0.271519
0.212584
17
0.217437
0.169746
0.0329227
0.405162
91
0.398181
1.38298
0.946003
0.309772
0.496598
78
0.423669
0.270672
0.0568597
0.415068
97
0.189464
0.750684
0.75165
0.314627
0.305003
77
0.075065
0.843666
0.0247311
0.352475
73
0.148403
9.09965
0.773541
0.156867
0.261534
3
0.363676
0.860896
0.0544381
0.239817
49
0.646366
1.32588
0.702711
0.323207
0.34407
13
0.489146
0.957995
0.0863084
0.34253
6
0.125391
2.69448
0.877522
0.282649
0.438084
3
0.318257
0.114623
0.0105836
0.315959
46
0.129772
7.69832
0.755388
0.135924
0.488778
40
0.054337
0.100738
0.0310432
0.074607
52
0.76956
7.30776
0.962351
0.292979
0.422676
25
0.300403
0.989702
0.086633
0.299429
74
0.27046
0.791558
0.882569
0.366094
0.161968
39
0.44136
0.787246
0.0141051
0.469542
5
0.0175544
4.41529
0.981255
0.126291
0.01054
80
0.269291
0.224435
0.0853918
0.411043
7
0.199101
1.71301
0.75639
0.0873261
0.327592
84
0.286772
0.233039
0.0149473
0.264967
88
0.460551
1.82796
0.900211
0.283328
0.0486137
8
0.00927415
0.0431936
0.0514341
0.455779
32
0.569653
2.63774
0.941377
0.30597
0.361583
3
0.242018
0.708437
0.0708797
0.242656
15
0.37332
7.1164
0.899399
0.180197
0.445316
66
0.370467
0.0571884
0.0764756
0.0150277
31
0.723706
8.00402
0.945401
0.0160146
0.231911
92
0.0263559
0.963775
0.0938892
0.212421
54
0.258575
7.05506
0.729529
0.208069
0.337642
20
0.447455
0.208294
0.0406428
0.0658087
55
0.120173
4.748
0.719102
0.253829
0.265555
82
0.45822
0.485938
0.0769804
0.395774
55
0.0581527
9.03669
0.95437
0.371924
0.257344
2
0.0424762
0.575044
0.056778
0.267433
68
0.110437
5.57284
0.928538
0.360473
0.408669
53
0.320529
0.0927108
0.0800963
0.0496566
90
0.711782
5.09016
0.807954
0.397997
0.323172
13
0.05845
0.943073
0.0557573
0.196496
59
0.73631
0.512787
0.742305
0.292197
0.0787326
59
0.209119
0.586577
0.0357374
0.0102237
46
0.185983
0.552541
0.788952
0.171665
0.3022
2
0.362059
0.128764
0.0245127
0.467247
72
0.485926
6.32256
0.82132
0.0484764
0.0694736
41
0.45616
0.507382
0.0341391
0.0542218
93
0.43284
9.25323
0.777143
0.321645
0.37001
5
0.347498
0.123377
0.0408088
0.48836
70
0.691143
2.03826
0.770195
0.193972
0.382401
7
0.22215
0.729686
0.012148
0.416906
93
0.45544
4.31393
0.762473
0.0833753
0.368823
28
0.216533
0.958587
0.0489232
0.430485
43
0.353695
2.90888
0.897279
0.0255222
0.378033
42
0.364101
0.48155
0.0501149
0.209347
14
0.71586
7.79009
0.744852
0.23576
0.185154
47
0.159874
0.42101
0.0131702
0.0535169
50
0.181397
4.36323
0.913754
0.0550072
0.30297
47
0.0449964
0.173022
0.0170303
0.326814
59
0.752902
6.81308
0.740285
0.15051
0.228191
82
0.141426
0.4848
0.015851
0.276663
60
0.74802
6.87894
0.930282
0.0326052
0.473638
79
0.444828
0.535191
0.0700138
0.3765
90
0.0747385
8.60998
0.786929
0.107986
0.333301
12
0.0956408
0.991155
0.0193763
0.0414609
91
0.0898655
3.76052
0.960356
0.0860117
0.172097
20
0.152824
0.176581
0.0385553
0.407411
44
0.557322
4.46162
0.706698
0.103146
0.236057
5
0.343632
0.0316675
0.0997996
0.0602752
56
0.594087
4.97325
0.861959
0.10507
0.242344
76
0.0865473
0.489364
0.0257674
0.0851459
99
0.716562
9.34628
0.991821
0.395679
0.438366
42
0.229908
0.130041
0.0183524
0.197909
97
0.340681
1.80769
0.850924
0.320612
0.191891
28
0.233747
0.999426
0.0546806
0.406543
85
0.523166
1.45131
0.868204
0.389513
0.137499
82
0.0464975
0.804689
0.0248199
0.293193
87
0.284389
9.60222
0.963329
0.19967
0.166541
88
0.247942
0.00997286
0.0202542
0.415905
77
0.280418
3.27178
0.725778
0.316806
0.0282706
5
0.45084
0.297967
0.0507742
0.362174
13
0.31829
4.55816
0.804652
0.0167842
0.167673
32
0.401907
0.980422
0.0847633
0.213893
26
0.416324
5.02854
0.889389
0.121699
0.046629
74
0.0499851
0.679891
0.0470942
0.197211
76
0.681442
3.62402
0.718465
0.187768
0.39561
16
0.403419
0.582679
0.0910499
0.323081
47
0.243007
9.06604
0.838602
0.339399
0.196804
38
0.0485573
0.0256661
0.045654
0.425651
27
0.276617
9.76176
0.711924
0.302767
0.3883
32
0.210792
0.887672
0.0113631
0.303972
96
0.466927
0.211218
0.723548
0.0783792
0.27243
74
0.239065
0.0954472
0.0413321
0.0193874
94
0.346007
6.08205
0.961923
0.376976
0.160487
62
0.285979
0.504686
0.0516941
0.0353166
53
0.306778
3.06771
0.82144
0.191215
0.340384
89
0.133288
0.19552
0.0371937
0.0214464
56
0.335034
6.46249
0.968523
0.192312
0.392888
1
0.266059
0.844739
0.0979858
0.448194
58
0.330094
5.97943
0.759953
0.0632138
0.288237
54
0.040959
0.559144
0.0365656
0.0771822
54
0.206587
4.19818
0.961282
0.0653228
0.430865
82
0.374589
0.786199
0.0781334
0.202886
5
0.733049
9.82474
0.986033
0.263538
0.2507
87
0.310515
0.241704
0.0274267
0.308729
11
0.298059
9.26468
0.867652
0.336843
0.072774
22
0.203754
0.121473
0.0594036
0.250163
8
0.112663
1.65969
0.77389
0.0524692
0.291791
39
0.305351
0.160314
0.0624211
0.277452
66
0.0319653
9.29408
0.724327
0.326166
0.300001
86
0.498444
0.514214
0.0820707
0.408933
2
0.272247
5.1172
0.748849
0.251548
0.258624
50
0.435224
0.113308
0.0322993
0.129802
95
0.361483
3.64049
0.90666
0.373308
0.27787
31
0.0314847
0.127411
0.0641675
0.217553
87
0.523986
3.43794
0.720958
0.149111
0.217251
29
0.169484
0.627545
0.0243077
0.354089
69
0.428497
6.94051
0.763138
0.166162
0.380894
70
0.14218
0.470533
0.061721
0.079399
50
0.795435
3.54723
0.79157
0.0534691
0.416474
10
0.351383
0.311757
0.013432
0.157926
6
0.0601282
6.69427
0.971163
0.344168
0.269733
17
0.434885
0.727796
0.0577411
0.11834
41
0.643697
5.54168
0.837479
0.182386
0.387647
73
0.313806
0.795857
0.080402
0.311085
4
0.629872
2.36656
0.765833
0.0497598
0.373908
4
0.157855
0.690835
0.0290949
0.383397
52
0.497334
5.44536
0.88607
0.159701
0.452643
72
0.212567
0.888661
0.0523819
0.0956867
61
0.545901
6.48134
0.832473
0.217253
0.192865
12
0.0651251
0.185763
0.0769124
0.207889
36
0.0995311
4.48924
0.856435
0.0511883
0.0232479
99
0.167897
0.0658227
0.0381681
0.0838715
40
0.448896
9.30567
0.983852
0.0575604
0.262752
22
0.144119
0.334143
0.0668312
0.341116
51
0.304553
6.14043
0.714898
0.366868
0.113888
87
0.00403025
0.599931
0.0351743
0.359389
18
0.106557
4.844
0.997442
0.103647
0.243973
15
0.154382
0.862734
0.0797485
0.190372
11
0.724732
2.78027
0.808502
0.0317499
0.341694
62
0.132767
0.178986
0.0374966
0.283222
58
0.0832604
1.6303
0.717334
0.198513
0.304315
55
0.361383
0.22006
0.0924613
0.281108
46
0.300079
8.3661
0.763653
0.304557
0.143786
61
0.248858
0.923852
0.0813074
0.318177
7
0.362923
2.1219
0.939795
0.347228
0.40651
37
0.0453648
0.772993
0.0136818
0.433516
78
0.419715
2.75638
0.973177
0.160481
0.317402
90
0.0723879
0.155127
0.0267569
0.465043
25
0.662921
4.77551
0.78043
0.370933
0.123673
68
0.106665
0.184595
0.0752895
0.244953
94
0.710532
7.37502
0.815677
0.229901
0.499867
6
0.122492
0.842205
0.046817
0.162604
78
0.0415514
2.48235
0.976046
0.139424
0.0943106
69
0.429455
0.0556094
0.0384303
0.463196
25
0.352449
7.48704
0.746197
0.194584
0.202584
88
0.379722
0.754009
0.0443132
0.320773
70
0.413535
5.53838
0.865945
0.289038
0.234157
87
0.463389
0.0271858
0.0941328
0.13981
15
0.234917
0.348177
0.810371
0.279224
0.338465
12
0.0860694
0.545571
0.0805765
0.0734943
12
0.437695
8.71159
0.959261
0.021118
0.103683
35
0.103458
0.66999
0.0903155
0.193294
57
0.768166
0.862737
0.79071
0.324544
0.141087
37
0.386915
0.289988
0.0317716
0.162812
8
0.0233271
8.42932
0.858849
0.248641
0.352181
35
0.372678
0.940674
0.0791125
0.225613
17
0.439678
5.00719
0.985306
0.330709
0.441322
64
0.382075
0.697201
0.0430228
0.213225
10
0.191391
2.11577
0.926004
0.140484
0.482858
92
0.29578
0.824069
0.0398517
0.325373
83
0.10932
9.59286
0.843704
0.0695164
0.0395479
6
0.0151203
0.0730539
0.0411802
0.316896
42
0.596845
0.608971
0.701181
0.331921
0.27553
96
0.196648
0.952885
0.0976542
0.17557
13
0.549357
1.02371
0.869988
0.224348
0.301222
34
0.0885779
0.346039
0.0262783
0.476472
14
0.631361
6.18582
0.875349
0.351365
0.432122
92
0.389934
0.969983
0.032416
0.463043
79
0.49899
9.56348
0.74996
0.363746
0.213726
90
0.419402
0.14719
0.0573846
0.00548447
82
0.320779
9.40816
0.756832
0.220862
0.350435
33
0.4666
0.515147
0.0550873
0.0694755
15
0.563498
1.47281
0.975074
0.369049
0.0274051
77
0.134523
0.852869
0.0788066
0.248695
34
0.225658
0.645911
0.859131
0.265855
0.474805
72
0.254694
0.756827
0.0729011
0.00645954
63
0.290617
4.26054
0.918584
0.265256
0.01369
61
0.119251
0.916004
0.0402457
0.25474
65
0.291577
8.5505
0.737407
0.350665
0.455542
23
0.0019521
0.254238
0.0858942
0.164423
97
0.274398
3.71475
0.880119
0.224527
0.470279
29
0.117719
0.799509
0.0312408
0.427699
17
0.687761
7.56863
0.977569
0.349542
0.494721
99
0.172838
0.456449
0.0819339
0.089676
28
0.346761
6.71323
0.942902
0.295466
0.151309
98
0.0975844
0.544783
0.0721097
0.258632
71
0.607613
8.85799
0.929526
0.013495
0.340183
24
0.0185846
0.847964
0.0132988
0.215185
48
0.0962491
9.72823
0.785128
0.0810844
0.0336833
64
0.302423
0.60579
0.0479388
0.293554
18
0.193696
3.16003
0.712876
0.308324
0.487933
14
0.184831
0.803029
0.0328572
0.373932
50
0.302054
6.77366
0.998014
0.0773245
0.127829
89
0.267755
0.917247
0.0144351
0.0764258
60
0.79368
3.45152
0.727088
0.287512
0.00548027
79
0.0903013
0.423712
0.0648375
0.443771
97
0.0322781
8.75473
0.766657
0.240773
0.0439365
49
0.197565
0.694449
0.0193323
0.167012
9
0.782381
3.82017
0.741193
0.096418
0.231454
60
0.101572
0.329983
0.0620966
0.281852
79
0.545214
7.83126
0.970202
0.232352
0.140212
5
0.215335
0.308003
0.0601298
0.396551
19
0.452863
1.85826
0.72257
0.244119
0.0217533
61
0.153388
0.738293
0.0359033
0.182961
36
0.456319
0.933778
0.709599
0.355456
0.0608726
37
0.405318
0.594582
0.0477392
0.0706997
60
0.0137735
0.717272
0.734795
0.261265
0.134675
55
0.0172897
0.569814
0.0422519
0.127646
50
0.657682
7.19074
0.778373
0.0113174
0.0320074
11
0.474936
0.617925
0.0731196
0.146322
93
0.216286
6.41383
0.855977
0.0342323
0.0177188
47
0.461247
0.624319
0.0863461
0.22891
79
0.163085
3.09426
0.84525
0.309036
0.334646
78
0.00864187
0.0681985
0.0634922
0.42848
30
0.28512
7.92447
0.994276
0.0894416
0.09055
24
0.345873
0.523219
0.077583
0.311393
65
0.289378
9.54155
0.840442
0.130124
0.320415
4
0.0816175
0.64443
0.0128313
0.36871
88
0.196597
5.78774
0.860604
0.118719
0.218144
68
0.473502
0.272548
0.058156
0.0513292
47
0.31303
9.00018
0.891706
0.188394
0.168736
22
0.0335888
0.450821
0.0379526
0.4457
18
0.377699
5.14236
0.823236
0.124126
0.0557655
69
0.288538
0.258762
0.0933038
0.358937
43
0.485073
1.04929
0.981843
0.102646
0.485722
5
0.246115
0.148248
0.069571
0.484263
1
0.211152
2.59388
0.765373
0.140038
0.024141
51
0.0732346
0.665889
0.0504538
0.211571
89
0.0974681
6.17131
0.720684
0.297213
0.329506
98
0.181513
0.978865
0.0761341
0.129265
17
0.468683
5.93446
0.817329
0.0739676
0.396338
79
0.171769
0.531638
0.0563915
0.0317405
26
0.175847
4.34817
0.760486
0.257815
0.166826
3
0.0377837
0.443887
0.0277062
0.224986
85
0.0611237
1.96237
0.944792
0.325874
0.162798
27
0.262997
0.322255
0.0683223
0.102187
58
0.697458
5.88206
0.943587
0.0980667
0.0882681
29
0.380786
0.874733
0.0607571
0.372598
35
0.477532
0.975676
0.924241
0.110834
0.171157
83
0.221295
0.388174
0.08825
0.273914
3
0.398949
6.05025
0.774915
0.145166
0.313068
86
0.297159
0.356091
0.0964849
0.052139
7
0.586223
1.66944
0.91224
0.22683
0.28078
53
0.230093
0.563432
0.0822869
0.0661823
84
0.393279
4.79041
0.731642
0.266917
0.110783
97
0.189714
0.833104
0.0553611
0.0300247
36
0.266703
7.90996
0.70218
0.205234
0.497416
59
0.42565
0.498562
0.0210287
0.352097
85
0.380717
0.121119
0.857356
0.0448342
0.480794
47
0.200011
0.0904921
0.0209327
0.334558
53
0.177885
5.75431
0.866877
0.363214
0.0854727
49
0.0530374
0.54153
0.0969665
0.263421
51
0.494028
7.07393
0.835848
0.17092
0.0983954
14
0.492384
0.499656
0.0959375
0.0887017
29
0.759429
2.72083
0.711243
0.0294407
0.0802645
52
0.312451
0.977249
0.0628712
0.424362
63
0.122708
3.24763
0.839904
0.196896
0.0684761
67
0.147798
0.940078
0.0728188
0.371503
92
0.471415
1.20269
0.825205
0.143124
0.152421
74
0.331733
0.64258
0.0734923
0.449734
57
0.717985
3.89195
0.915487
0.397582
0.360341
30
0.337504
0.150998
0.0717111
0.399992
39
0.775806
7.80322
