0.992566
0.00382625
0.275194
46
0.0843648
0.690903
0.0904568
0.114249
67
0.361185
0.188682
82.7055
0.819061
0.00135341
0.494052
33
0.0849968
0.759972
0.0731021
0.076569
64
0.236504
0.515696
6.06249
0.997629
0.00893002
0.323885
72
0.0714988
0.978369
0.0393334
0.278207
66
0.49566
0.0594256
8.17011
0.997956
0.00388322
0.380824
25
0.0236495
0.396774
0.0434069
0.126854
75
0.651291
0.451414
32.7274
0.995611
0.00865549
0.438128
18
0.0190354
0.819773
0.0402541
0.00188511
17
0.225816
0.365635
85.0127





