0.989878
0.026042
0.0152889
17
0.00510894
0.153098
0.063114
0.312822
8
0.769202
4120
0.833757
0.0609822
0.161214
10
0.00946303
0.901184
0.0199409
0.22421
11
0.645314
1768
0.723286
0.0310719
0.372478
2
0.00888104
0.311403
0.0352822
0.0753933
5
0.499995
5644
0.731404
0.052998
0.431195
14
0.00310843
0.246339
0.0445721
0.431828
17
0.288772
8119
0.905183
0.0661863
0.1349
4
0.000100636
0.872696
0.0672941
0.115398
20
0.138413
9990
0.787547
0.0166183
0.495747
11
0.00733059
0.530409
0.0162993
0.273058
13
0.0519088
46
0.926284
0.083107
0.0828727
5
0.0014694
0.764394
0.0807816
0.00594058
15
0.891207
3505
0.939975
0.0384407
0.202739
19
0.00248531
0.444801
0.0960709
0.363264
3
0.352049
7355
0.856414
0.093037
0.32291
8
0.00472604
0.052005
0.0822952
0.161935
3
0.527432
6303
0.793318
0.0801156
0.28441
15
0.00689084
0.612573
0.048519
0.478519
9
0.96647
2832
