0.987631
0.00498706
0.0966489
18
0.193889
0.975054
0.0634216
0.371014
22
0.234463
8230
0.975422
0.00105295
0.208439
32
0.107814
0.888835
0.0784257
0.187727
44
0.458372
5589
0.985998
0.00137429
0.385471
4
0.1694
0.816121
0.0224353
0.412701
50
0.562409
6551
0.997992
0.00584058
0.228329
43
0.0377504
0.942472
0.0816427
0.352121
9
0.648904
5093
0.989492
0.00660032
0.424638
23
0.0607917
0.158426
0.0853426
0.111393
14
0.873144
2038
0.988315
0.00792212
0.102821
10
0.0484964
0.511713
0.0923057
0.127048
37
0.414476
6687
0.988619
0.00641415
0.176543
25
0.184411
0.714215
0.0249538
0.320412
31
0.435031
241
0.984636
0.00768924
0.236478
33
0.115184
0.285235
0.0358443
0.234534
7
0.779177
1196
0.983831
0.00272704
0.45263
44
0.102264
0.0208619
0.0728697
0.260976
3
0.192766
9825
