29
0.462184
0.0408127
0.163983
8.05162e-06
6265
7552
12
0.495253
0.017712
0.16021
1.14834e-05
9587
7401
28
0.429077
0.0105781
0.187901
1.17307e-05
6891
7436
23
0.465613
0.0424831
0.180186
9.53708e-06
5336
2687
23
0.425725
0.0274364
0.16428
1.00611e-05
9168
904
27
0.412049
0.027827
0.191811
5.58328e-06
6188
8354
23
0.42318
0.0321213
0.166768
1.43915e-05
9429
6273
26
0.452351
0.0373967
0.186606
5.0246e-06
8694
6781
26
0.43333
0.0488284
0.150908
3.95573e-06
6065
5531
16
0.453461
0.0270347
0.19489
1.78084e-05
7412
8122
26
0.464445
0.0462326
0.154828
1.44467e-05
6366
2057
28
0.457575
0.0493883
0.169288
1.35674e-05
9497
151
22
0.441143
0.0409517
0.183522
6.04755e-06
7971
6551
15
0.496465
0.0280495
0.17291
4.42894e-06
6766
4598
15
0.431375
0.0463858
0.18771
6.98534e-06
8360
9115
14
0.477059
0.03569
0.199458
1.8181e-05
9811
1125
21
0.42958
0.0418938
0.1987
9.731e-06
9460
7823
16
0.401093
0.0157612
0.187691
3.30707e-06
8708
9013
26
0.475727
0.0109432
0.154303
9.01544e-06
5284
7625
24
0.470071
0.0243356
0.170932
1.50916e-05
8475
2427
25
0.487962
0.0106836
0.197232
1.23564e-05
7396
3206
27
0.488324
0.0360212
0.196607
7.97774e-06
5370
9125
29
0.408675
0.0157298
0.167051
3.87545e-06
6308
4562
14
0.455497
0.0241578
0.177713
1.45107e-05
6984
7228
18
0.430143
0.0238906
0.168945
4.04238e-06
7429
4931
29
0.46697
0.0325808
0.150855
9.1224e-06
8023
333
30
0.419316
0.0301833
0.199926
1.71127e-05
6392
5427
15
0.464682
0.0484011
0.158205
1.21077e-05
9090
3261
30
0.486462
0.0382784
0.178655
1.99765e-06
6812
2849
15
0.408433
0.0262729
0.161575
1.63305e-05
5812
468
12
0.450673
0.0331601
0.170691
1.42547e-05
6339
3537
28
0.451053
0.0297806
0.150543
5.91409e-06
8017
9980
17
0.498271
0.0336098
0.171261
8.36276e-06
5459
4835
29
0.477893
0.0337569
0.159516
6.51001e-06
8111
1150
22
0.405238
0.0228603
0.173351
1.39289e-05
8327
3134
29
0.428572
0.0497316
0.184481
1.67503e-05
9356
5622
11
0.488445
0.0129926
0.198553
1.07281e-05
9186
8957
16
0.440284
0.0432072
0.18862
8.71399e-06
7796
8932
25
0.476666
0.0378688
0.172041
2.7139e-06
8133
2655
22
0.42603
0.0490834
0.151658
1.32847e-05
5500
4744
21
0.489194
0.0217831
0.183872
6.73693e-06
9989
7187
21
0.443721
0.0344228
0.175803
1.50498e-05
9321
4433
11
0.478486
0.0485082
0.169824
7.30259e-06
9638
1770
13
0.434143
0.0499676
0.168572
1.10859e-05
8092
3963
26
0.440729
0.0139236
0.196254
1.78425e-05
5227
8513
25
0.414372
0.0451645
0.158657
1.24941e-05
8103
1004
16
0.413057
0.0366018
0.168288
9.44737e-06
7921
4800
17
0.400634
0.0428404
0.19492
8.24486e-06
5299
6499
30
0.422905
0.0493415
0.192518
1.40761e-05
6913
9168
13
0.481044
0.0361097
0.170802
1.63691e-05
8048
2620
30
0.437917
0.0189535
0.167841
3.7041e-06
8920
8434
26
0.403598
0.0482025
0.190066
6.96153e-06
8987
2823
28
0.470354
0.0231945
0.167938
5.17757e-06
8204
1871
29
0.442333
0.0227391
0.182043
5.73162e-06
9934
3370
29
0.460284
0.0240133
0.169339
1.88573e-05
6174
9216
17
0.494015
0.034508
0.151245
7.23535e-06
5477
6082
28
0.411634
0.0421961
0.17736
1.25223e-05
5437
1373
28
0.473725
0.0411497
0.169471
1.61765e-05
7268
4958
21
0.461317
0.0331106
0.188892
2.34662e-06
9413
8667
28
0.404011
0.0313076
0.15752
9.86633e-06
9545
3575
14
0.476398
0.0190895
0.177603
1.2758e-05
7771
2398
22
0.415483
0.0175924
0.161463
1.14212e-05
5985
994
10
0.410637
0.0475698
0.194001
1.34332e-05
7695
3618
19
0.474803
0.0389446
0.194784
1.85418e-05
7913
6360
21
0.482783
0.010214
0.167511
1.55045e-05
8617
3150
18
0.454236
0.0221853
0.151186
7.82614e-06
6148
5931
18
0.495113
0.0387807
0.180211
1.55408e-05
7325
2308
18
0.472098
0.0376066
0.166468
6.88066e-06
7864
2217
22
0.485225
0.0161226
0.158836
1.38027e-05
8440
4978
14
0.473471
0.027487
0.197408
1.58264e-05
9900
4112
28
0.489277
0.036892
0.165485
1.70403e-05
5126
5962
14
0.47504
0.0115973
0.186978
1.77492e-05
5687
2364
23
0.421243
0.0474192
0.174966
1.12359e-05
9283
7529
19
0.469253
0.0356623
0.156603
5.19913e-06
7653
6861
15
0.498921
0.0245521
0.157709
2.76071e-06
6667
5331
13
0.451546
0.0477632
0.171502
9.29346e-06
5831
6166
11
0.474404
0.0312629
0.184294
1.41246e-06
5902
6997
20
0.418004
0.0460388
0.170781
1.57904e-05
5519
8988
25
0.419956
0.0411133
0.152289
1.44545e-05
5058
2915
11
0.48707
0.030708
0.177448
8.90732e-06
7271
6243
21
0.485024
0.0124568
0.185718
1.24625e-05
7163
2130
24
0.446466
0.0456882
0.179221
1.52786e-05
9390
9887
28
0.488906
0.0291514
0.168357
1.68333e-06
6347
7953
19
0.402363
0.0416681
0.197717
1.4558e-05
9695
2958
24
0.476422
0.0204453
0.162651
1.34915e-06
9338
3718
26
0.452128
0.0383509
0.181431
1.08122e-06
6963
592
24
0.401587
0.0273389
0.182435
1.84589e-05
9944
7651
22
0.40316
0.0464229
0.183276
1.08797e-05
7573
4017
12
0.427993
0.0121494
0.194358
8.2924e-06
8561
2554
15
0.414847
0.0445955
0.172294
1.54603e-05
5556
6431
13
0.466128
0.0290431
0.18492
2.0974e-06
5800
128
27
0.404367
0.0343184
0.173769
1.71708e-05
6491
1690
13
0.420387
0.0471841
0.157902
7.55064e-06
9758
7777
16
0.411042
0.0269011
0.179535
1.10369e-05
9102
8493
17
0.4651
0.0118426
0.169033
3.6367e-06
8649
1048
16
0.485706
0.0355194
0.150218
3.07042e-06
8467
9532
21
0.4152
0.0126232
0.191551
1.52015e-05
9572
4723
22
0.460729
0.0461047
0.191256
4.25544e-06
5545
9411
20
0.459826
0.0148849
0.197002
6.64554e-06
6481
1328
12
0.43826
0.0133163
0.193481
3.82902e-06
8130
8112
23
0.436566
0.0252314
0.155811
7.89368e-06
6117
3954
18
0.450255
0.0440782
0.164907
1.91709e-05
8637
6609
15
0.400286
0.0426297
0.158587
7.43052e-06
6682
358
17
0.443247
0.0230329
0.165735
1.49675e-05
9440
9645
13
0.422192
0.0307768
0.186516
5.46754e-06
6463
3726
17
0.494288
0.0148097
0.181817
4.12302e-06
7570
4683
23
0.477723
0.0210476
0.178958
5.09445e-06
9533
1111
26
0.414529
0.0449551
0.15387
1.53497e-05
6623
8867
24
0.496874
0.0469619
0.19417
8.95773e-06
6642
3783
18
0.481888
0.044323
0.151446
1.49317e-05
9915
7379
28
0.409506
0.0270446
0.190308
1.99602e-05
5255
5384
15
0.482949
0.0314004
0.180957
1.68365e-05
7934
4330
10
0.432539
0.0404615
0.168617
1.05624e-05
5355
7283
11
0.455826
0.0151129
0.199766
1.32169e-05
8525
607
14
0.408218
0.0237731
0.179091
1.18036e-05
7668
5565
10
0.418347
0.0439503
0.172818
8.61343e-06
8740
1090
22
0.407335
0.028182
0.1827
5.66966e-06
5966
8697
13
0.407717
0.01015
0.162965
1.04864e-05
7625
3414
15
0.467288
0.0406945
0.19579
1.47682e-05
6505
3663
14
0.498026
0.0406218
0.17754
9.36471e-06
8248
9434
17
0.475868
0.0288647
0.175575
6.36412e-06
7087
1859
21
0.436143
0.0213951
0.160574
1.21582e-05
7702
7851
11
0.487261
0.0262051
0.159726
6.84659e-06
8808
1247
26
0.421482
0.0123932
0.151095
1.86002e-06
6878
5730
12
0.431153
0.030446
0.163016
1.82832e-05
5024
6464
12
0.455188
0.0324629
0.158415
1.73753e-05
6056
9769
28
0.405592
0.0430037
0.150147
8.30987e-06
9227
1495
15
0.461558
0.0453134
0.192807
1.3837e-05
6521
9082
25
0.493697
0.0289858
0.192012
9.75234e-06
7770
9220
19
0.428075
0.0116649
0.160655
1.01726e-05
9700
5691
15
0.478837
0.0309634
0.186864
1.5718e-06
8519
7359
19
0.435112
0.0358599
0.18198
1.26683e-05
7888
3651
23
0.456394
0.0433149
0.155591
9.49258e-06
8447
9964
17
0.474712
0.0118033
0.154272
6.59384e-06
9137
6447
12
0.456743
0.0403707
0.187071
8.11179e-06
5204
1064
18
0.45796
0.0256606
0.171306
1.15699e-06
8842
4196
20
0.469783
0.0251964
0.189886
1.38921e-05
6910
2149
30
0.420115
0.0137626
0.167713
2.80284e-06
5235
7062
29
0.437693
0.0211616
0.155372
1.9555e-05
9360
3186
28
0.405045
0.0225997
0.153545
1.74692e-05
7447
1284
11
0.492374
0.0377436
0.192758
5.75094e-06
6924
4671
27
0.405929
0.0202867
0.173285
1.95249e-05
7555
6181
29
0.406801
0.0343264
0.157861
1.45958e-05
9141
5138
17
0.430225
0.0213107
0.161334
2.43483e-06
9929
9364
23
0.438163
0.047516
0.164175
2.50351e-06
9780
7381
20
0.471216
0.0388605
0.163263
7.14533e-06
7002
8192
25
0.490997
0.0236155
0.174775
1.17852e-05
8777
8647
15
0.498678
0.0155649
0.162767
1.41998e-06
9381
6203
20
0.450073
0.0119325
0.184811
1.18497e-05
5143
1973
25
0.460912
0.0434371
0.171122
7.06107e-06
5276
9848
18
0.497062
0.0187022
0.158967
4.46258e-06
5607
2480
13
0.423963
0.0325435
0.156972
1.26316e-05
9198
7178
16
0.472393
0.0450386
0.189559
5.32014e-06
6372
7879
18
0.485584
0.0209394
0.199192
1.82957e-05
6690
6825
14
0.424758
0.0386781
0.190632
1.60224e-05
9795
552
14
0.478159
0.0188231
0.190229
1.16505e-05
7605
4655
20
0.444285
0.0368482
0.199342
1.59216e-05
5465
6645
13
0.445512
0.0323546
0.159166
1.83664e-05
5912
5910
25
0.443057
0.0182483
0.183747
1.90597e-05
5674
3865
29
0.43919
0.0185811
0.192181
1.94982e-05
9305
1406
20
0.448034
0.0140799
0.15375
5.55108e-06
8825
8783
25
0.492188
0.0329322
0.171802
1.73929e-05
6091
8272
19
0.447656
0.0320296
0.175621
1.28418e-05
7372
6947
27
0.424075
0.0254643
0.160336
6.74482e-06
7404
8763
26
0.468836
0.0364265
0.178079
1.79406e-05
9130
5020
14
0.475456
0.0233348
0.16515
1.47353e-05
5613
7599
30
0.427637
0.0301462
0.181151
2.13901e-06
6300
3463
17
0.44124
0.0189615
0.152438
1.23822e-05
9624
4038
25
0.48407
0.0435483
0.16802
1.66384e-05
8947
483
29
0.447501
0.0303651
0.197935
1.59526e-05
5302
3938
11
0.430983
0.0113412
0.188029
2.20323e-06
7291
836
27
0.477228
0.0200045
0.194609
1.42966e-05
9439
6708
26
0.41866
0.0154374
0.173591
1.55898e-05
5106
7048
12
0.417802
0.0276729
0.190714
2.91714e-06
9807
6565
29
0.479069
0.0394806
0.19444
1.64045e-05
9371
1504
13
0.437464
0.0353821
0.162131
1.46894e-06
5401
2112
18
0.472616
0.0235082
0.154164
5.42158e-06
7064
309
24
0.471162
0.0413743
0.171479
4.03068e-06
8251
2268
15
0.436889
0.0407635
0.17541
4.89358e-06
5061
7724
22
0.491798
0.045441
0.167498
1.09118e-05
8812
4293
15
0.499776
0.014347
0.159248
9.43232e-06
7437
4867
13
0.403235
0.038091
0.182364
1.34153e-05
6631
3845
28
0.489807
0.0296769
0.165933
2.87265e-06
5567
1990
21
0.474249
0.0167885
0.16434
1.53857e-05
6311
9323
23
0.430654
0.0100419
0.181786
1.19177e-05
5871
2604
12
0.427334
0.0446642
0.165827
1.28106e-05
6562
8289
14
0.454627
0.0244579
0.190846
1.97636e-05
8865
4467
26
0.497597
0.0289483
0.181317
4.3595e-06
6356
2231
18
0.422379
0.0286946
0.191175
1.13811e-05
7113
270
24
0.420946
0.0205338
0.176163
1.89149e-05
6403
5173
25
0.442132
0.0114509
0.174496
1.97004e-05
8229
6909
13
0.497683
0.0367092
0.161197
6.06802e-06
9152
9740
13
0.458723
0.045113
0.181651
1.65708e-05
9963
9788
14
0.426883
0.0146682
0.158717
6.8023e-06
8939
4172
16
0.403603
0.0390623
0.187856
1.86282e-05
9861
8638
12
0.491829
0.0328659
0.192461
2.61949e-06
5045
5289
23
0.495661
0.0333976
0.181093
8.4909e-06
7459
1230
19
0.480116
0.0454354
0.154905
4.09942e-06
9607
3087
28
0.499123
0.0134285
0.194538
1.93784e-05
8833
2765
16
0.48136
0.0277584
0.168129
1.70181e-05
5086
9564
16
0.49265
0.0218578
0.199259
6.89792e-06
6603
9262
27
0.40787
0.0145764
0.15186
1.04437e-05
6478
3247
28
0.419404
0.0222879
0.152379
4.7454e-06
9022
6596
27
0.487503
0.0234139
0.175355
1.90374e-05
9002
2039
17
0.424958
0.0447955
0.162087
8.09966e-06
9213
3631
18
0.412456
0.0265262
0.152981
1.98648e-05
5951
9042
29
0.427526
0.0169584
0.188574
1.12896e-06
8992
1188
10
0.453602
0.0390324
0.183313
1.82251e-05
9505
5238
21
0.412663
0.0422575
0.176514
3.26988e-06
9821
4508
16
0.491323
0.042451
0.195674
8.56391e-06
8485
5717
19
0.446684
0.035063
0.178431
6.16455e-06
6328
2798
24
0.44179
0.0165864
0.185327
8.14696e-06
7514
2717
23
0.490113
0.0318278
0.179705
1.11427e-05
9030
5944
29
0.495442
0.0397845
0.171678
1.77636e-05
6972
640
10
0.417178
0.026834
0.160198
1.81745e-05
7091
5142
28
0.417515
0.046575
0.162874
8.42722e-06
5745
9305
29
0.468371
0.03517
0.185665
1.13339e-05
7731
8459
25
0.420644
0.0263406
0.177244
1.79571e-05
7470
5893
24
0.409176
0.0260198
0.170381
4.91984e-06
8662
2998
29
0.453101
0.0386206
0.177815
1.43678e-05
5704
2573
20
0.400916
0.0105045
0.184005
5.13033e-06
7540
3027
20
0.434846
0.0496123
0.180446
5.50863e-06
9871
2757
21
0.40713
0.0489882
0.18876
4.85746e-06
7232
1552
21
0.438703
0.027899
0.195416
2.29419e-06
7527
7032
11
0.442698
0.0197569
0.193217
4.77347e-06
5505
2192
23
0.41364
0.0391738
0.156799
9.26416e-06
9897
2401
19
0.449981
0.0346076
0.166
6.22796e-06
5591
8305
10
0.435941
0.0415162
0.176236
1.92594e-05
6742
4230
24
0.467788
0.0264136
0.179328
1.37319e-05
5578
6681
29
0.449533
0.033454
0.154058
1.91605e-05
5444
4716
13
0.402543
0.0431254
0.160916
5.81669e-06
8961
5367
25
0.425474
0.0367301
0.16172
5.88754e-06
8491
1606
10
0.484756
0.0173915
0.196367
1.05967e-05
7985
2891
22
0.493453
0.0305647
0.167158
1.94407e-05
5330
7707
22
0.406046
0.0259875
0.183672
1.57192e-05
7612
8416
22
0.465228
0.0103029
0.159424
4.955e-06
9959
1720
20
0.494659
0.0309575
0.196849
1.93335e-05
5898
1463
21
0.494965
0.0293171
0.152668
7.94696e-06
5794
6403
12
0.423473
0.0327839
0.186008
1.9009e-05
9516
8257
22
0.430595
0.0254261
0.175939
1.0277e-05
9242
7206
11
0.41591
0.0436268
0.196049
3.59213e-06
6100
7818
19
0.409838
0.0207821
0.19296
3.79554e-06
5993
9803
27
0.418482
0.0472774
0.18896
2.47938e-06
9612
8565
26
0.428229
0.0480588
0.172566
1.56865e-05
5922
2866
28
0.434224
0.0127281
0.172474
1.80213e-05
5211
4080
24
0.459145
0.0339256
0.173942
1.09486e-05
8265
2450
24
0.458261
0.0152053
0.196535
4.55805e-06
5116
8759
27
0.49997
0.0275928
0.180559
1.99028e-05
8332
82
16
0.421949
0.0287795
0.181233
1.88097e-05
8552
4556
14
0.486943
0.0452373
0.15272
1.623e-05
8318
3896
27
0.458083
0.0486026
0.173872
1.48715e-05
9053
7751
21
0.416834
0.0126708
0.154645
1.6158e-05
8874
8232
15
0.468557
0.0142833
0.154518
1.16303e-05
6723
6046
29
0.464879
0.0477133
0.172728
2.14627e-06
9076
6897
23
0.408871
0.0246106
0.188168
1.08222e-05
5485
5612
30
0.446861
0.0311721
0.176681
1.10229e-05
9739
2935
23
0.417368
0.0382331
0.162548
1.0211e-05
5130
9824
24
0.431544
0.0399349
0.178224
7.47292e-06
8761
9035
13
0.427155
0.0284095
0.180059
1.96558e-05
5364
9707
27
0.472469
0.0444681
0.187407
3.19407e-06
8610
3818
18
0.420528
0.0171466
0.188255
8.86498e-06
6944
9142
28
0.433749
0.0372363
0.159948
1.65944e-05
8282
5087
20
0.486222
0.0208665
0.192673
1.3197e-05
9670
3283
30
0.4817
0.0145488
0.185154
8.82661e-06
8077
6859
21
0.448602
0.0255825
0.165088
5.27499e-06
5770
8376
25
0.433551
0.0326462
0.17838
1.84305e-05
6613
5275
17
0.428621
0.0112275
0.186212
1.14966e-05
8067
434
12
0.473833
0.0409831
0.175061
1.56133e-05
7052
704
15
0.435692
0.0332106
0.178534
1.52466e-05
6383
3907
21
0.47753
0.0111051
0.152075
6.69273e-06
6249
3314
20
0.495824
0.0285066
0.150418
1.31926e-06
7818
501
14
0.436737
0.0108413
0.198237
3.3947e-06
6436
2661
11
0.461099
0.0131253
0.191015
7.73071e-06
5350
7445
21
0.42624
0.0144798
0.171018
1.78788e-05
6446
4064
25
0.455721
0.0445379
0.178829
9.17367e-06
7158
1306
17
0.486617
0.0154778
0.185228
1.77119e-05
8652
7302
25
0.461795
0.0385396
0.167674
4.2792e-06
6775
4640
19
0.402101
0.0402384
0.198432
4.38374e-06
9268
9348
26
0.425121
0.0194874
0.190536
1.76732e-05
6716
4247
19
0.490496
0.0384171
0.185909
1.74467e-05
5003
6818
28
0.43729
0.0135414
0.198338
1.21793e-05
7802
8164
23
0.434596
0.0396586
0.155601
2.22763e-06
5650
674
20
0.403986
0.0417586
0.158144
2.82723e-06
6197
9665
10
0.469927
0.0492522
0.182989
1.16843e-05
7105
9072
13
0.463411
0.03781
0.159392
1.6435e-05
6759
3016
19
0.459513
0.0174667
0.167331
9.33698e-06
9681
5838
19
0.482486
0.0134852
0.184165
6.12068e-06
7830
7914
14
0.418811
0.0248543
0.159039
1.80534e-05
9118
9916
24
0.44287
0.0363999
0.193019
6.43453e-06
7592
9288
23
0.401383
0.0192701
0.155083
1.33171e-05
9664
7688
11
0.483577
0.0398553
0.195102
3.35281e-06
5637
4795
19
0.441933
0.0300134
0.169753
1.37193e-05
8501
8553
20
0.426759
0.0495551
0.182539
1.55041e-06
8174
8079
18
0.471829
0.0167186
0.160099
3.23254e-06
9728
4376
14
0.433022
0.0418267
0.16126
1.20743e-05
7248
775
15
0.497359
0.040102
0.193541
2.58784e-06
6076
6675
17
0.456867
0.0430622
0.157084
1.15501e-05
7900
7123
27
0.409235
0.0165052
0.165659
1.41228e-05
5725
2966
21
0.458511
0.0487137
0.181565
1.71993e-06
8058
6969
12
0.4446
0.0329938
0.192235
8.74207e-06
7877
2507
17
0.457733
0.0142274
0.196962
1.01378e-05
5786
5494
11
0.471464
0.0249723
0.191432
1.8046e-06
8184
286
23
0.437149
0.0193029
0.179424
1.97933e-06
9066
3439
27
0.455247
0.0358289
0.189203
4.8373e-06
6548
8905
18
0.44465
0.0397569
0.166143
1.36242e-05
9977
1022
12
0.470837
0.0156027
0.179925
6.50426e-06
6457
7150
16
0.489771
0.0253542
0.174002
1.88827e-05
5949
5473
11
0.432775
0.0206449
0.152529
8.7607e-06
7676
6757
26
0.402943
0.0164113
0.171797
5.63157e-06
5521
699
12
0.478221
0.0441092
0.153388
1.68827e-05
6858
7016
18
0.468123
0.0355995
0.182844
1.75398e-05
6001
386
20
0.448886
0.0473368
0.189789
1.7287e-05
8235
6068
14
0.411521
0.0352889
0.188495
8.8773e-06
8893
9467
15
0.480296
0.0437141
0.160728
1.0657e-05
7226
7609
16
0.408132
0.0466918
0.19393
1.85878e-05
8796
187
24
0.479992
0.0314487
0.189697
1.12021e-05
8907
9507
22
0.401735
0.0395264
0.156357
1.48158e-05
6203
3177
16
0.415335
0.0282469
0.198842
1.30915e-05
6429
6363
27
0.454837
0.0176672
0.156181
1.25836e-05
7847
9450
11
0.440498
0.0196172
0.174264
1.69316e-05
6018
814
18
0.406367
0.0283941
0.176414
1.19665e-05
6880
8055
27
0.472983
0.0241895
0.168808
1.60681e-05
8213
2352
28
0.413456
0.0147721
0.169556
2.64492e-06
6956
3988
21
0.479267
0.0173595
0.153131
1.98155e-05
5939
4273
21
0.416397
0.0258745
0.151542
3.16048e-06
9769
1527
25
0.463674
0.0333494
0.164863
6.00084e-06
5858
1903
16
0.462273
0.0286041
0.186456
1.11618e-05
8594
4402
27
0.423265
0.0426894
0.159645
9.93582e-06
9486
5841
12
0.499441
0.0246432
0.184525
7.87544e-06
9409
2733
24
0.422687
0.0161677
0.176005
1.30351e-05
8679
254
17
0.452794
0.0123033
0.17639
1.22501e-05
6157
2596
22
0.444987
0.0237376
0.165312
3.56055e-06
8140
5868
27
0.466518
0.0487891
0.198037
2.26549e-06
6234
3697
15
0.44394
0.0235824
0.156803
1.36615e-05
9659
885
25
0.402652
0.0117438
0.190158
5.24671e-06
5657
725
20
0.446186
0.0194306
0.169932
1.83599e-05
7727
7497
22
0.406414
0.0469199
0.169108
1.09688e-05
7186
1945
28
0.411889
0.0151557
0.163408
7.78075e-06
7546
4919
24
0.450906
0.0494941
0.151711
9.1565e-06
9209
796
29
0.480808
0.021741
0.17364
2.69091e-06
7491
563
11
0.456481
0.0455756
0.193173
3.74254e-06
5823
5069
17
0.492992
0.0369981
0.189483
1.03629e-05
7648
1589
24
0.493883
0.0224488
0.188357
1.20012e-05
8930
6238
19
0.439565
0.0459585
0.153227
8.00227e-06
5739
9637
23
0.448549
0.0448033
0.191936
2.95434e-06
6573
7480
19
0.416121
0.0299133
0.19892
1.87609e-06
7465
4498
19
0.494407
0.0499115
0.176884
1.07688e-05
7035
4398
24
0.49332
0.035944
0.17306
6.31895e-06
8958
8740
29
0.414759
0.0179898
0.155482
1.46731e-05
8400
5460
22
0.42975
0.0229497
0.157161
1.46936e-05
7640
420
20
0.410386
0.0423678
0.193855
1.50165e-05
9345
6736
21
0.460027
0.0400656
0.163845
1.12901e-05
7959
3338
12
0.491014
0.0209731
0.1534
2.55598e-06
7020
5545
27
0.483
0.0364917
0.151319
8.55519e-06
8290
5672
30
0.461837
0.0171098
0.196772
9.89515e-06
7754
2082
13
0.452834
0.0120255
0.194205
1.73051e-05
8850
4888
15
0.451908
0.0178022
0.1637
1.64393e-06
8711
8700
30
0.488677
0.0181995
0.158014
1.76064e-05
5198
1203
23
0.453259
0.0294125
0.174543
1.29014e-05
9888
8202
22
0.435392
0.0421125
0.15037
1.05319e-05
7968
937
23
0.448388
0.0350217
0.190423
1.87768e-05
9295
3045
13
0.470716
0.0203406
0.152821
5.84897e-06
6867
4304
21
0.449019
0.015935
0.190988
1.69671e-05
8681
5016
19
0.41228
0.012857
0.189069
1.66733e-05
6413
1897
13
0.475284
0.0308788
0.153986
1.3597e-05
5627
3384
19
0.460461
0.0212694
0.152148
1.96006e-05
7306
1937
12
0.465503
0.018511
0.180642
1.5435e-05
6229
962
15
0.459224
0.0310829
0.163173
1.03115e-05
8880
7677
25
0.484917
0.0279427
0.184338
7.32953e-06
6678
5220
15
0.435447
0.0342026
0.170079
7.35997e-06
7079
1803
20
0.419004
0.0317171
0.199677
1.0403e-05
9239
1350
28
0.445241
0.0249321
0.166206
1.48568e-05
6133
6935
12
0.434715
0.0335523
0.184603
1.20314e-05
5390
7108
26
0.404696
0.0483094
0.16556
1.00081e-05
6290
3768
13
0.496374
0.0434703
0.178176
9.97894e-06
8978
440
26
0.468755
0.0478591
0.159814
1.75234e-05
8400
6330
11
0.421176
0.0294631
0.17989
1.67706e-05
8006
9689
21
0.432257
0.0179047
0.161621
1.92918e-05
7785
4604
18
0.424299
0.046744
0.199547
4.53256e-06
9650
9248
12
0.442568
0.0456008
0.157673
1.72468e-05
6995
3485
27
0.463984
0.0292284
0.179134
1.96725e-05
9856
6633
16
0.48072
0.0242764
0.161957
3.37111e-06
6534
8810
25
0.416726
0.0349238
0.182777
1.3264e-05
9045
9190
27
0.454078
0.0215202
0.195981
9.85112e-06
9098
3446
11
0.470483
0.0225324
0.160454
1.24178e-05
9274
2258
16
0.44356
0.0219484
0.1892
7.65891e-06
8378
4534
27
0.476183
0.0162653
0.177096
9.62381e-06
7686
1726
17
0.425822
0.0362411
0.183003
6.26899e-06
7348
9386
30
0.484289
0.0402756
0.165238
6.42367e-06
9478
6136
10
0.454502
0.0404851
0.166878
1.13644e-05
7193
6388
22
0.469487
0.0265784
0.15065
1.33852e-05
7486
5749
21
0.41966
0.0114281
0.167201
1.27173e-05
6021
7271
11
0.42451
0.0340106
0.19582
1.43048e-05
8451
6314
26
0.449259
0.0137527
0.197307
1.30639e-05
5176
4158
29
0.439741
0.0223237
0.195562
7.69059e-06
8168
3066
19
0.489548
0.023255
0.154741
6.33953e-06
8276
6762
19
0.401949
0.0338902
0.18075
1.25465e-06
8421
7920
15
0.446332
0.0226644
0.162335
7.53409e-06
5867
8856
14
0.490699
0.0281196
0.185418
1.86952e-05
7177
17
28
0.417698
0.0488966
0.155252
1.59885e-05
5263
6154
13
0.426409
0.0427587
0.164615
1.40652e-05
9567
1383
20
0.438835
0.036181
0.17484
1.8633e-05
7839
3560
17
0.405607
0.0111828
0.199818
1.22266e-05
8545
958
12
0.428916
0.0319802
0.156468
1.87141e-05
7313
5303
11
0.441591
0.0138794
0.169654
1.06193e-05
5159
2497
20
0.404545
0.0491884
0.170589
1.2949e-05
7855
9949
24
0.456077
0.0159112
0.186728
1.68978e-05
8309
5200
23
0.438574
0.0412038
0.162224
1.71952e-05
8355
5999
27
0.400596
0.0187763
0.156253
1.81069e-05
7208
3356
16
0.481493
0.0141044
0.16473
1.52107e-06
7503
4987
30
0.431627
0.0103937
0.164543
1.62656e-05
9844
222
21
0.462665
0.013115
0.189961
3.11957e-06
6513
5118
16
0.447817
0.0121884
0.166927
2.37425e-06
5532
9554
23
0.483242
0.037983
0.163325
1.02983e-06
8157
48
14
0.496745
0.0136513
0.191752
3.91345e-06
5581
5783
23
0.464356
0.0470936
0.186143
1.00963e-05
8089
9871
17
0.46624
0.0295617
0.195201
7.15991e-06
6797
2165
22
0.423695
0.0371929
0.160883
3.4873e-06
8033
7999
11
0.416496
0.0198887
0.161892
7.57659e-06
5662
6100
30
0.451308
0.0180071
0.173478
4.7086e-06
6650
3103
15
0.498532
0.0441889
0.189381
4.61685e-06
6837
170
23
0.484586
0.0316718
0.183102
1.15763e-05
7043
7241
12
0.473039
0.0150372
0.199088
1.94169e-05
8588
2008
29
0.447065
0.0271443
0.182108
1.28475e-06
8196
1789
11
0.409774
0.0160227
0.176953
8.64412e-06
9461
5507
26
0.450465
0.0338199
0.15001
3.01715e-06
6585
1833
21
0.449779
0.0199436
0.15363
1.51014e-05
6700
3221
10
0.467884
0.0429109
0.193713
1.46319e-05
6560
2066
17
0.425362
0.0257973
0.175795
1.92432e-06
9749
6290
29
0.429201
0.0465191
0.164409
9.63643e-06
7216
6500
26
0.439874
0.0462809
0.19715
9.0874e-06
5844
8521
20
0.415706
0.0132119
0.170175
1.34652e-05
5163
7783
14
0.478628
0.0129217
0.177943
9.70165e-06
6087
9936
22
0.473245
0.0380495
0.179642
9.01876e-06
6275
868
20
0.440999
0.0347009
0.17419
1.52903e-05
5033
7339
10
0.447227
0.0109933
0.16408
1.38481e-05
7586
5260
14
0.480441
0.0184545
0.185012
1.40299e-05
8580
9753
11
0.4319
0.0483379
0.198177
3.52532e-06
6123
1562
13
0.410405
0.034122
0.157464
1.60882e-05
7358
8143
22
0.411282
0.016322
0.186383
1.28783e-05
5426
747
15
0.465834
0.0415961
0.155749
7.21898e-06
5245
201
18
0.479741
0.0220357
0.191644
7.40055e-06
9016
5650
14
0.479483
0.02613
0.198707
4.17363e-06
7746
1755
17
0.491422
0.0394258
0.177185
1.18689e-05
9600
1626
17
0.406642
0.0197721
0.197573
8.39338e-06
6259
4121
13
0.410091
0.032198
0.176754
9.79108e-06
7250
1650
25
0.407583
0.0104109
0.172685
1.57631e-05
5769
642
16
0.445982
0.020116
0.166363
1.89389e-05
7387
8467
22
0.429896
0.0272347
0.195356
5.37557e-06
8756
4202
12
0.453914
0.0267226
0.193684
1.62939e-05
5971
7894
25
0.432816
0.0420731
0.166515
1.05062e-06
7014
377
10
0.486176
0.020568
0.19137
4.65135e-06
7909
9590
13
0.482161
0.0457706
0.197857
1.56573e-05
5759
4845
26
0.463251
0.0468181
0.187524
1.97828e-05
6036
4047
29
0.410882
0.0153298
0.180872
4.21658e-06
9521
8093
12
0.436236
0.0266832
0.187169
1.35237e-05
7993
2808
26
0.40016
0.0443049
0.178752
4.32506e-06
6806
5779
16
0.414126
0.0348022
0.175201
5.05928e-06
9786
8593
29
0.41391
0.0181473
0.193348
1.39927e-05
6161
1458
18
0.433967
0.0168534
0.171986
1.7731e-06
8622
8825
20
0.462431
0.02476
0.155922
8.20655e-06
6933
5589
16
0.45244
0.0202155
0.1688
3.69606e-06
6845
2523
13
0.469172
0.0497719
0.18584
1.06978e-05
7135
5408
16
0.404837
0.0257593
0.154483
5.97444e-06
9720
2286
24
0.48373
0.0347982
0.173197
6.17862e-06
8739
8979
27
0.497957
0.0438811
0.187366
3.4403e-06
5885
6009
24
0.432166
0.0479543
0.174363
7.64862e-06
5317
1427
12
0.459606
0.037458
0.170291
9.22001e-06
7123
7503
18
0.492452
0.0125051
0.161029
1.30039e-05
7719
7096
26
0.488191
0.0297378
0.185563
1.229e-05
8341
111
25
0.422546
0.0372981
0.174665
4.57728e-06
9315
79
22
0.439325
0.0107794
0.168441
1.41751e-05
5091
857
27
0.457187
0.0318844
0.172329
1.75977e-05
5690
5809
20
0.440133
0.0437621
0.151942
1.58907e-05
6220
521
18
0.490241
0.0315507
0.196487
1.65042e-05
8530
8612
17
0.463098
0.0481
0.163518
1.26172e-05
9553
3517
14
0.474155
0.0352456
0.180302
7.03489e-06
9994
3751
24
0.4458
0.0476237
0.197645
6.5541e-06
9254
6030
25
0.421658
0.0370559
0.172135
7.11143e-06
6787
7973
26
0.457395
0.0375611
0.150725
1.99665e-05
7336
1163
19
0.476914
0.0239685
0.183405
2.99325e-06
8382
2328
11
0.445035
0.0322902
0.157237
3.96829e-06
7140
4453
23
0.464171
0.0215109
0.183944
1.91157e-05
6820
8897
22
0.482283
0.0459179
0.157356
1.22276e-06
5073
8013
19
0.413394
0.0231083
0.15603
2.06297e-06
7943
1264
26
0.487763
0.0195327
0.187242
1.71067e-05
5414
8340
11
0.462816
0.0302404
0.163764
5.34234e-06
5718
8033
25
0.493194
0.0250539
0.192315
1.80849e-05
9838
8396
24
0.458855
0.0191921
0.15307
1.7223e-06
5010
5352
17
0.499272
0.0392025
0.175181
8.47135e-06
8781
4359
18
0.485966
0.0172295
0.196139
1.84835e-05
8728
7570
14
0.483965
0.0305299
0.19502
5.69583e-06
5184
5060
18
0.444076
0.0393505
0.162422
1.64854e-05
6739
29
17
0.451765
0.0419592
0.158366
1.51605e-05
8415
6534
13
0.46679
0.0299449
0.170406
1.42172e-05
9176
3584
28
0.471665
0.0216272
0.184732
9.58275e-06
7368
9603
14
0.467029
0.0183785
0.155103
1.9221e-05
7282
9482
28
0.412922
0.022115
0.156553
1.02453e-05
5388
1675
20
0.496049
0.0413338
0.182214
1.31336e-05
6048
4774
18
0.467486
0.0170174
0.166681
1.66952e-05
6592
3834
