0.835827
0.00655136
0.108252
79
0.0668977
0.0352129
0.0621763
0.326047
48
0.481359
0.00403331
29.0229
0.853881
0.00317742
0.173519
37
0.0773563
0.36262
0.059908
0.264439
6
0.642824
0.694224
78.2948
0.842964
0.00584269
0.463114
43
0.0471402
0.621294
0.0229722
0.0020072
64
0.0831431
0.15302
80.2464
0.839508
0.00712584
0.473751
39
0.0264373
0.0188789
0.019734
0.398747
27
0.749214
0.716764
74.7229
0.927998
0.00250044
0.0259081
69
0.0597622
0.26596
0.0838634
0.0425782
23
0.442507
0.712999
78.4221
0.845546
0.00745871
0.449274
29
0.0727498
0.89017
0.0141017
0.410088
13
0.46121
0.830367
36.6714
0.809209
0.00707781
0.419943
14
0.0261243
0.965099
0.0298829
0.132834
59
0.0386712
0.173002
34.4804
0.880048
0.00976798
0.45145
47
0.0193713
0.827941
0.0873604
0.290561
61
0.36692
0.540186
56.4904
0.824705
0.00973266
0.489749
78
0.0185875
0.656557
0.0264465
0.226901
91
0.125696
0.373194
61.1372
0.822141
0.00200382
0.113406
61
0.0273583
0.00851998
0.0186364
0.1235
40
0.48939
0.296411
75.8607
0.820885
0.00953055
0.469644
63
0.0728969
0.43044
0.0269159
0.468012
60
0.689492
0.139769
24.7216
0.920092
0.00323264
0.124522
57
0.061985
0.587118
0.059769
0.206287
97
0.281636
0.846623
46.1289
0.962476
0.00990225
0.42874
22
0.0777741
0.953225
0.066258
0.0514944
19
0.0458409
0.949361
65.4833
0.852263
0.00270904
0.00254416
5
0.015469
0.933683
0.0996133
0.0967666
93
0.428657
0.0296917
69.3513
0.924333
0.00833843
0.20392
34
0.0303068
0.549164
0.0425356
0.368528
4
0.424751
0.699625
71.6625
0.963825
0.00225358
0.234501
27
0.0950582
0.419116
0.0759385
0.235434
98
0.282853
0.891617
15.235
0.896132
0.00403901
0.441266
78
0.0966825
0.263242
0.0552839
0.166462
65
0.0864519
0.510158
91.3273
0.804882
0.00412552
0.415469
58
0.0265693
0.0919857
0.0126589
0.474343
81
0.239902
0.142278
57.7319
0.946655
0.0012144
0.360188
46
0.0569263
0.541166
0.0452115
0.0593156
4
0.23115
0.234863
27.2228
0.856747
0.00301081
0.421895
93
0.0683735
0.77672
0.0512245
0.262585
25
0.0590401
0.170442
72.6904
0.915988
0.0080664
0.285769
72
0.0150927
0.962683
0.0970838
0.38436
9
0.643558
0.871457
13.2091
0.800483
0.00949711
0.129565
3
0.0855177
0.574092
0.0918402
0.0339091
2
0.104954
0.46903
31.7615
0.807643
0.0012952
0.287754
6
0.0929098
0.166294
0.0680752
0.243398
55
0.694449
0.990664
51.1817
0.87488
0.00351383
0.0426048
38
0.0992499
0.939723
0.0591383
0.186861
25
0.747566
0.928544
90.0944
0.903557
0.00642927
0.128505
79
0.0606885
0.115783
0.0613454
0.431721
79
0.520454
0.422909
55.3304
0.803611
0.00892201
0.175494
4
0.0713375
0.606247
0.0311477
0.405544
93
0.540595
0.177244
84.835
0.826788
0.00953521
0.292375
61
0.0847174
0.591628
0.0982968
0.314246
56
0.515893
0.294838
85.657
0.922381
0.00424141
0.320205
23
0.0885703
0.88259
0.0615505
0.0360067
70
0.708634
0.451518
12.0075
0.909473
0.00757107
0.475938
29
0.0739671
0.0178511
0.0190928
0.0228044
58
0.495943
0.33467
27.7532
0.880693
0.00934219
0.232744
54
0.0164837
0.86482
0.0123581
0.414882
50
0.430188
0.99205
0.757713
0.960968
0.00922576
0.209244
7
0.0994655
0.00474736
0.0956867
0.0811899
60
0.307321
0.585983
79.1639
0.943397
0.00436777
0.00130416
10
0.0432015
0.859481
0.068366
0.341428
10
0.198916
0.345669
55.4355
0.931912
0.00294648
0.395639
87
0.0800877
0.269166
0.0100432
0.193342
6
0.285094
0.707006
54.5634
0.841851
0.00533034
0.175961
46
0.0499657
0.946064
0.0236596
0.329923
27
0.384743
0.727004
60.7718
0.821388
0.00171205
0.0859471
45
0.0584807
0.871607
0.0772143
0.247262
34
0.154783
0.0830099
31.8983
0.892736
0.00432029
0.415105
59
0.0424854
0.513712
0.0473111
0.23117
75
0.696401
0.439708
34.772
0.883747
0.00298858
0.131384
72
0.0248555
0.840102
0.0272519
0.246341
37
0.0681417
0.568573
94.2189
0.828928
0.00737193
0.0296875
56
0.0110626
0.0750756
0.0950542
0.366515
88
0.186058
0.238528
63.7698
0.966177
0.00415897
0.371056
9
0.0506521
0.353409
0.0358387
0.498216
39
0.289091
0.936226
86.7787
0.904926
0.00279296
0.122943
51
0.0318398
0.518464
0.0416823
0.451974
29
0.178514
0.906555
57.8012
0.847639
0.00816162
0.010572
19
0.08769
0.0799785
0.0188325
0.473604
32
0.633608
0.50484
41.3565
0.826295
0.00374517
0.343157
66
0.0255683
0.741536
0.0502121
0.0114486
92
0.189736
0.130777
16.3983
0.858514
0.00475044
0.229641
11
0.079222
0.135048
0.0869387
0.177577
27
0.0479617
0.765651
99.3082
0.841477
0.00136205
0.0492914
38
0.0667862
0.478787
0.0700349
0.0529516
46
0.657923
0.459762
9.32428
0.872075
0.00516914
0.494006
67
0.029
0.680458
0.0501329
0.0892055
85
0.575625
0.0215692
79.3836
0.816402
0.00322425
0.410028
41
0.0959293
0.627181
0.0332144
0.0556704
27
0.0821176
0.484782
3.82833
0.836046
0.00900876
0.257394
60
0.0623725
0.844043
0.0477542
0.262413
45
0.174402
0.360798
21.4984
0.957376
0.00776967
0.43924
47
0.0105775
0.896262
0.090239
0.231619
52
0.0656596
0.593342
71.2012
0.928229
0.00591095
0.33073
91
0.0272153
0.683092
0.0609905
0.485169
100
0.0530843
0.590536
33.3475
0.968679
0.00268879
0.127135
98
0.0224047
0.415123
0.0779769
0.301097
13
0.367029
0.550958
44.3483
0.851228
0.00153822
0.365304
41
0.0782439
0.689512
0.0445648
0.461846
72
0.660041
0.721856
2.36571
0.878434
0.00132158
0.132617
65
0.0291335
0.652503
0.0586886
0.37799
15
0.141629
0.473761
42.4901
0.86024
0.00227003
0.0431023
58
0.0897408
0.913525
0.0705949
0.31271
64
0.436643
0.955066
70.316
0.804725
0.00375978
0.169182
42
0.0717864
0.806192
0.0955196
0.220616
30
0.560503
0.715742
89.92
0.941597
0.0061194
0.151222
95
0.0287848
0.596059
0.0204971
0.0866807
8
0.0980476
0.409253
33.6581
0.95006
0.00700858
0.328782
38
0.0530738
0.977109
0.0347518
0.249824
44
0.0642673
0.415691
28.692
0.864778
0.00283361
0.310856
69
0.0451159
0.435141
0.0312975
0.135393
24
0.319953
0.835906
1.98956
0.958599
0.00572059
0.400824
58
0.0948304
0.219144
0.0994596
0.356672
81
0.546905
0.640746
20.6844
0.905729
0.0096116
0.161371
54
0.0426298
0.869866
0.0786781
0.258789
17
0.0888543
0.790466
35.5622
0.958996
0.00854275
0.289023
90
0.0212891
0.278672
0.0354972
0.141276
73
0.743367
0.215424
96.6521
0.875171
0.00512791
0.151796
16
0.096328
0.112838
0.099022
0.278038
12
0.202047
0.637472
85.4186
0.897459
0.00887936
0.329649
55
0.020456
0.275153
0.0748436
0.307875
68
0.343186
0.402363
16.457
0.93407
0.00329716
0.36175
92
0.0475361
0.152843
0.0852403
0.432761
75
0.182142
0.0915933
54.8733
0.84015
0.00645194
0.492501
91
0.01229
0.295256
0.0635757
0.429839
79
0.42432
0.364713
43.0283
0.92679
0.00453081
0.00308082
14
0.0748994
0.225903
0.0822444
0.150512
7
0.656026
0.151645
67.4013
0.810541
0.00344714
0.410617
41
0.087436
0.906474
0.0643527
0.196881
14
0.277547
0.503433
78.6716
0.916514
0.00897804
0.413184
52
0.0242786
0.710746
0.092781
0.178878
6
0.329843
0.00947537
2.73374
0.846353
0.00581105
0.11883
65
0.0828948
0.9479
0.092554
0.347747
27
0.666895
0.623726
62.4934
0.820367
0.00879782
0.38799
86
0.0620314
0.757778
0.0102622
0.0750628
89
0.397897
0.661623
44.8321
0.91308
0.00355427
0.294181
53
0.056393
0.973098
0.0329365
0.0674145
84
0.544952
0.65782
57.0239
0.932912
0.00685614
0.199963
20
0.0968218
0.497772
0.0381082
0.303874
47
0.774909
0.538484
23.4329
0.845177
0.00710105
0.456747
96
0.0507474
0.30815
0.0617752
0.481884
25
0.243903
0.200123
76.5767
0.924832
0.00544783
0.148746
22
0.0643499
0.731778
0.0639614
0.152643
77
0.661118
0.70375
65.1588
0.812774
0.00967409
0.376569
3
0.0103042
0.54861
0.0115131
0.0643438
2
0.0318269
0.323088
14.1927
0.871007
0.00531222
0.461834
38
0.0970545
0.678566
0.0341289
0.491971
60
0.798213
0.55572
77.2893
0.83387
0.00864322
0.145158
76
0.0751195
0.434881
0.094313
0.196179
63
0.453257
0.752897
10.0745
0.8311
0.00334412
0.29337
9
0.0737552
0.204639
0.0411135
0.439487
80
0.441164
0.00287447
83.4245
0.891018
0.00439363
0.235546
85
0.0120988
0.531253
0.0159151
0.268631
93
0.21392
0.809292
89.1551
0.966582
0.00657403
0.091017
28
0.0826526
0.34295
0.0851506
0.369473
19
0.300073
0.376658
19.7788
0.936678
0.00717188
0.137591
43
0.0819292
0.754532
0.0809323
0.426302
16
0.636215
0.314862
8.78976
0.890208
0.00519395
0.310221
83
0.0653867
0.830024
0.0419482
0.0857768
95
0.487414
0.392036
37.3629
0.856023
0.00598385
0.0693988
56
0.0624713
0.893206
0.0339311
0.333556
76
0.0755197
0.959172
53.9264
0.851563
0.00923912
0.213829
94
0.0913869
0.431181
0.0425812
0.0444834
84
0.0372943
0.665149
52.1027
0.930464
0.0055295
0.0382614
44
0.0561208
0.749506
0.0900254
0.331323
61
0.151305
0.354322
93.6331
0.888637
0.00769939
0.49553
85
0.036475
0.713384
0.0302878
0.0689742
94
0.622122
0.692153
13.6234
0.967176
0.00563884
0.305963
89
0.0998434
0.0119883
0.0439293
0.343657
2
0.704788
0.0242564
73.7133
0.912137
0.00276958
0.316612
2
0.0873753
0.146828
0.0294095
0.0996421
91
0.0285724
0.64558
3.65142
0.810955
0.00848535
0.0279637
56
0.060408
0.190109
0.0411902
0.151373
23
0.176369
0.0143237
22.8524
0.95672
0.00910848
0.214618
51
0.0952841
0.98706
0.0437515
0.211847
87
0.469112
0.614292
82.5071
0.852613
0.00986446
0.0676508
27
0.0341873
0.612495
0.0107481
0.28754
95
0.247631
0.452602
50.1704
0.92139
0.0071447
0.125163
47
0.0612972
0.345241
0.0554734
0.230275
79
0.783257
0.635345
20.3715
0.868803
0.00459982
0.30176
54
0.0918248
0.015266
0.0431834
0.415648
27
0.569558
0.278532
69.1869
0.802746
0.00881525
0.256106
67
0.0546702
0.160858
0.0608094
0.111339
65
0.479756
0.718819
6.49835
0.828703
0.0082697
0.40523
10
0.0859718
0.373965
0.0422621
0.16935
56
0.209728
0.972847
60.4638
0.887302
0.00235261
0.296499
46
0.014509
0.310293
0.0828587
0.351741
8
0.220417
0.506082
97.9073
0.88496
0.00174669
0.2244
12
0.0317339
0.848043
0.0151802
0.0290704
51
0.347942
0.743511
2.19576
0.864368
0.00945598
0.324084
9
0.0745411
0.293009
0.0216326
0.293664
57
0.375445
0.509545
41.102
0.838307
0.00252233
0.217582
82
0.0735981
0.853163
0.0761236
0.456344
47
0.431625
0.245342
69.4664
0.907641
0.00242202
0.274171
26
0.0148943
0.80014
0.0227018
0.455975
16
0.227386
0.160536
70.8444
0.855017
0.00125354
0.221293
15
0.0393784
0.87424
0.0454391
0.0501092
10
0.645294
0.199752
70.5248
0.922687
0.00145383
0.01311
39
0.033535
0.161709
0.0861216
0.160186
32
0.0516451
0.731484
29.8183
0.873518
0.00426052
0.394233
31
0.0857238
0.335685
0.0530409
0.27426
18
0.149906
0.766508
80.1991
0.808049
0.00254373
0.182268
50
0.0658592
0.231743
0.0819743
0.286013
56
0.76835
0.259232
49.1994
0.881228
0.00473297
0.499761
20
0.0724126
0.580924
0.0526904
0.236315
90
0.710247
0.0879364
77.5385
0.817558
0.00401704
0.28186
12
0.0650434
0.0859298
0.0565258
0.210065
60
0.502987
0.932039
88.4198
0.91813
0.00841803
0.0728928
71
0.0634406
0.727306
0.0921764
0.278743
97
0.767097
0.642739
28.5705
0.889467
0.00142649
0.170312
24
0.0493835
0.845354
0.0478932
0.349121
56
0.390263
0.0360032
5.68146
0.884127
0.00496817
0.483195
72
0.0408801
0.762443
0.0729573
0.156243
42
0.172615
0.651993
73.112
0.801931
0.0032557
0.297515
57
0.0988675
0.296752
0.057179
0.458679
3
0.223129
0.467971
97.3704
0.832226
0.00741406
0.184613
35
0.0280241
0.236391
0.0346226
0.228907
5
0.555264
0.443669
32.1012
0.807412
0.00941094
0.146955
97
0.020328
0.535015
0.0263694
0.480992
24
0.649276
0.798457
0.804843
0.904381
0.00104861
0.0404262
42
0.0179092
0.919976
0.07389
0.462966
85
0.559592
0.68949
39.2193
0.913957
0.00372882
0.0111036
72
0.0691848
0.225161
0.0434871
0.464752
37
0.596494
0.108273
12.8606
0.876777
0.00871524
0.271825
11
0.0869669
0.787758
0.0723969
0.0628704
87
0.5518
0.491321
34.2663
0.868395
0.00870393
0.00995969
68
0.0960415
0.102074
0.0646362
0.306573
49
0.578692
0.867927
33.9008
0.969741
0.00856172
0.465475
58
0.0159028
0.654431
0.0485395
0.0987004
32
0.157545
0.899896
16.7861
0.83489
0.00466462
0.477125
81
0.0303563
0.687566
0.0897683
0.164588
92
0.466
0.446112
87.0922
0.946012
0.00891982
0.0881212
39
0.0844303
0.443022
0.0155834
0.319261
41
0.674342
0.141525
43.6391
0.934598
0.00718594
0.299963
94
0.0435101
0.671274
0.0214993
0.0572271
36
0.00447531
0.474856
98.8704
0.863527
0.00388435
0.0828559
36
0.024128
0.149767
0.0377451
0.281354
80
0.770325
0.857087
71.1792
0.966746
0.00877992
0.241415
48
0.0919569
0.193339
0.05386
0.124817
37
0.772298
0.797022
74.132
0.890095
0.0045519
0.333655
8
0.0765175
0.825447
0.0908632
0.265483
16
0.456399
0.231736
25.0984
0.899278
0.00203901
0.0660695
12
0.0751732
0.647635
0.031753
0.205355
87
0.555594
0.0382731
42.6082
0.925263
0.00276318
0.393837
92
0.0501915
0.00708134
0.0858133
0.145033
80
0.477943
0.537409
32.3241
0.943008
0.00975728
0.24805
65
0.0638107
0.998888
0.0376022
0.337849
52
0.513339
0.874071
64.4054
0.950959
0.00449337
0.0964268
5
0.0490164
0.216435
0.0382693
0.444427
76
0.135661
0.493509
8.07163
0.847064
0.00305325
0.139828
19
0.0548408
0.483469
0.0348743
0.23768
35
0.0729882
0.303864
38.1092
0.845659
0.00926083
0.459339
34
0.0405543
0.346137
0.0889198
0.148512
24
0.719496
0.0481258
5.0446
0.956043
0.00912253
0.338074
77
0.0187213
0.628758
0.0836704
0.405052
17
0.0264575
0.542153
87.9946
0.82256
0.00607007
0.303433
60
0.0446277
0.3049
0.0132542
0.198984
13
0.726282
0.226842
85.8766
0.866608
0.00772998
0.201707
65
0.0518309
0.140834
0.0384736
0.336625
23
0.18354
0.427253
7.93347
0.829523
0.00173509
0.272889
22
0.0233331
0.473267
0.0710229
0.45939
38
0.32255
0.298476
97.0448
0.953261
0.00743843
0.0314475
18
0.0982592
0.0467625
0.0146684
0.359825
70
0.191193
0.281509
67.6883
0.837957
0.00302012
0.278084
91
0.0867098
0.24955
0.0884634
0.139817
70
0.101333
0.48361
84.4239
0.955343
0.00122762
0.0988535
44
0.0715378
0.82317
0.0937636
0.216292
29
0.243074
0.212546
76.2949
0.826142
0.00851068
0.374477
85
0.0284469
0.898534
0.0160787
0.108909
33
0.0205586
0.10417
57.3681
0.857259
0.00211291
0.118417
11
0.0200617
0.747957
0.0813998
0.302633
68
0.522574
0.884112
91.5165
0.835358
0.00393
0.122021
46
0.0902981
0.0979912
0.0456409
0.441817
2
0.449407
0.562492
17.6048
0.913846
0.00314669
0.0197389
59
0.0769498
0.681537
0.0693789
0.142405
52
0.498169
0.632733
32.8744
0.866278
0.00918865
0.0849709
97
0.0526177
0.820662
0.0245584
0.267221
59
0.571601
0.39716
15.409
0.801638
0.00807965
0.403896
15
0.0941251
0.702017
0.0506454
0.0141053
95
0.158531
0.775824
92.1931
0.92935
0.00261591
0.0333114
8
0.028633
0.00317922
0.0931792
0.0492295
53
0.363431
0.449319
5.45474
0.92859
0.00535608
0.10666
18
0.030979
0.168762
0.0269659
0.23437
46
0.353675
0.0104774
9.69306
0.83846
0.00874152
0.0739772
33
0.0344169
0.259025
0.0634367
0.162807
37
0.615991
0.946032
62.2095
0.964562
0.00868247
0.185726
25
0.0144704
0.0408902
0.0109894
0.309051
42
0.706795
0.697004
96.3781
0.956241
0.00420009
0.496407
85
0.0833489
0.46399
0.0504066
0.412525
70
0.721477
0.708478
43.9078
0.877469
0.00337705
0.346843
66
0.0476454
0.313878
0.0801518
0.479399
45
0.0349725
0.855502
56.9115
0.849937
0.00377507
0.167917
21
0.0325537
0.491775
0.0589293
0.353979
13
0.110403
0.897523
84.7984
0.821527
0.00958268
0.0439754
100
0.0693375
0.659314
0.024196
0.0359276
86
0.60566
0.0452746
63.0049
0.964989
0.0048858
0.16379
60
0.0595604
0.720426
0.0467688
0.49435
57
0.538083
0.0165352
56.0368
0.841496
0.00452413
0.257745
42
0.0964877
0.0971155
0.0651587
0.154114
18
0.37482
0.202978
58.0338
0.82992
0.00257618
0.442343
52
0.0189157
0.522758
0.0429899
0.252734
3
0.581303
0.805968
39.62
0.891623
0.00617384
0.0638254
4
0.0383029
0.560109
0.0389261
0.280097
50
0.782355
0.983704
57.5649
0.952636
0.00689274
0.177736
83
0.0238373
0.575644
0.0855845
0.048144
74
0.0448979
0.1003
75.4641
0.814098
0.006378
0.345989
45
0.0176327
0.117804
0.092843
0.275289
78
0.287479
0.382753
47.3745
0.867324
0.00247231
0.0846498
8
0.0676239
0.56394
0.0443141
0.477671
8
0.518032
0.229861
94.1802
0.935293
0.00178271
0.27091
16
0.0890545
0.0620019
0.0318269
0.182949
51
0.0926339
0.287699
90.4833
0.895698
0.00520542
0.138725
15
0.099675
0.399062
0.0168026
0.37899
87
0.712354
0.435734
59.4819
0.825417
0.00160986
0.438833
21
0.0236405
0.649966
0.096196
0.49617
16
0.445343
0.338957
0.451262
0.834113
0.00729281
0.464107
55
0.0220296
0.707589
0.0274884
0.438696
29
0.619832
0.528553
79.448
0.963078
0.00185355
0.181043
35
0.0490625
0.444954
0.0165281
0.443969
64
0.160317
0.653264
47.0096
0.891889
0.0093718
0.166172
88
0.0921456
0.0359495
0.0398169
0.346436
73
0.787431
0.49917
41.9262
0.869926
0.00560844
0.0477514
21
0.0793127
0.904036
0.0498244
0.402932
62
0.724874
0.56773
77.0211
0.947881
0.00229827
0.25449
74
0.0479237
0.60082
0.0769929
0.31511
36
0.25572
0.671152
85.3622
0.806122
0.00968
0.301004
81
0.0307616
0.289064
0.0903229
0.354393
46
0.089209
0.144779
95.4489
0.856816
0.0055861
0.386307
65
0.0535309
0.0838421
0.0374543
0.479018
33
0.751519
0.819725
55.6713
0.969165
0.00192761
0.475022
6
0.0232763
0.0737707
0.0720258
0.106771
22
0.0988729
0.276038
46.3481
0.81624
0.00866362
0.0418453
49
0.0976514
0.401563
0.0732918
0.176076
83
0.309121
0.598751
87.7714
0.815838
0.00602318
0.078215
82
0.0201786
0.453354
0.0129089
0.425878
94
0.0607815
0.42054
39.8774
0.917576
0.00318185
0.110993
89
0.056592
0.886406
0.0380372
0.283588
20
0.600778
0.960962
51.6331
0.862252
0.00792531
0.116539
2
0.0541277
0.325848
0.0799735
0.295117
46
0.631822
0.711893
77.9518
0.805382
0.00430458
0.479079
2
0.0993384
0.0953302
0.0696054
0.0414492
90
0.0850098
0.877646
99.1907
0.810132
0.00448813
0.251563
49
0.09065
0.863431
0.0976591
0.273237
32
0.727916
0.206902
38.8843
0.936787
0.0095906
0.471223
61
0.021065
0.672676
0.0217377
0.381011
61
0.0108187
0.559343
27.5226
0.878817
0.00908211
0.367136
48
0.0682215
0.507977
0.0951877
0.0315008
31
0.791685
0.829505
64.7284
0.848886
0.00292365
0.0772047
19
0.0131202
0.661522
0.0246489
0.42466
97
0.00292652
0.839741
36.1805
0.831574
0.00409114
0.468424
48
0.08635
0.83505
0.0778177
0.30144
98
0.188885
0.94542
28.8631
0.813511
0.00675672
0.229264
81
0.0790195
0.157269
0.0161512
0.4722
20
0.317318
0.289554
90.3559
0.902603
0.00929835
0.312638
68
0.0666731
0.182283
0.0892598
0.292156
29
0.279672
0.744678
23.3631
0.811913
0.00132908
0.314277
36
0.0582638
0.528354
0.0644707
0.393673
31
0.223115
0.939685
62.6149
0.90122
0.00787139
0.244705
45
0.0253827
0.131113
0.0864589
0.468991
71
0.593362
0.768824
50.2817
0.827834
0.00163307
0.41218
6
0.0324937
0.754392
0.0575807
0.296671
20
0.402208
0.534314
20.5877
0.840877
0.00836865
0.26404
36
0.0815798
0.173812
0.0178892
0.487656
83
0.303961
0.760144
2.84392
0.938165
0.00440735
0.436445
88
0.0438268
0.520251
0.0881154
0.0779888
89
0.163182
0.754519
30.7743
0.930906
0.00723545
0.435961
3
0.0971553
0.0669406
0.0447822
0.0792757
35
0.324429
0.916657
11.6492
0.895188
0.00508474
0.0487489
24
0.0628567
0.616076
0.0104018
0.283163
21
0.346142
0.285687
86.8191
0.951933
0.0064629
0.0181199
24
0.011085
0.364885
0.0234676
0.251049
66
0.295879
0.12157
10.4014
0.899912
0.00549723
0.228424
31
0.0175012
0.0320426
0.0936824
0.395337
82
0.597727
0.868739
81.8122
0.811633
0.00639191
0.178752
33
0.0433786
0.69526
0.0596625
0.486245
32
0.164992
0.942022
35.1435
0.967722
0.00785291
0.360726
28
0.0389664
0.438046
0.0396267
0.0565809
95
0.16786
0.136598
52.7188
0.962544
0.00288809
0.198416
64
0.0709387
0.291353
0.039882
0.340329
100
0.275538
0.218218
63.2387
0.813705
0.00996112
0.333005
58
0.0724612
0.809184
0.0654207
0.434569
80
0.628844
0.626412
24.8006
0.896703
0.00731685
0.050911
49
0.0979611
0.721548
0.0912721
0.420179
71
0.217692
0.825543
61.8517
0.815083
0.00470036
0.287147
79
0.0523163
0.691067
0.0821534
0.254093
65
0.371508
0.668535
42.9161
0.908243
0.00222398
0.416494
96
0.0805873
0.450361
0.0998926
0.134719
83
0.46624
0.352438
51.5081
0.876303
0.0070484
0.490534
92
0.0396482
0.996583
0.0825463
0.289517
82
0.302298
0.556871
30.1941
0.834394
0.00618762
0.114822
30
0.0244953
0.4592
0.0868225
0.237063
25
0.330317
0.188025
63.9707
0.908042
0.00598954
0.0126581
31
0.0603324
0.619736
0.0744897
0.370642
22
0.0418432
0.611115
22.2663
0.968537
0.00587527
0.0657742
32
0.0780289
0.456748
0.0585822
0.299832
67
0.211053
0.800487
47.5176
0.904344
0.0080509
0.250383
40
0.0701621
0.572183
0.0463586
0.178025
11
0.482577
0.588413
70.037
0.85468
0.00649382
0.0935286
51
0.032087
0.367271
0.0781254
0.475508
58
0.2248
0.581268
80.4632
0.837519
0.00165321
0.432411
5
0.0904632
0.968957
0.094551
0.0309059
77
0.653154
0.257721
33.4972
0.817026
0.00828276
0.0167521
42
0.0698675
0.126423
0.0254882
0.44896
79
0.0768587
0.480744
69.7509
0.882465
0.00196802
0.143055
64
0.0670725
0.993624
0.0762745
0.269699
34
0.114315
0.223155
29.4262
0.942633
0.00902939
0.408062
81
0.0331702
0.676573
0.0622033
0.114406
42
0.607928
0.741033
72.1032
0.917958
0.00746746
0.112011
21
0.0945284
0.583648
0.0688827
0.440625
76
0.049862
0.922616
96.8964
0.89881
0.0027156
0.159432
13
0.0391698
0.234943
0.029163
0.497214
44
0.299789
0.544094
25.82
0.902063
0.00169544
0.3798
92
0.0796266
0.530812
0.0414183
0.42281
99
0.496916
0.000799508
18.2123
0.81948
0.00983298
0.457489
95
0.0755515
0.123914
0.0307712
0.418073
30
0.0708362
0.649529
88.1857
0.93758
0.00397668
0.269957
39
0.0494979
0.0300119
0.0911209
0.123792
26
0.626799
0.902594
74.5638
0.828142
0.00896779
0.212954
4
0.0469163
0.100252
0.0631165
0.327899
86
0.691029
0.210245
23.1119
0.865325
0.00790437
0.226895
43
0.0757553
0.409195
0.0224828
0.389332
3
0.473756
0.444461
43.2174
0.916881
0.00568075
0.480291
37
0.0126484
0.904254
0.0282344
0.201885
92
0.731929
0.125061
86.2561
0.928876
0.00748312
0.289639
74
0.045746
0.447862
0.0881644
0.118745
37
0.701754
0.43145
68.2127
0.965885
0.00802684
0.458378
9
0.034999
0.817214
0.0783671
0.00509362
7
0.734108
0.182814
6.18006
0.869109
0.00836105
0.422841
68
0.0299948
0.132854
0.0551698
0.298521
59
0.759204
0.98412
77.7915
0.839085
0.00818359
0.237067
16
0.095778
0.347828
0.055896
0.408283
34
0.745895
0.853089
29.2039
0.949378
0.00445197
0.382807
17
0.0514743
0.597699
0.0463675
0.0232783
76
0.758046
0.237041
52.417
0.806936
0.00939288
0.00593532
73
0.0557856
0.0690793
0.0496673
0.488222
99
0.57776
0.374211
61.5157
0.92629
0.00494976
0.351311
73
0.0184464
0.0431802
0.0703434
0.396408
51
0.205417
0.428539
68.8276
0.855657
0.00801705
0.25898
44
0.0567545
0.0200222
0.0305995
0.0999323
11
0.492667
0.737381
66.5871
0.909986
0.00490414
0.467418
6
0.0802083
0.746262
0.0752326
0.345294
36
0.0578577
0.925416
25.4699
0.889162
0.00998157
0.210606
91
0.0881626
0.792988
0.0896905
0.339286
88
0.565634
0.0420082
92.716
0.882033
0.00347433
0.41718
36
0.0551941
0.961932
0.0571395
0.0881118
46
0.663096
0.400933
41.6642
0.844103
0.00840997
0.276077
26
0.0218444
0.469171
0.0594093
0.402124
67
0.754675
0.629456
88.8277
0.865021
0.00622129
0.0939624
87
0.0442223
0.849366
0.0180675
0.406348
28
0.246794
0.974637
49.3622
0.825508
0.00794834
0.0461435
40
0.0871127
0.959267
0.039124
0.319614
85
0.638526
0.734556
50.6698
0.923368
0.00992263
0.268934
84
0.0329321
0.221602
0.0137461
0.101434
61
0.21223
0.440379
1.41119
0.850987
0.00756194
0.312112
51
0.0846095
0.510408
0.0667852
0.0706001
39
0.475801
0.309083
71.842
0.852004
0.00914168
0.378006
14
0.0675828
0.389697
0.0540842
0.146163
55
0.0331205
0.56089
58.2347
0.830048
0.0049957
0.0874284
77
0.0789176
0.378268
0.0973886
0.212969
50
0.485542
0.911155
84.3633
0.823355
0.00928427
0.363391
60
0.0626176
0.248909
0.0958841
0.172761
12
0.0431316
0.793076
54.731
0.863003
0.00862613
0.318376
80
0.0594298
0.982749
0.0980112
0.130955
41
0.515071
0.69166
47.798
0.893185
0.00665781
0.106828
3
0.0520614
0.725491
0.0401293
0.0158466
84
0.169191
0.98048
13.9235
0.880483
0.00651755
0.478418
36
0.0428741
0.396016
0.0746672
0.33467
24
0.143246
0.517513
94.6001
0.961163
0.00349169
0.239434
63
0.0350815
0.69365
0.0258263
0.430314
89
0.31307
0.0587671
26.9608
0.937226
0.00920689
0.267714
18
0.0259907
0.0568663
0.0206231
0.317894
63
0.612931
0.912755
12.4697
0.907157
0.00150184
0.423963
75
0.0631453
0.177531
0.0757142
0.0818661
18
0.193703
0.114803
82.2252
0.9007
0.00111657
0.141931
17
0.0820373
0.197924
0.0603455
0.362677
88
0.332835
0.185766
48.8452
0.927231
0.00905373
0.0458186
30
0.0733737
0.657742
0.0458279
0.0373754
44
0.129756
0.0562517
26.2764
0.967533
0.00245033
0.235041
94
0.0453892
0.178403
0.0681982
0.0942009
90
0.617878
0.34689
59.6067
0.955548
0.00470959
0.399643
10
0.0400353
0.260925
0.0456146
0.469504
76
0.40435
0.920416
95.6837
0.818876
0.00313063
0.0717949
33
0.098735
0.172404
0.0845285
0.407271
66
0.379269
0.624725
98.0081
0.919774
0.00463004
0.462555
96
0.0310897
0.158138
0.0490866
0.350993
84
0.263825
0.616836
8.49918
0.919113
0.00858356
0.176736
88
0.0579135
0.546113
0.0118492
0.0100342
36
0.730697
0.926582
22.4838
0.861796
0.00546732
0.47053
82
0.0781
0.213575
0.065508
0.379285
72
0.19716
0.31745
6.87159
0.872735
0.00433871
0.19143
68
0.055063
0.280721
0.0789951
0.0806462
98
0.525443
0.608003
36.3639
0.90978
0.00117237
0.487283
100
0.0546251
0.765763
0.0708641
0.0724975
96
0.683652
0.794887
79.8969
0.848513
0.00541051
0.0267667
32
0.0450663
0.874947
0.0871047
0.404047
20
0.0403553
0.998276
25.6256
0.862069
0.00364469
0.157941
93
0.0613121
0.774977
0.0798257
0.416369
97
0.340502
0.997469
48.237
0.835472
0.00704057
0.355543
76
0.0421852
0.73573
0.0250754
0.390277
52
0.613413
0.621635
43.479
0.80963
0.0082383
0.403009
49
0.0228039
0.56892
0.0489281
0.476547
34
0.177855
0.0859016
45.9946
0.913555
0.00457117
0.331381
48
0.088897
0.551301
0.0579392
0.153184
96
0.64106
0.930155
30.3184
0.81686
0.00371712
0.33943
37
0.0509872
0.554971
0.0243334
0.495274
91
0.407825
0.416111
96.1688
0.915606
0.00222445
0.0621879
8
0.0115702
0.539693
0.0624293
0.483364
41
0.52859
0.889475
21.6815
0.949901
0.00310951
0.20848
69
0.0483978
0.144364
0.0665755
0.0773268
38
0.602306
0.603035
72.4911
0.931522
0.00813472
0.0549892
57
0.046076
0.914623
0.0404563
0.0915713
2
0.722105
0.631298
99.9414
0.929978
0.0039394
0.49477
8
0.0416302
0.994476
0.098856
0.32401
11
0.776918
0.654871
53.6956
0.908762
0.00884877
0.125863
22
0.0832514
0.207524
0.0523519
0.385816
39
0.293892
0.858111
82.7165
0.927759
0.00405422
0.334414
61
0.0240395
0.427911
0.0861681
0.242062
85
0.435204
0.787592
74.9127
0.869698
0.00627988
0.162072
89
0.0447722
0.525158
0.0584047
0.157202
72
0.639649
0.750168
65.3261
0.808507
0.00728193
0.0505223
83
0.0645945
0.867446
0.0402688
0.311961
84
0.685375
0.783727
41.5884
0.918518
0.00970439
0.454046
74
0.0721973
0.324307
0.0830224
0.267776
68
0.570532
0.604904
17.5024
0.856134
0.00390508
0.160327
71
0.0297615
0.991285
0.0152929
0.0463759
9
0.377413
0.270614
66.8209
0.910504
0.00860965
0.242783
64
0.0651949
0.624792
0.0818179
0.434044
70
0.656427
0.0921589
13.1413
0.882877
0.00662211
0.184973
4
0.098431
0.495957
0.0265993
0.00746745
56
0.682565
0.320095
0.215866
0.886835
0.00157053
0.222255
16
0.0600855
0.30133
0.0360572
0.284881
43
0.742428
0.194354
93.0596
0.961777
0.00406487
0.389383
55
0.0327585
0.408377
0.0386426
0.10206
84
0.494006
0.110296
24.2726
0.944003
0.00894313
0.369046
20
0.0661184
0.105239
0.0248772
0.446442
91
0.202528
0.253779
62.9959
0.881827
0.00467756
0.14419
9
0.0417455
0.49022
0.0750138
0.220514
87
0.474039
0.328757
7.39866
0.805957
0.00229353
0.384527
46
0.0800147
0.388643
0.0715103
0.282286
86
0.590713
0.247219
3.13452
0.942405
0.00776241
0.220264
47
0.0773168
0.646293
0.0163032
0.381679
30
0.501274
0.343188
73.5505
0.955032
0.00979978
0.120486
25
0.0543373
0.0259153
0.0939313
0.197906
24
0.269406
0.639202
31.2727
0.833438
0.00357625
0.247502
78
0.0419398
0.113807
0.0991825
0.0738668
20
0.286494
0.208404
37.4108
0.898563
0.00724813
0.321133
74
0.0411878
0.566767
0.0715679
0.108539
68
0.104868
0.471379
73.2629
0.910445
0.00206704
0.197449
45
0.0705153
0.643689
0.0627623
0.428195
33
0.120255
0.576469
62.1245
0.963942
0.00266683
0.187791
62
0.0539487
0.383738
0.0470058
0.324642
15
0.349586
0.242356
64.1652
0.939255
0.00119525
0.453004
90
0.0647645
0.0657835
0.0259024
0.25715
40
0.773124
0.197453
6.31387
0.933595
0.00994134
0.120816
56
0.0711858
0.88588
0.0171411
0.413787
64
0.355265
0.023269
89.3371
0.859837
0.00884468
0.167317
86
0.0835642
0.704284
0.0977758
0.463456
78
0.018515
0.901087
48.4833
0.859104
0.00387836
0.255403
32
0.0108573
0.666439
0.0127291
0.190968
22
0.252606
0.11801
35.3949
0.921763
0.00735145
0.352811
70
0.0522197
0.221188
0.0695641
0.213949
66
0.534739
0.956241
91.7369
0.890635
0.007332
0.216919
76
0.0354598
0.356702
0.0147773
0.161496
41
0.557932
0.363427
61.7727
0.802654
0.00761634
0.0141938
75
0.061698
0.211453
0.0784741
0.367682
53
0.0714479
0.596849
80.9693
0.830906
0.00328385
0.430602
18
0.0314896
0.306051
0.0919354
0.316825
18
0.541576
0.148215
88.3111
0.860548
0.00631895
0.133159
82
0.0657804
0.795806
0.0541099
0.0203183
81
0.669797
0.0331614
59.9244
0.891341
0.0066991
0.299315
23
0.0360161
0.77237
0.0371928
0.194624
74
0.234936
0.683079
51.2534
0.81048
0.00555092
0.0374545
18
0.0124705
0.634492
0.0677024
0.0869264
73
0.0125455
0.756392
42.2447
0.940571
0.00150918
0.263286
11
0.0430909
0.446383
0.06492
0.21913
54
0.650616
0.0346369
11.1944
0.819236
0.00956787
0.440922
27
0.0101051
0.895669
0.032646
0.103831
12
0.392927
0.987896
9.9757
0.876932
0.00296981
0.103889
97
0.0663457
0.603933
0.0141502
0.103566
7
0.500753
0.994325
44.0033
0.917249
0.00501661
0.250749
18
0.0361177
0.801093
0.05116
0.0174126
20
0.200248
0.0774407
74.3663
0.899561
0.00356264
0.43808
79
0.0741408
0.779512
0.0450726
0.0188235
26
0.79312
0.220674
99.7763
0.950434
0.00720102
0.0891986
75
0.0587792
0.700527
0.079166
0.435616
74
0.634773
0.0630512
93.2083
0.906661
0.00610969
0.326742
28
0.0852402
0.400243
0.0669009
0.342866
31
0.49105
0.552289
35.7697
0.918761
0.00320266
0.230781
37
0.081041
0.523156
0.0841134
0.208662
100
0.66794
0.60031
81.3544
0.814402
0.00796738
0.283536
59
0.0591945
0.0108261
0.0273136
0.117252
17
0.450054
0.763818
19.1196
0.859264
0.0090668
0.165058
13
0.050338
0.154687
0.0581276
0.360428
72
0.240795
0.0758213
59.1977
0.912486
0.00480585
0.425855
90
0.0842553
0.25597
0.0626958
0.423181
86
0.729008
0.356061
4.03592
0.954077
0.00710976
0.491736
1
0.0268539
0.608009
0.0175094
0.200561
69
0.738656
0.479872
82.9352
0.95701
0.00188658
0.396865
1
0.0760588
0.404684
0.0277726
0.130576
28
0.383369
0.0962302
76.71
0.941393
0.00184551
0.328173
80
0.0466501
0.39272
0.0392681
0.096828
74
0.549325
0.979504
95.3551
0.887521
0.00876355
0.231721
84
0.0589917
0.282725
0.0564397
0.224337
94
0.124007
0.893706
27.0549
0.889058
0.00810997
0.0902247
87
0.0830353
0.179836
0.0321523
0.362174
71
0.543699
0.406603
0.0324176
0.954387
0.00794535
0.433411
100
0.0147608
0.246763
0.021134
0.375555
26
0.251287
0.267668
79.7144
0.935331
0.00600648
0.226458
7
0.0169981
0.38608
0.0743247
0.352363
52
0.673347
0.193154
60.0083
0.861248
0.00688069
0.03518
79
0.0927583
0.698306
0.0891971
0.159322
40
0.00201025
0.00666455
1.16734
0.874093
0.00695664
0.322325
67
0.0138756
0.142447
0.0833563
0.419516
44
0.108576
0.113758
40.2215
0.885604
0.00567345
0.248834
16
0.0207713
0.481151
0.0328442
0.471492
16
0.651945
0.186376
14.8848
0.888204
0.00195011
0.388679
22
0.0678968
0.985975
0.0702416
0.208281
35
0.0098988
0.486059
66.6716
0.800735
0.00539185
0.0643361
93
0.031315
0.194048
0.0815308
0.0457035
42
0.573648
0.128795
10.329
0.840048
0.00626367
0.411287
55
0.085116
0.457639
0.0295858
0.335803
49
0.580079
0.675897
59.2288
0.951231
0.00293455
0.0082285
53
0.0161353
0.230247
0.0474539
0.090352
98
0.0781886
0.582378
97.7613
0.960486
0.00105562
0.398094
72
0.0386555
0.0892395
0.0805571
0.00387108
14
0.456928
0.437661
91.1183
0.938946
0.00854072
0.0566726
44
0.0638244
0.202511
0.0984142
0.410308
6
0.447894
0.704364
49.8013
0.836455
0.00693069
0.39285
70
0.0196296
0.553357
0.0717717
0.484406
30
0.0549353
0.263844
14.6919
0.96558
0.00332543
0.363226
63
0.0643936
0.207619
0.0844822
0.259509
22
0.171523
0.399714
93.5856
0.857571
0.0013566
0.0247754
15
0.0368257
0.635982
0.0484881
0.437723
65
0.256909
0.175305
1.21049
0.877742
0.00523551
0.337221
98
0.0720835
0.861654
0.0774999
0.184313
33
0.127688
0.0615866
34.0015
0.898021
0.00308444
0.325088
6
0.0753669
0.494831
0.011337
0.460836
89
0.208249
0.326305
13.4592
0.844641
0.00442013
0.279804
42
0.0250466
0.911304
0.0843085
0.240135
46
0.161875
0.5136
46.6725
0.926128
0.00379981
0.150015
23
0.0761268
0.558234
0.0725867
0.387738
24
0.339532
0.15925
5.30239
0.849517
0.00701425
0.0985142
2
0.0938109
0.0836317
0.0914365
0.442353
96
0.305506
0.977288
11.2744
0.823527
0.00946476
0.0201281
11
0.0532054
0.468736
0.0537305
0.122434
88
0.410105
0.261638
4.99309
0.839131
0.00963948
0.482424
33
0.0911009
0.466676
0.0546765
0.0163306
23
0.531196
0.595827
4.22566
0.804232
0.00515646
0.154403
54
0.0615194
0.0796418
0.0240059
0.316153
74
0.785349
0.0302225
12.2292
0.929723
0.00248563
0.0179023
53
0.0697476
0.967982
0.0713137
0.466937
64
0.387919
0.548211
67.2087
0.844316
0.00157984
0.0581435
14
0.0346219
0.488802
0.0721634
0.127831
45
0.587065
0.378645
25.2412
0.82414
0.00109734
0.194773
84
0.0270268
0.108912
0.0647917
0.0384031
47
0.153227
0.772401
26.7503
0.939776
0.00410649
0.201061
80
0.0172393
0.851364
0.04338
0.143962
49
0.464357
0.779165
76.1852
0.830409
0.0036179
0.0542317
64
0.0576877
0.106857
0.0287937
0.332959
5
0.138979
0.666527
38.6839
0.892248
0.00233824
0.291375
5
0.0363906
0.780831
0.0981332
0.345599
14
0.76416
0.777872
23.6143
0.911185
0.00395369
0.141565
96
0.0347808
0.29786
0.0568042
0.349329
47
0.617214
0.0697158
4.55524
0.815544
0.00753907
0.00692216
81
0.0946996
0.516654
0.0533961
0.392224
75
0.186394
0.368135
45.1837
0.921117
0.00668351
0.426388
95
0.0401501
0.788446
0.0566881
0.397527
62
0.0905411
0.8502
9.1431
0.960144
0.00544365
0.349849
15
0.0213895
0.340879
0.0905964
0.0613747
54
0.416476
0.268746
16.8281
0.843848
0.00284449
0.0394872
27
0.0374255
0.253236
0.065985
0.191715
6
0.342476
0.385733
53.3284
0.967986
0.0078236
0.348542
13
0.0916528
0.0602012
0.0351284
0.204415
35
0.272539
0.157672
85.009
0.803311
0.00162615
0.303324
68
0.0128772
0.786377
0.0766664
0.162531
3
0.0271848
0.525522
78.9851
0.960134
0.00660612
0.0971559
53
0.0104921
0.185982
0.0866739
0.047838
34
0.413991
0.181315
24.0626
0.932586
0.00811234
0.418229
85
0.0936748
0.197409
0.0659062
0.493844
71
0.00896946
0.251368
89.5652
0.842782
0.0078916
0.265179
67
0.0164002
0.668963
0.0440608
0.0926941
8
0.629369
0.606404
58.5632
0.909025
0.00237846
0.33608
87
0.0252148
0.244245
0.0678037
0.232558
78
0.0222837
0.433049
40.613
0.867265
0.00933255
0.280961
62
0.082459
0.642707
0.0612872
0.116407
12
0.230453
0.0406882
29.6558
0.914979
0.00535227
0.0232827
71
0.0849831
0.0485831
0.0741997
0.323346
54
0.445066
0.0525294
92.2524
0.877956
0.00190415
0.365065
58
0.0573572
0.666969
0.0996426
0.0712816
98
0.195162
0.68013
81.4791
0.920608
0.00621983
0.446215
78
0.0322832
0.188941
0.0962763
0.125844
69
0.133866
0.879115
12.7059
0.940118
0.00560075
0.472786
97
0.0275364
0.937399
0.0420791
0.419154
57
0.381659
0.814188
58.9535
0.924084
0.00595065
0.0826372
69
0.0497639
0.512816
0.0487188
0.0732562
48
0.68137
0.127211
78.1805
0.886345
0.00255025
0.199354
76
0.0913138
0.381137
0.0776387
0.224948
15
0.369393
0.107575
4.69369
0.87211
0.00588403
0.117118
21
0.0225477
0.277109
0.0544187
0.321398
64
0.395031
0.39049
32.6927
0.88145
0.00679708
0.276481
86
0.0939313
0.922296
0.0706803
0.364391
11
0.623236
0.573888
31.0915
0.886408
0.00273852
0.278617
33
0.033812
0.561697
0.0231593
0.457144
40
0.711732
0.848426
53.178
0.846685
0.00634222
0.381393
26
0.0640228
0.411719
0.0135164
0.289217
44
0.392237
0.371796
95.1184
0.930815
0.00971422
0.0607818
66
0.0528672
0.359849
0.0184583
0.277087
90
0.484099
0.273914
18.0583
0.933243
0.00915814
0.171017
47
0.0135697
0.842106
0.0517631
0.215519
55
0.261229
0.17859
17.3805
0.873289
0.00330888
0.455362
73
0.0608865
0.957452
0.0946972
0.25157
81
0.351494
0.325641
21.3619
0.94703
0.00414739
0.406218
76
0.0245852
0.439893
0.0934078
0.371531
10
0.0192564
0.883735
50.5496
0.857851
0.00608868
0.15751
34
0.0198872
0.419217
0.0199528
0.489834
38
0.412304
0.132328
55.0087
0.826904
0.00399253
0.0221621
89
0.0381654
0.796738
0.0573473
0.170078
97
0.687283
0.701426
34.9583
0.923069
0.00202585
0.137742
7
0.0295395
0.568264
0.0154968
0.171564
15
0.537299
0.304832
35.8507
0.931936
0.00565339
0.0521718
98
0.0746455
0.974298
0.080233
0.175144
75
0.23597
0.574173
50.9335
0.901495
0.00678264
0.390892
60
0.0293022
0.271821
0.0409596
0.382721
41
0.119135
0.134892
71.5704
0.8219
0.0042074
0.37163
71
0.0908383
0.614398
0.0808456
0.45097
79
0.095432
0.117588
20.0507
0.945511
0.00239175
0.0922793
82
0.0673642
0.284702
0.0533646
0.129732
82
0.0677422
0.965765
80.763
0.91483
0.00521576
0.26705
90
0.045947
0.369639
0.0176575
0.436394
57
0.206782
0.673642
87.5735
0.893094
0.0076601
0.260838
81
0.0337343
0.426815
0.052943
0.320983
28
0.321992
0.820089
15.928
0.850466
0.00114884
0.284852
26
0.0423328
0.585768
0.0686718
0.188903
91
0.140508
0.0981621
61.3804
0.809173
0.0012788
0.104902
44
0.0409941
0.486488
0.0222207
0.257696
49
0.276803
0.522582
75.6578
0.903339
0.00873115
0.211644
54
0.0932283
0.0388576
0.0730127
0.310526
59
0.102192
0.739599
19.2693
0.927041
0.00981011
0.253075
98
0.0390663
0.242571
0.0229584
0.0321061
10
0.216085
0.08168
81.1759
0.936236
0.00368732
0.103143
59
0.0857885
0.773489
0.0173781
0.248101
93
0.755792
0.306708
2.51813
0.812465
0.00935617
0.260109
63
0.0934232
0.685065
0.0949128
0.040462
38
0.31104
0.521909
11.9558
0.865732
0.00799378
0.0537204
88
0.0553667
0.71493
0.0323628
0.492598
4
0.625569
0.564777
46.9611
0.937877
0.00416941
0.44427
55
0.0700119
0.337969
0.056208
0.271382
94
0.327437
0.169547
83.7828
0.906334
0.00263997
0.0307692
20
0.0813568
0.66375
0.0969084
0.225613
50
0.360614
0.380008
18.459
0.945739
0.00629706
0.109025
99
0.021626
0.109907
0.0520212
0.272262
66
0.510296
0.36763
49.4626
0.94104
0.00423482
0.0957354
12
0.0538206
0.763187
0.0139245
0.24852
11
0.740409
0.455354
90.9542
0.969433
0.00658765
0.350636
2
0.0221697
0.979848
0.0340827
0.4654
21
0.510877
0.658113
40.1326
0.863584
0.00539569
0.367954
76
0.088694
0.286318
0.0121364
0.0584148
58
0.604128
0.813333
87.3546
0.887804
0.00550959
0.262215
50
0.0609547
0.543398
0.0691475
0.447622
68
0.553693
0.802055
83.0443
0.824878
0.00187156
0.460842
26
0.0892854
0.813465
0.061885
0.194093
55
0.133127
0.404902
14.4336
0.822805
0.00592935
0.203322
66
0.0572842
0.609627
0.0699116
0.261423
22
0.789678
0.970982
45.6155
0.951394
0.00697795
0.172023
62
0.0981752
0.705492
0.0788388
0.137696
54
0.293049
0.411789
10.6298
0.803951
0.00821231
0.0319876
69
0.0152387
0.891553
0.0467044
0.239006
9
0.131707
0.319797
68.053
0.872786
0.00570585
0.20616
14
0.0119431
0.1644
0.0186777
0.217749
63
0.258645
0.881796
90.7183
0.850011
0.00902613
0.134725
16
0.0256734
0.171512
0.0664956
0.391519
26
0.274207
0.724949
83.3376
0.886012
0.0069214
0.190339
19
0.0685027
0.637617
0.0885978
0.287216
39
0.519615
0.0711169
36.5691
0.94793
0.00342268
0.188975
80
0.0536153
0.0557809
0.0640979
0.421208
61
0.664597
0.462428
99.4787
0.895292
0.00635726
0.275094
32
0.0636021
0.739818
0.0687547
0.206838
66
0.796707
0.969882
60.2544
0.911764
0.00179234
0.347797
62
0.0770353
0.926348
0.054889
0.328503
8
0.675366
0.0786325
7.48207
0.948987
0.00484143
0.130178
44
0.0479815
0.18472
0.0877848
0.357851
82
0.426497
0.785552
92.4405
0.944981
0.00310195
0.100858
57
0.0704519
0.122089
0.0657135
0.490958
62
0.506566
0.147426
58.6508
0.817812
0.00504583
0.380548
92
0.0171539
0.767335
0.067486
0.120628
47
0.336161
0.864166
81.64
0.952068
0.00672024
0.216289
67
0.0762723
0.783696
0.0923426
0.185928
2
0.698731
0.841071
1.7348
0.814877
0.00684252
0.07021
43
0.0166803
0.742581
0.0222403
0.190493
89
0.778837
0.164168
24.5802
0.946488
0.00738974
0.245824
84
0.0378645
0.120523
0.0303601
0.222607
61
0.646693
0.94192
22.0264
0.920739
0.00259274
0.153272
78
0.0190972
0.0445334
0.0407777
0.0829083
92
0.472177
0.914306
17.0797
0.903774
0.00615644
0.357425
90
0.0397771
0.31541
0.0310312
0.217241
33
0.587591
0.83619
56.7864
0.944337
0.00663633
0.356756
83
0.0511337
0.723433
0.0906896
0.0435053
15
0.609812
0.570322
70.6424
0.893984
0.00499974
0.296073
73
0.0839128
0.770177
0.052487
0.0548107
93
0.794
0.919842
98.6486
0.879587
0.00556733
0.369996
34
0.0588092
0.8763
0.0335104
0.374867
68
0.67119
0.579401
7.71438
0.952897
0.00839403
0.488978
13
0.0468454
0.479207
0.0143958
0.119687
99
0.238935
0.728914
36.9382
0.813207
0.00949517
0.100685
23
0.0226636
0.791548
0.0895232
0.366009
99
0.599576
0.613362
37.9244
0.953524
0.00147691
0.187595
77
0.0179917
0.577857
0.0366798
0.222473
43
0.25446
0.47707
65.9328
0.896304
0.00382692
0.323158
83
0.015961
0.329314
0.0148643
0.386425
67
0.735922
0.248732
72.2702
0.86406
0.00624236
0.00707534
74
0.035789
0.980102
0.0753552
0.112253
96
0.584881
0.686855
27.9043
0.883029
0.00181999
0.304473
99
0.0974666
0.0586163
0.0916425
0.202801
45
0.589146
0.293435
38.3916
0.939453
0.00353613
0.192729
99
0.0482353
0.239691
0.0736679
0.00599952
59
0.691506
0.0940271
75.1915
0.853418
0.00823078
0.1461
34
0.0356363
0.406161
0.0954811
0.0665012
57
0.422417
0.677443
21.8856
0.827515
0.00490882
0.00419241
50
0.0385713
0.0898507
0.0444154
0.0635096
80
0.396689
0.332919
45.3746
0.853225
0.00648062
0.0271083
34
0.0499459
0.0275678
0.0793688
0.30524
1
0.0947549
0.934805
82.1398
0.874314
0.00286703
0.408983
53
0.0953712
0.329997
0.0283923
0.0521641
95
0.338067
0.497055
30.4909
0.925722
0.00435039
0.265792
75
0.0455816
0.593418
0.0941602
0.241157
42
0.452799
0.770129
51.8689
0.924644
0.00604076
0.0818293
17
0.0923946
0.21475
0.0605846
0.0218986
10
0.0798013
0.82774
67.1725
0.8972
0.00781854
0.0723202
52
0.078624
0.751143
0.0600548
0.00810091
62
0.71387
0.341203
18.9182
0.942002
0.00100735
0.404748
80
0.0402578
0.833843
0.0506837
0.121271
18
0.0142172
0.967692
8.31015
0.959686
0.00525178
0.340908
91
0.086291
0.393615
0.0834993
0.374186
81
0.148435
0.845469
42.0391
0.820432
0.00209123
0.3075
39
0.0137356
0.709203
0.0254311
0.332194
21
0.0557568
0.747237
44.6518
0.808204
0.00681774
0.102782
1
0.0836714
0.733908
0.0522353
0.470373
17
0.52444
0.337679
16.1847
0.963393
0.00653247
0.0805861
48
0.0766525
0.318552
0.0637242
0.127742
9
0.737464
0.166706
52.8345
0.849263
0.00360848
0.358366
32
0.0339819
0.415296
0.0356125
0.292449
30
0.400047
0.950896
46.4161
0.811555
0.00739797
0.294937
49
0.0230289
0.263929
0.0544923
0.136103
87
0.799143
0.190561
14.295
0.87903
0.00765669
0.344559
4
0.070817
0.818748
0.0726494
0.00104165
67
0.180835
0.646728
86.1155
0.948686
0.00478179
0.48168
70
0.0306414
0.618562
0.0765026
0.245431
17
0.610657
0.0720974
49.6783
0.953835
0.00763687
0.317922
21
0.0929998
0.148533
0.059219
0.0653042
82
0.548685
0.759901
67.9814
0.943616
0.00984005
0.223303
89
0.0208866
0.461779
0.0336655
0.149138
53
0.716056
0.678478
86.523
0.95755
0.00476699
0.0753755
99
0.0902339
0.505571
0.0876181
0.265245
82
0.0308496
0.722387
98.3544
0.845969
0.00216478
0.135706
39
0.0577439
0.630836
0.0314536
0.113466
66
0.112397
0.163972
55.8087
0.832393
0.00767871
0.0796322
24
0.0694384
0.935438
0.0290799
0.00482154
63
0.380368
0.233284
26.1626
0.874679
0.00677407
0.43136
45
0.0926038
0.200888
0.0482954
0.0130161
51
0.386342
0.526035
75.3098
0.900004
0.00213357
0.476907
56
0.0556087
0.424448
0.0428149
0.0842395
36
0.419638
0.904729
15.0775
0.938417
0.00774465
0.239724
50
0.0977609
0.452843
0.0132212
0.105067
73
0.402015
0.154374
92.831
0.818209
0.00381948
0.237675
7
0.0784658
0.803742
0.037142
0.110444
3
0.0630112
0.546968
88.6928
0.958377
0.00281076
0.429501
28
0.0804741
0.729722
0.0252434
0.182545
49
0.760208
0.0198586
94.9117
0.855355
0.00510264
0.11061
35
0.0129358
0.737691
0.0824825
0.0391156
96
0.358177
0.0278558
37.0092
0.806567
0.00218814
0.0150191
29
0.0581854
0.837665
0.093147
0.326812
78
0.406845
0.216619
52.362
0.852955
0.00460013
0.497637
51
0.0570263
0.376129
0.0320601
0.174131
5
0.315558
0.863574
53.409
0.843426
0.00641195
0.0218444
23
0.011639
0.312086
0.073927
0.107018
38
0.700147
0.495913
66.2491
0.893825
0.00577834
0.375575
96
0.073164
0.0221683
0.0220425
0.243546
21
0.462339
0.123175
93.9796
0.885026
0.00384696
0.316052
25
0.0366873
0.94247
0.0629766
0.256124
12
0.296784
0.275292
95.9347
0.848203
0.00889311
0.398323
35
0.0375716
0.57958
0.0211665
0.147593
77
0.567779
0.618233
96.4906
0.854233
0.00154326
0.344165
28
0.0817655
0.136325
0.0191838
0.0255873
31
0.508609
0.255886
56.2417
0.964228
0.0099925
0.282863
66
0.0444879
0.948636
0.0986601
0.143286
57
0.780712
0.282712
18.728
0.93388
0.00845634
0.219448
94
0.0896045
0.269948
0.0278539
0.210642
77
0.233222
0.413826
11.5251
0.901941
0.00218373
0.307053
30
0.0600271
0.472675
0.0847146
0.115653
51
0.145452
0.26421
39.1228
0.819925
0.00241416
0.44828
77
0.0464071
0.0775855
0.0807257
0.446057
69
0.116817
0.20403
98.5597
0.832955
0.00167072
0.486461
71
0.0884481
0.955614
0.067186
0.454995
35
0.703695
0.988286
30.8401
0.802161
0.00365843
0.450367
84
0.0472709
0.0703075
0.0493503
0.0687456
60
0.745196
0.047355
6.63133
0.884504
0.00505511
0.355035
75
0.027883
0.589046
0.0672604
0.0192392
43
0.717721
0.0552924
3.20233
0.801092
0.00485243
0.224589
95
0.0879133
0.365345
0.0495574
0.188468
17
0.763084
0.0121055
84.1763
0.860001
0.00613878
0.0570443
86
0.0716842
0.623371
0.0280912
0.394286
7
0.531883
0.807165
3.54996
0.894652
0.00303421
0.163202
97
0.0441814
0.811186
0.0362321
0.0244663
48
0.270664
0.312076
89.7796
0.870539
0.00593788
0.454255
29
0.0630286
0.831152
0.0509258
0.276153
14
0.563901
0.83387
76.9373
0.858318
0.00527135
0.498875
43
0.0379592
0.929462
0.0286433
0.427854
40
0.347424
0.464126
60.9854
0.948472
0.00753281
0.484628
88
0.0807615
0.372242
0.0966769
0.00907664
31
0.58424
0.861959
5.88249
0.842431
0.00205566
0.372334
38
0.0680341
0.35739
0.0886694
0.228215
5
0.677971
0.872262
44.4994
0.871174
0.00579421
0.435056
28
0.0157378
0.599777
0.0769282
0.0933404
62
0.439349
0.457495
15.7237
0.875945
0.0036754
0.243789
25
0.0528199
0.333667
0.0514737
0.340286
43
0.533887
0.66213
83.9291
0.883511
0.00108923
0.384058
30
0.08399
0.988937
0.0557026
0.372577
69
0.562107
0.887339
28.0082
0.897646
0.00943916
0.315208
73
0.0811587
0.855926
0.029679
0.132363
48
0.594571
0.895345
64.8545
0.818467
0.00849697
0.466939
41
0.0895498
0.499741
0.0874529
0.165512
19
0.409295
0.501621
48.0438
0.861167
0.00464896
0.339188
30
0.0282886
0.533961
0.0111914
0.376471
43
0.433898
0.519094
68.7464
0.833026
0.00696935
0.114006
5
0.0192169
0.881319
0.060517
0.297866
36
0.0154661
0.102918
31.4812
0.868055
0.00446843
0.325678
52
0.0439615
0.90144
0.0195945
0.452472
73
0.121747
0.330387
37.6904
0.958084
0.00964471
0.34166
92
0.0141324
0.13858
0.0237558
0.0263704
94
0.528107
0.488864
72.9418
0.871526
0.00721369
0.424514
70
0.0798228
0.806835
0.0856424
0.400732
19
0.326135
0.748366
54.0477
0.912847
0.00231448
0.353434
31
0.0513934
0.502714
0.0578344
0.180008
77
0.421042
0.461069
20.8634
0.879237
0.0057347
0.0345263
40
0.0407516
0.319407
0.0169202
0.364045
72
0.310055
0.0656416
38.4484
0.902729
0.00345735
0.0362507
93
0.0775588
0.254621
0.084911
0.180831
28
0.765752
0.533414
91.9844
0.831894
0.00113437
0.427167
19
0.0414691
0.91693
0.0394572
0.138618
69
0.317806
0.816853
97.4237
0.906039
0.00817668
0.402113
11
0.068894
0.35087
0.019517
0.388377
54
0.267753
0.351223
68.591
0.875779
0.00830495
0.205398
95
0.0133493
0.940264
0.0181564
0.168476
43
0.0234245
0.301366
28.3796
0.905156
0.00140587
0.0767933
87
0.0744219
0.85675
0.0471751
0.255346
58
0.265379
0.514147
48.7339
0.840656
0.009273
0.485581
60
0.0113179
0.47511
0.073521
0.0951599
77
0.249793
0.395976
9.44622
0.862719
0.00575327
0.0609667
51
0.027685
0.42185
0.0812144
0.45362
29
0.458856
0.842833
65.6408
0.900576
0.00494157
0.156677
13
0.0733137
0.815072
0.0517109
0.171902
9
0.470562
0.530553
39.4318
0.824076
0.00290473
0.373893
94
0.0823581
0.639493
0.0201229
0.412048
53
0.291383
0.291548
19.5273
0.866786
0.00511501
0.179772
26
0.0462576
0.925122
0.0333367
0.482271
48
0.786935
0.389057
69.9211
0.805577
0.00988554
0.392119
3
0.0299008
0.879079
0.0368674
0.384072
90
0.505516
0.684204
22.6834
0.915535
0.00176445
0.0682967
31
0.0142703
0.537299
0.0416107
0.296216
83
0.124463
0.419887
8.84389
0.870126
0.00482351
0.148501
67
0.0371813
0.0279686
0.0364499
0.499093
7
0.372175
0.909217
66.0077
0.847275
0.00214907
0.182864
63
0.0263648
0.0518926
0.0203712
0.399666
92
0.696123
0.0888657
64.2036
0.828327
0.00144971
0.196109
29
0.0956783
0.760082
0.0481295
0.138852
1
0.22806
0.241453
40.5437
0.800231
0.00428164
0.155558
70
0.0990542
0.716603
0.0756487
0.0286847
75
0.437297
0.58679
26.5915
0.962082
0.00778811
0.420335
24
0.0900001
0.237615
0.0964673
0.449429
71
0.137885
0.358849
73.9511
0.919422
0.00751135
0.207225
97
0.0517497
0.052803
0.0123111
0.359195
4
0.359102
0.963327
40.9935
0.914309
0.00760365
0.445272
57
0.088075
0.38216
0.0301042
0.305465
98
0.334287
0.810334
33.1355
0.923567
0.00583769
0.308597
86
0.0370847
0.970671
0.0260853
0.158665
13
0.115937
0.788731
47.8387
0.910942
0.00844563
0.136263
62
0.066249
0.952003
0.0353508
0.166956
55
0.147591
0.348887
54.3394
0.959162
0.00529648
0.174351
37
0.0181211
0.921808
0.0343648
0.0603475
6
0.355792
0.953649
19.8927
0.934793
0.00672735
0.44759
17
0.0352823
0.228211
0.083225
0.0276964
89
0.165832
0.732156
94.4908
0.935957
0.0019761
0.193952
41
0.0655705
0.930716
0.0105678
0.355647
53
0.67949
0.780643
32.5747
0.947274
0.00340661
0.44392
10
0.0866328
0.129145
0.0460109
0.0120273
25
0.753533
0.224189
17.8297
0.906803
0.00102361
0.0596843
40
0.0559247
0.322838
0.0971394
0.0343718
29
0.261997
0.387649
63.564
0.836962
0.00831811
0.379061
99
0.0688068
0.332319
0.0208042
0.184961
50
0.417184
0.0501836
23.9679
0.944746
0.00337365
0.385546
7
0.0486724
0.909764
0.0795621
0.155675
5
0.219115
0.311564
10.8227
0.867945
0.00138752
0.191663
10
0.0333435
0.352058
0.0116555
0.201316
13
0.107914
0.425315
21.0725
0.894312
0.00263522
0.210328
50
0.0488567
0.302907
0.0365684
0.309866
85
0.00670968
0.822997
7.10319
0.837333
0.00124366
0.242455
62
0.094385
0.503666
0.0559201
0.0760437
21
0.365246
0.06762
45.4515
