0.806283
0.0788355
0.454233
24
0.00901239
0.338936
0.0387214
0.209673
82
0.191769
0.120638
24.2212
0.806632
0.0727762
0.0587924
62
0.00260413
0.16841
0.0106001
0.291222
47
0.157486
0.517673
6.36377
0.955702
0.0194598
0.132141
14
0.0038093
0.0325666
0.0565268
0.0162946
4
0.131551
0.473348
24.5986
0.944421
0.0190084
0.131218
65
0.00325585
0.631113
0.023531
0.187644
54
0.0376239
0.692278
96.0874
0.938467
0.0670389
0.253331
15
0.00322378
0.344335
0.0450946
0.141185
25
0.0703633
0.336349
0.412334
0.849912
0.0629071
0.296812
79
0.00687358
0.619578
0.0741885
0.35349
32
0.0317107
0.406135
40.8867
0.909931
0.0950196
0.00387963
41
0.00868736
0.160278
0.0645411
0.0765588
19
0.157604
0.320868
9.64638
0.979956
0.0260518
0.0373413
85
0.00438753
0.780621
0.0170583
0.416476
34
0.178393
0.216097
87.725
0.736965
0.0678022
0.0968649
98
0.00304466
0.416655
0.0237904
0.238168
89
0.195718
0.355518
83.0571
0.773624
0.0793428
0.380181
60
0.00775412
0.864411
0.0109007
0.029749
95
0.125602
0.119323
0.0081201
0.873468
0.047736
0.411046
45
0.00895753
0.734165
0.042123
0.0353271
41
0.0648406
0.390304
13.9116
0.976612
0.0865397
0.28034
68
0.00876045
0.309163
0.0104697
0.461683
27
0.0611909
0.301608
28.0186
0.936043
0.0882458
0.00272452
51
0.00797532
0.370247
0.0439221
0.258756
24
0.0928758
0.0427245
3.83545
0.744092
0.0786963
0.0381366
77
0.00418218
0.410026
0.0191508
0.382266
65
0.171135
0.202552
18.2971
0.812552
0.0208769
0.0575999
47
0.000207591
0.27488
0.0680043
0.304899
65
0.0714231
0.00694455
32.1198
0.810408
0.013052
0.38947
53
0.00268638
0.946451
0.0525222
0.277992
69
0.0680903
0.2837
88.3512
0.802619
0.0753406
0.222327
65
0.00597504
0.822532
0.0945104
0.260248
28
0.132937
0.308322
3.40925
0.945337
0.0139556
0.0389739
78
0.00903058
0.686375
0.0238948
0.409597
36
0.0244547
0.878706
1.45949
0.897254
0.0478042
0.363253
37
0.00848798
0.600745
0.0757031
0.453664
93
0.0624118
0.824379
18.7168
0.971876
0.0177935
0.301263
48
0.008341
0.560273
0.0762932
0.367633
39
0.0457882
0.603598
20.5808
0.965764
0.0121049
0.259845
8
0.00517064
0.315949
0.0461639
0.183087
8
0.0827605
0.534742
99.4567
0.714432
0.0747091
0.18409
92
0.00124549
0.678053
0.0684087
0.283091
66
0.0691177
0.389034
33.1812
0.827244
0.0450713
0.22277
72
0.00959344
0.566108
0.032148
0.0805782
79
0.0576455
0.866861
35.2128
0.726512
0.0497781
0.0295
12
0.00162125
0.428298
0.0889741
0.248403
93
0.104757
0.651534
63.3261
0.979359
0.0908486
0.43645
59
0.00664831
0.566932
0.0124379
0.0414906
52
0.0808613
0.384478
57.7696
0.898894
0.0630468
0.0325276
81
0.00173884
0.898392
0.0378011
0.266045
71
0.0613854
0.792652
30.7712
0.729042
0.0982555
0.251418
43
0.00496994
0.882926
0.066387
0.00557169
88
0.108113
0.678764
59.5769
0.816336
0.0711843
0.11603
40
0.00531028
0.297991
0.0551622
0.149895
39
0.0871539
0.443269
61.0045
0.783085
0.0405007
0.18204
35
0.00816278
0.327024
0.0226082
0.328347
54
0.0590599
0.170623
57.9888
0.775813
0.0585214
0.125262
43
0.00995412
0.484934
0.0372531
0.195408
21
0.0152858
0.768551
72.4994
0.704364
0.0198604
0.478544
80
0.00101214
0.521782
0.0258987
0.275686
49
0.0950455
0.525285
67.384
0.882996
0.0210954
0.1423
58
0.00725866
0.646585
0.0503057
0.0573951
37
0.0516676
0.290108
81.0005
0.876781
0.033308
0.180966
8
0.00302603
0.641873
0.0379876
0.467407
64
0.163823
0.317949
78.565
0.939993
0.028781
0.133075
92
0.00451873
0.549178
0.0696429
0.290141
52
0.0315457
0.968481
90.3588
0.832871
0.029579
0.262511
25
0.000943185
0.303147
0.0626175
0.232624
87
0.0109112
0.939563
77.4919
0.820258
0.0864339
0.415594
21
0.00591377
0.95751
0.0705758
0.130756
86
0.0423748
0.6317
7.92419
0.800516
0.077954
0.408111
72
0.00162862
0.197378
0.0455159
0.154128
80
0.0603829
0.412395
34.971
0.750816
0.025451
0.381645
62
0.00893667
0.446658
0.0296973
0.30005
11
0.0483127
0.303577
85.6908
0.803625
0.0171531
0.44395
99
0.00980662
0.752478
0.0135515
0.0558124
4
0.0230417
0.822083
89.2532
0.831916
0.0132963
0.491849
70
0.00431578
0.57627
0.0576286
0.37111
70
0.0574852
0.735299
19.3744
0.716268
0.0892155
0.271323
24
0.00683985
0.321495
0.0887024
0.318486
98
0.0129737
0.403464
14.7314
0.962182
0.0514224
0.360068
48
0.00883569
0.505633
0.0222791
0.0810606
60
0.0099742
0.252115
8.65903
0.812301
0.0356778
0.285238
2
0.00318411
0.844275
0.0996072
0.335598
93
0.111416
0.99817
44.0699
0.758287
0.0781649
0.315092
70
0.000629124
0.650056
0.0362554
0.0944347
28
0.0639167
0.424704
16.6696
0.996012
0.0319204
0.383512
27
0.00341133
0.867985
0.0290345
0.429841
28
0.0549766
0.423737
23.9015
0.91097
0.0439416
0.325587
81
0.00931264
0.164613
0.0160429
0.0373763
60
0.173975
0.711905
71.8769
0.854544
0.0784603
0.212447
26
0.00714196
0.602156
0.0739594
0.343294
3
0.122748
0.664359
97.1685
0.708446
0.0907666
0.124314
84
0.00864779
0.700631
0.0242673
0.20507
51
0.174005
0.686578
24.6925
0.861005
0.0141266
0.346543
61
0.00842964
0.780379
0.0801232
0.071284
90
0.190617
0.598297
60.4381
0.75987
0.029813
0.0854004
56
0.00574749
0.228111
0.0515096
0.0383306
83
0.174818
0.502946
21.0475
0.788489
0.0112222
0.0167386
36
0.0071082
0.293049
0.0836914
0.0832693
11
0.0296362
0.0656436
1.02565
0.831099
0.0328026
0.123456
64
0.00391754
0.141349
0.0167668
0.226366
5
0.0167803
0.166243
60.3277
0.764437
0.0873279
0.239014
49
0.00645072
0.828107
0.0174986
0.098173
51
0.0530618
0.83093
48.6986
0.896333
0.0436486
0.00418402
99
0.00674143
0.783897
0.0204062
0.139692
63
0.076987
0.196316
70.1258
0.844178
0.0664583
0.0547183
70
0.00494732
0.504838
0.0197735
0.438666
87
0.00527236
0.738229
26.3166
0.74782
0.0789889
0.0239872
100
0.00333943
0.423254
0.0274436
0.115843
95
0.120975
0.256739
98.5243
0.722743
0.0890561
0.140046
6
0.00781007
0.690736
0.0425807
0.365932
37
0.00387627
0.894333
94.2358
0.85811
0.0649081
0.343
17
0.000445456
0.398285
0.068714
0.10365
76
0.0852433
0.438125
6.86004
0.843434
0.0522493
0.26675
43
0.000289334
0.654482
0.0655757
0.0116714
37
0.192732
0.624589
62.2197
0.866387
0.0337507
0.286009
8
0.00611261
0.944696
0.0503926
0.206706
81
0.170592
0.122856
55.1388
0.91304
0.02641
0.434018
51
0.00900963
0.797277
0.089565
0.0170888
89
0.0892417
0.228225
52.1118
0.826245
0.0565648
0.248348
25
0.00808418
0.210244
0.0754906
0.464061
77
0.0941428
0.185626
31.9408
0.759355
0.0393232
0.0511791
69
0.00355746
0.614147
0.0830239
0.231821
23
0.0327913
0.34153
37.606
0.799725
0.0434059
0.136032
52
0.00247622
0.464519
0.0319553
0.0634294
56
0.0562353
0.471386
32.3034
0.772886
0.0688228
0.0133831
18
0.00297304
0.666245
0.0474172
0.267646
33
0.111847
0.161885
23.3407
0.86609
0.020601
0.168701
85
0.00377462
0.834263
0.0484876
0.418773
97
0.102618
0.288084
17.1917
0.893922
0.0310547
0.493542
4
0.00730506
0.426279
0.0211907
0.322773
43
0.0837837
0.0848247
33.7247
0.84798
0.048397
0.257915
78
0.000149867
0.108241
0.0748212
0.379241
15
0.155563
0.485835
49.7109
0.739836
0.0604866
0.0677658
11
0.00281916
0.318657
0.0609738
0.064847
15
0.134611
0.509753
90.6153
0.970668
0.0180213
0.440163
2
0.00715576
0.197846
0.0193723
0.339262
58
0.0917646
0.832224
24.1706
0.950101
0.0776107
0.0270481
51
0.00703492
0.388173
0.0354843
0.0134782
73
0.194701
0.241119
60.9536
0.980922
0.0507817
0.279196
64
0.00105962
0.545392
0.0506862
0.493502
99
0.101089
0.812695
9.25069
0.707725
0.064029
0.310695
16
0.00609026
0.59816
0.0657709
0.377089
21
0.152686
0.994681
25.1114
0.776168
0.0946299
0.0319153
81
0.00914991
0.247552
0.0150822
0.107707
67
0.025677
0.244667
11.2781
0.756723
0.0307927
0.107993
36
0.00374254
0.222769
0.0138361
0.115269
31
0.145047
0.279901
19.5468
0.934195
0.0772085
0.203043
33
0.00838995
0.475525
0.01696
0.311873
5
0.18799
0.457825
39.6084
0.949843
0.0425592
0.31631
63
0.00852946
0.320882
0.083904
0.211084
30
0.087817
0.829327
68.3933
0.719362
0.0875466
0.264654
15
0.0094913
0.0959368
0.0443661
0.394005
21
0.0733087
0.816387
17.4855
0.760769
0.0216425
0.276358
18
0.0007074
0.202995
0.0818364
0.459364
77
0.0161511
0.168151
54.4809
0.821617
0.0675772
0.175454
27
0.0070529
0.961847
0.0205704
0.235056
21
0.0799453
0.151206
12.3379
0.906733
0.0979002
0.300344
94
0.00552637
0.0355332
0.0752791
0.207817
13
0.0515049
0.357351
28.6277
0.816738
0.0642522
0.0807062
42
0.00445392
0.38547
0.0667193
0.489548
61
0.173235
0.376315
83.4304
0.916943
0.0802516
0.244255
77
0.00969207
0.997154
0.0755765
0.398464
15
0.137007
0.521909
78.9813
0.937771
0.086097
0.47438
47
0.00225923
0.661571
0.078157
0.252438
44
0.0820625
0.026561
64.7891
0.711368
0.0869056
0.249241
9
0.000607218
0.190581
0.06779
0.0464173
27
0.0114065
0.464509
55.6417
0.773217
0.0494193
0.316637
15
0.00498506
0.534322
0.0760449
0.0473075
86
0.110483
0.281363
93.4353
0.95201
0.0666811
0.179067
46
0.000877025
0.955671
0.0853671
0.310132
39
0.0199334
0.344176
63.7763
0.789962
0.0769393
0.328151
24
0.00765486
0.0237361
0.0890977
0.444928
50
0.155736
0.372659
50.7305
0.889918
0.0911994
0.172231
54
0.00413336
0.799573
0.0470301
0.385386
64
0.168819
0.588078
72.6215
0.807202
0.0962634
0.374371
75
0.0017515
0.634022
0.0532451
0.473748
63
0.168095
0.0766603
16.1096
0.913867
0.017371
0.130517
16
0.00405534
0.683006
0.0430657
0.172225
33
0.12888
0.380722
91.2827
0.811033
0.0965978
0.112432
90
0.00323285
0.126269
0.0146232
0.16319
54
0.0665681
0.0299327
28.3813
0.892254
0.0559286
0.141257
86
0.00862698
0.717408
0.030843
0.439249
42
0.00193657
0.883574
47.7147
0.935597
0.0192258
0.025269
85
0.00617415
0.0587319
0.0276702
0.331743
14
0.0329006
0.587577
33.4839
0.870316
0.0181805
0.182783
46
0.00435064
0.928867
0.0479159
0.322282
94
0.0965847
0.204036
47.3548
0.924917
0.0273288
0.401405
90
0.00213282
0.407749
0.0551999
0.224453
61
0.151086
0.912633
5.75565
0.725442
0.0614934
0.0913722
71
0.00841146
0.982041
0.053051
0.258315
41
0.046824
0.109912
37.8513
0.751234
0.0529606
0.086947
93
0.00985387
0.395532
0.0323666
0.158145
20
0.150569
0.209613
66.7794
0.785025
0.0526325
0.177939
12
0.00024664
0.212372
0.0140129
0.113603
62
0.109693
0.435721
91.9735
0.701507
0.0974728
0.126102
23
0.00176699
0.349926
0.0893138
0.411277
42
0.147425
0.285883
29.6837
0.987527
0.0620184
0.100711
61
0.00722193
0.455575
0.0195637
0.410302
82
0.0502264
0.859544
76.5048
0.742588
0.0321177
0.347817
5
0.000555088
0.447111
0.044702
0.00266697
38
0.105444
0.533805
55.4961
0.939302
0.0518352
0.321794
69
0.00822786
0.729862
0.0437247
0.405864
41
0.0255444
0.911583
27.7107
0.92919
0.0159471
0.350044
1
0.00360143
0.879227
0.0152603
0.296837
88
0.166742
0.855319
86.5635
0.774307
0.0989571
0.328671
86
0.00881507
0.543663
0.0562717
0.323784
86
0.183097
0.627161
15.5173
0.950781
0.0591712
0.353516
88
0.00242882
0.122233
0.086121
0.0885772
56
0.164097
0.242867
32.6874
0.869708
0.0791399
0.469658
78
0.000691752
0.393616
0.0866311
0.123807
31
0.0269707
0.353521
30.5672
0.965132
0.0456971
0.160616
52
0.00745266
0.703025
0.0417396
0.449795
17
0.07886
0.126282
21.7648
0.837909
0.0170086
0.137232
43
0.00979395
0.0635013
0.0345022
0.345322
17
0.0473991
0.862923
35.1646
0.884107
0.0504504
0.0357117
79
0.00142633
0.440256
0.0699536
0.479262
12
0.122267
0.369234
67.0205
0.801482
0.0862306
0.0708969
62
0.00474444
0.669906
0.0805594
0.203835
26
0.124994
0.750386
37.0978
0.986163
0.0462765
0.34187
37
0.00565363
0.361909
0.0820689
0.464707
11
0.0661041
0.26901
18.9128
0.948533
0.0877541
0.35109
25
0.00202846
0.651965
0.0395785
0.470528
51
0.097828
0.573674
51.8661
0.958842
0.0681983
0.0964971
14
0.00450305
0.151644
0.0582108
0.499265
25
0.0674807
0.0332597
95.4851
0.762089
0.0338223
0.319642
15
0.00195023
0.825389
0.062061
0.236096
76
0.11243
0.226384
92.1962
0.923298
0.0755491
0.12028
48
0.00958226
0.672493
0.079482
0.0279693
60
0.121931
0.851987
3.19166
0.712942
0.0906351
0.233052
9
0.00751898
0.239722
0.0178677
0.00694746
10
0.138924
0.416749
89.7222
0.886013
0.0723267
0.406956
91
0.000568384
0.786102
0.0487247
0.444028
96
0.0901482
0.474313
58.7327
0.959383
0.0542857
0.345716
53
0.0074052
0.048076
0.0698894
0.482743
90
0.0816671
0.273803
42.9851
0.878917
0.0824403
0.31251
28
0.00965362
0.821237
0.0561416
0.249054
22
0.110893
0.804807
64.577
0.936927
0.0693991
0.291347
3
0.00889393
0.203698
0.0742904
0.419603
62
0.0102696
0.314437
69.1624
0.880972
0.0447972
0.38227
67
0.00944236
0.897222
0.0857551
0.179615
4
0.168501
0.463783
35.4151
0.932107
0.0795269
0.333788
94
0.00338713
0.465931
0.0671895
0.316907
89
0.139531
0.523277
74.0069
0.838808
0.0968228
0.338022
56
0.00763817
0.943701
0.078552
0.36444
83
0.0935359
0.965607
96.4081
0.823122
0.0509562
0.046753
4
0.00589996
0.0306412
0.0868238
0.40131
13
0.034067
0.839923
13.5815
0.814052
0.0954069
0.0363592
44
0.00230367
0.405026
0.0275856
0.152783
83
0.0280031
0.540839
25.6582
0.995561
0.0971447
0.0624382
47
0.00779346
0.116847
0.028716
0.484069
47
0.19841
0.88479
57.4465
0.874749
0.0830276
0.357816
100
0.00446319
0.267127
0.0435133
0.12265
71
0.119129
0.0964235
67.4173
0.829178
0.051952
0.0401205
38
0.00554713
0.594406
0.091497
0.212539
29
0.149185
0.558187
69.9357
0.798072
0.0532451
0.324176
20
0.00997094
0.0197617
0.0119786
0.498115
86
0.115529
0.365556
50.5193
0.83604
0.0808763
0.045489
29
0.00423802
0.0298704
0.0340077
0.468104
91
0.00576674
0.682498
76.8906
0.819606
0.0834816
0.147197
19
0.00073716
0.83116
0.0628187
0.13186
3
0.159162
0.43381
48.3108
0.71694
0.0573518
0.0222216
97
0.00210213
0.0648911
0.0113885
0.0151262
29
0.176242
0.675176
16.334
0.782271
0.0364828
0.219638
74
0.00990794
0.244693
0.0311636
0.0147724
2
0.0865685
0.0396346
83.7491
0.706655
0.0840819
0.3776
40
0.00443593
0.720779
0.0710715
0.313416
75
0.128323
0.0742042
36.2084
0.796128
0.0569166
0.394069
84
0.00849915
0.0735367
0.0835753
0.144008
88
0.160669
0.332448
38.003
0.957425
0.0204221
0.450935
63
0.00294251
0.71375
0.0363512
0.0439889
68
0.0546037
0.636489
94.6353
0.857311
0.0346277
0.113466
8
0.0027596
0.890759
0.0590259
0.331197
26
0.0306825
0.114889
45.349
0.983117
0.0310938
0.44212
39
0.00237117
0.183185
0.0952081
0.46292
87
0.194321
0.574789
38.8132
0.809514
0.0822384
0.476605
83
0.00219895
0.167022
0.0415532
0.191855
32
0.0594779
0.514864
7.2346
0.967695
0.0843791
0.492529
73
0.00910256
0.376999
0.0966976
0.135065
72
0.0543154
0.583659
87.4506
0.766211
0.0599416
0.214388
76
0.000456801
0.382509
0.0773532
0.190424
90
0.125327
0.35026
53.4681
0.738202
0.0279043
0.331529
96
0.00595664
0.192891
0.0900336
0.162383
59
0.0207898
0.560288
58.4278
0.92159
0.0731714
0.355871
75
0.00897733
0.773551
0.0409924
0.287462
97
0.0671188
0.906646
43.4186
0.978869
0.010555
0.481376
92
0.00343977
0.793096
0.0391508
0.140713
91
0.146062
0.262246
24.938
0.948905
0.0340767
0.16724
28
0.00946654
0.0159482
0.0148735
0.0311714
7
0.143258
0.639796
51.5543
0.852431
0.0323927
0.360967
97
0.00861038
0.474241
0.029107
0.0955525
20
0.138209
0.77169
33.3423
0.960915
0.0163775
0.236155
65
0.00821321
0.802326
0.0131078
0.412369
81
0.0907438
0.607222
40.6427
0.846177
0.0751226
0.436083
56
0.00813376
0.764346
0.0715731
0.0525931
3
0.183624
0.0157349
84.3179
0.748498
0.0102586
0.134535
55
0.00622293
0.117875
0.058952
0.307003
52
0.170023
0.806309
51.6744
0.850988
0.0704747
0.1013
69
0.00790044
0.638895
0.0677705
0.0212054
41
0.14956
0.431938
6.4795
0.790683
0.0472398
0.245486
27
0.00164528
0.175227
0.0218123
0.154922
69
0.196423
0.932838
56.1191
0.918098
0.0848435
0.462978
93
0.00572997
0.562299
0.0136549
0.361983
55
0.141937
0.100844
11.7413
0.998748
0.0284709
0.264129
16
0.00872264
0.844949
0.0375907
0.363462
100
0.0947984
0.690642
54.9664
0.78765
0.0447193
0.0187414
55
0.00499765
0.903624
0.091262
0.0680941
7
0.0984
0.903263
53.2554
0.963193
0.0399692
0.303099
50
0.000919198
0.58854
0.0964661
0.273431
6
0.198006
0.86536
7.54118
0.828815
0.0480709
0.188831
80
0.00227912
0.987788
0.0881186
0.38924
84
0.0387942
0.961881
55.8291
0.850154
0.0238472
0.213097
27
0.00223851
0.201336
0.0955821
0.0321774
74
0.0982098
0.798735
83.3209
0.703108
0.0362008
0.173955
50
0.00139686
0.0952694
0.0282184
0.147075
53
0.124262
0.499248
31.2826
0.878356
0.0659139
0.0347949
91
0.00746577
0.61634
0.080221
0.0330057
23
0.181095
0.557747
96.9728
0.871468
0.0271897
0.392603
69
0.00976729
0.500507
0.0424846
0.0536888
23
0.000644695
0.899995
27.0549
0.904342
0.0688703
0.408974
53
0.00525426
0.741833
0.0459432
0.294266
45
0.142608
0.890117
21.4558
0.791281
0.0513788
0.200666
68
0.000125607
0.128876
0.0465225
0.0365794
74
0.0582539
0.714008
49.5028
0.875864
0.0206577
0.441866
67
0.00942023
0.853377
0.0649822
0.00414976
64
0.136327
0.601472
90.9604
0.907789
0.0717206
0.488186
96
0.00521671
0.0886548
0.0599134
0.164233
53
0.0251383
0.529394
88.0295
0.898064
0.017638
0.426793
80
0.00933709
0.0540468
0.0807061
0.298134
6
0.0783021
0.221673
28.5531
0.891089
0.044171
0.344554
52
0.00804637
0.814797
0.0156016
0.199002
53
0.100418
0.662888
34.3433
0.870527
0.0997356
0.155595
63
0.00539525
0.389431
0.0619233
0.369658
91
0.0180231
0.0440485
31.5082
0.968201
0.0654283
0.290164
73
0.000405647
0.236482
0.0434128
0.476602
37
0.109192
1.00566e-05
75.2736
0.877998
0.0100709
0.293023
34
0.00456421
0.528629
0.0461935
0.497136
42
0.0960292
0.940842
27.5435
0.89567
0.0834172
0.422658
47
0.000980819
0.393161
0.068188
0.0668186
94
0.177751
0.0870799
89.8023
0.72026
0.0213196
0.0432779
49
0.00999082
0.87563
0.0408193
0.0559243
17
0.0741252
0.147061
64.1613
0.894745
0.0384357
0.00741697
21
0.00972721
0.623062
0.0851119
0.214529
9
0.160002
0.347413
68.9041
0.7038
0.0811468
0.270235
43
0.00270636
0.511703
0.0593304
0.436832
57
0.199616
0.261921
22.4091
0.763909
0.0250919
0.480408
1
0.00905393
0.100842
0.0405281
0.0932124
14
0.0843648
0.0547614
78.1688
0.87756
0.0321729
0.146163
99
0.00156787
0.438989
0.0380933
0.260698
11
0.047723
0.134946
23.0164
0.865449
0.0817905
0.291568
75
0.00125795
0.479698
0.0770042
0.0589417
64
0.148152
0.129744
73.1499
0.929851
0.0995921
0.106491
89
0.00330801
0.838106
0.0927366
0.00325346
7
0.158134
0.0833884
81.9789
0.843619
0.035303
0.427221
67
0.00854255
0.904343
0.0953553
0.15108
15
0.141178
0.775042
98.6509
0.9194
0.028911
0.148165
3
0.00606434
0.9097
0.0189562
0.0908873
68
0.134068
0.880714
59.141
0.956141
0.0744483
0.418678
24
0.00436983
0.217762
0.0271603
0.422159
59
0.00082058
0.708006
7.01818
0.900953
0.0576791
0.351391
39
0.00662781
0.577729
0.065961
0.215045
9
0.0954198
0.896594
79.1034
0.920472
0.068539
0.322786
94
0.000196766
0.868323
0.0306836
0.00699752
3
0.0721178
0.82085
1.6896
0.882398
0.0611048
0.384861
42
0.0067958
0.758936
0.0637768
0.104004
30
0.043136
0.722477
67.6923
0.901799
0.014942
0.452266
33
0.00549141
0.442881
0.0662778
0.0189064
83
0.126453
0.617249
38.3259
0.975733
0.0752446
0.273388
54
0.00335004
0.136694
0.0546396
0.20304
33
0.165881
0.0792897
29.4711
0.851821
0.0631846
0.205841
59
0.00577821
0.14358
0.060826
0.0583905
62
0.0784646
0.267957
5.00475
0.755839
0.0805777
0.482269
51
0.00696357
0.435731
0.0556546
0.0868777
12
0.0289207
0.584623
61.3668
0.840833
0.011692
0.324753
31
0.00509787
0.817878
0.0510428
0.396101
36
0.0621963
0.555039
88.4499
0.903199
0.0408434
0.0235011
29
0.00631083
0.225744
0.024601
0.243694
81
0.135283
0.773149
11.5691
0.704986
0.0498533
0.19502
13
0.00469089
0.709867
0.0940163
0.0229324
57
0.135771
0.299469
58.9216
0.727309
0.0443853
0.229149
65
0.00117176
0.9802
0.0549524
0.273653
5
0.159774
0.466117
94.1855
0.81799
0.019979
0.449878
17
0.000270567
0.421083
0.0735106
0.366724
92
0.0264547
0.264984
80.2327
0.702604
0.0612009
0.233851
76
0.00880283
0.839496
0.0453738
0.2564
95
0.0851897
0.548338
74.7112
0.779433
0.0850777
0.483572
96
0.00170629
0.849075
0.0786345
0.166517
94
0.10166
0.720769
31.1052
0.753312
0.0159334
0.439236
20
0.00232112
0.187041
0.0921106
0.156917
50
0.182439
0.860054
69.7349
0.847322
0.0422525
0.472402
58
0.00199896
0.736404
0.0832144
0.377991
52
0.096961
0.936056
98.23
0.885404
0.0202467
0.0652951
53
0.00874172
0.278381
0.088208
0.329793
40
0.133815
0.419746
86.9337
0.984578
0.0535048
0.388704
56
0.00567795
0.770628
0.0577543
0.156291
42
0.159316
0.740063
37.2335
0.721369
0.0351267
0.282808
39
0.00279469
0.125484
0.0862612
0.358261
55
0.0763199
0.848667
75.8086
0.807934
0.0701907
0.456352
2
0.00327054
0.857075
0.093563
0.010148
26
0.0411385
0.970209
97.4555
0.758863
0.0929753
0.115245
68
0.000163787
0.819527
0.0833609
0.113842
96
0.0490025
0.258431
46.1646
0.947409
0.0921266
0.387316
37
0.000315831
0.282847
0.0864282
0.481503
93
0.00442397
0.395483
43.6933
0.862319
0.0718079
0.331089
84
0.00951593
0.518174
0.0101594
0.368328
15
0.124437
0.97238
69.3594
0.988567
0.0758554
0.409567
28
0.0058728
0.969243
0.099937
0.442342
57
0.139824
0.537516
21.2197
0.830486
0.0283342
0.371229
98
0.00111918
0.206441
0.0910985
0.427919
70
0.0351256
0.13769
3.74158
0.768356
0.0691865
0.485403
13
0.00206344
0.0395084
0.0181691
0.446191
50
0.162443
0.507336
35.8966
0.868593
0.0595481
0.0170728
53
0.000359621
0.0820221
0.0794278
0.494397
84
0.093885
0.546674
15.8149
0.944862
0.0292064
0.239635
88
0.00615084
0.586529
0.0843955
0.227535
73
0.118053
0.145256
21.8751
0.964133
0.0554382
0.420436
54
0.00836237
0.285686
0.0231345
0.451585
84
0.0393911
0.32387
58.2813
0.970903
0.0214103
0.079307
22
0.00295225
0.112608
0.0879175
0.32023
16
0.15138
0.445308
60.147
0.748036
0.0157019
0.457872
17
0.00357422
0.213952
0.0962699
0.448768
41
0.172788
0.730906
22.0707
0.797821
0.0695344
0.287176
11
0.00534428
0.342073
0.087126
0.119588
69
0.0728785
0.801582
40.0084
0.899997
0.0987738
0.405054
47
0.0059992
0.885391
0.0537584
0.437431
22
0.00757666
0.296458
45.19
0.974251
0.073269
0.0993295
46
0.0096156
0.224188
0.063461
0.026829
24
0.00317554
0.0313612
97.6338
0.960478
0.0953079
0.246854
1
0.00697265
0.00217111
0.0566844
0.400802
53
0.179794
0.158242
98.9896
0.880442
0.0764093
0.484709
23
0.00735309
0.689195
0.0111051
0.019381
13
0.0189723
0.116644
49.0923
0.841269
0.0259731
0.373117
37
0.00582612
0.539502
0.0215664
0.465803
35
0.0446942
0.696658
57.0152
0.903745
0.0777102
0.194003
97
0.00397977
0.840734
0.012556
0.230776
16
0.13732
0.652003
29.2441
0.907436
0.0580408
0.326961
28
0.00219489
0.34037
0.0714901
0.359753
1
0.0847402
0.789596
22.749
0.923823
0.0244521
0.0268356
99
0.00131095
0.789681
0.0498554
0.0748547
17
0.0815973
0.496617
93.1556
0.916287
0.0329815
0.24074
45
0.00508422
0.582682
0.0630024
0.122809
98
0.000223305
0.482161
41.0806
0.995366
0.058636
0.0199436
81
0.000825258
0.0932117
0.0814232
0.435885
51
0.136744
0.33563
90.1292
0.92752
0.015091
0.0421703
10
0.00113193
0.162119
0.0102578
0.188766
32
0.0775605
0.763593
75.5818
0.73304
0.0142347
0.0121414
78
0.0018573
0.993437
0.0638999
0.375189
40
0.0506765
0.634016
14.1057
0.981178
0.0487978
0.104496
22
0.0028542
0.934328
0.0624024
0.255332
46
0.0794209
0.618813
36.1611
0.856109
0.0136681
0.307094
20
0.00634284
0.571944
0.0695217
0.0303408
25
0.116498
0.641362
48.5073
0.819077
0.0613405
0.257244
95
0.00793598
0.756251
0.0983643
0.267341
50
0.106199
0.580292
59.6091
0.879935
0.0854748
0.187741
90
0.00217761
0.380406
0.0521231
0.0731066
57
0.0364795
0.645456
65.9392
0.845295
0.0938041
0.479798
9
0.00788033
0.911102
0.0808801
0.193125
85
0.189424
0.955886
62.7109
0.893741
0.0944255
0.33532
90
0.00701761
0.88781
0.0859281
0.100729
19
0.00279118
0.990054
92.4219
0.734956
0.0589481
0.168661
71
0.00193255
0.526818
0.0333185
0.492149
74
0.0158324
0.623536
40.5096
0.733605
0.0239879
0.318871
18
0.00563612
0.078665
0.0661215
0.111412
7
0.0759008
0.795354
68.5043
0.848602
0.0376683
0.180444
31
0.00612928
0.914772
0.018375
0.0959863
58
0.105893
0.215431
43.8509
0.881333
0.081921
0.177402
57
0.00353999
0.629114
0.0777253
0.225137
90
0.106787
0.174875
6.60894
0.709357
0.0387925
0.053877
17
0.00724731
0.725179
0.0147727
0.0251915
96
0.188113
0.19137
32.9699
0.779594
0.0316657
0.387087
95
0.00351377
0.675269
0.0431714
0.137458
35
0.172977
0.565133
80.6853
0.977976
0.0547007
0.28211
95
0.00795572
0.296961
0.0980649
0.200635
97
0.179552
0.18215
53.6207
0.942525
0.0235116
0.256485
60
0.00699858
0.805485
0.0517468
0.314404
47
0.0752484
0.411231
85.4042
0.966529
0.0296712
0.151677
84
0.00629647
0.82972
0.0997577
0.351077
59
0.100214
0.00467553
29.0971
0.94652
0.0623026
0.197443
42
0.00650868
0.892623
0.0674418
0.135804
16
0.0991966
0.254614
2.15957
0.797358
0.0119453
0.0862777
38
0.0031339
0.809629
0.0848622
0.414804
46
0.15508
0.0400456
50.1537
0.884635
0.0454258
0.378859
83
0.00858379
0.59559
0.0480535
0.306126
34
0.180397
0.847339
76.3877
0.991404
0.041758
0.200473
25
0.00409022
0.0665269
0.0287997
0.274586
55
0.141386
0.0695536
6.19661
0.983835
0.054825
0.489474
8
0.00516631
0.283582
0.0897997
0.220342
46
0.0764393
0.930129
52.9133
0.863527
0.081538
0.249568
22
0.00826387
0.074956
0.0206291
0.117191
28
0.161126
0.0126506
74.5276
0.956853
0.0226088
0.0282289
38
0.00145075
0.101862
0.0641152
0.048485
18
0.0635958
0.246745
14.8666
0.784712
0.0799929
0.476046
36
0.0046402
0.9413
0.0585343
0.0771345
91
0.0875844
0.480059
23.5866
0.875686
0.0740779
0.391387
55
0.00955658
0.0984482
0.0264452
0.325622
48
0.145771
0.0709254
39.5555
0.872274
0.0495045
0.105753
51
0.00970658
0.234377
0.0811226
0.454128
29
0.169987
0.655138
85.305
0.821232
0.0879263
0.103119
100
0.00657799
0.42987
0.0107735
0.447233
75
0.1137
0.916902
11.8338
0.770676
0.0350115
0.307802
55
0.00315505
0.485784
0.0916196
0.341643
66
0.178893
0.684301
0.31235
0.767
0.0879869
0.10236
52
0.00182085
0.00649703
0.0932515
0.291965
96
0.00816155
0.695705
70.7028
0.824755
0.0957768
0.448303
83
0.00283576
0.591752
0.0622275
0.391133
33
0.0643909
0.140236
96.3575
0.732218
0.0147016
0.431359
98
0.00272309
0.452853
0.0707102
0.496231
92
0.0834224
0.401958
5.25578
0.828119
0.0386025
0.39844
82
0.000861766
0.496916
0.0612015
0.205897
90
0.162198
0.311335
85.0674
0.700497
0.0915469
0.0770918
31
0.00512182
0.537279
0.0733084
0.170962
82
0.0462735
0.951246
33.8529
0.749394
0.0267072
0.260619
46
0.00637473
0.558327
0.0269296
0.222218
13
0.0646862
0.436547
63.1298
0.77144
0.0556989
0.166115
14
0.00798883
0.724287
0.0602661
0.062167
20
0.0211676
0.981088
97.8244
0.96911
0.0502974
0.15633
54
0.00993772
0.715645
0.0746762
0.16525
92
0.130868
0.236669
27.314
0.924416
0.0412972
0.207283
5
0.00926805
0.963058
0.0709691
0.440841
36
0.0718878
0.218384
30.1726
0.853456
0.0144792
0.281353
33
0.00537152
0.626949
0.0548162
0.385204
20
0.0466143
0.0103138
18.1193
0.853054
0.0856728
0.09308
76
0.00488881
0.775409
0.0569191
0.243006
70
0.108474
0.78467
62.8581
0.822223
0.0461412
0.15672
58
0.0054348
0.744436
0.0115547
0.120048
96
0.0176526
0.914395
39.2416
0.939129
0.0546247
0.0601519
66
0.00669858
0.516765
0.0234398
0.295265
72
0.0380204
0.976604
2.30149
0.800335
0.0700065
0.308439
85
0.00147529
0.920714
0.0364899
0.432947
22
0.121328
0.287006
54.6259
0.902524
0.082847
0.204325
3
0.00770157
0.9729
0.0352099
0.215803
43
0.0286477
0.248998
87.9502
0.953789
0.0359482
0.209701
8
0.00485505
0.220815
0.0513274
0.382014
58
0.127982
0.59278
70.4247
0.992464
0.0719553
0.138315
3
0.00266136
0.747568
0.0925766
0.282253
37
0.196845
0.519502
44.9567
0.992174
0.0146717
0.00577588
71
0.00246567
0.15245
0.0418988
0.469349
77
0.161828
0.869232
13.2339
0.925547
0.0935016
0.158894
41
0.00783295
0.110708
0.0304365
0.480495
28
0.132488
0.0495245
0.938681
0.700997
0.0804622
0.245821
86
0.00689833
0.656735
0.0542237
0.263781
89
0.069356
0.746364
80.1577
0.920996
0.0652033
0.417019
89
0.00394296
0.635888
0.0491125
0.39496
34
0.0187568
0.919974
77.3886
0.724556
0.0557561
0.470443
79
0.00369375
0.699503
0.0778714
0.0617833
19
0.115802
0.996189
99.1917
0.94056
0.0646152
0.366237
57
0.00920067
0.104552
0.0441712
0.355926
12
0.0704099
0.106892
96.6076
0.908281
0.0155344
0.00860469
64
0.00400269
0.132476
0.0557256
0.170264
79
0.0856489
0.201507
81.317
0.977326
0.0459262
0.084651
49
0.00238431
0.873725
0.0326426
0.407971
59
0.0405942
0.908603
76.7422
0.905028
0.0511616
0.426072
11
0.00907782
0.767668
0.0132812
0.179915
19
0.171908
0.668111
25.5125
0.936222
0.0263327
0.0766291
45
0.000385778
0.372958
0.0334529
0.339805
7
0.123764
0.953749
12.9469
0.804147
0.099418
0.0103293
72
0.00168976
0.682071
0.0347727
0.168767
33
0.0566982
0.186131
65.5712
0.926888
0.0886545
0.496327
62
0.000790661
0.185462
0.0992323
0.082454
61
0.0993637
0.14273
43.0311
0.755593
0.0567817
0.451573
12
0.000963898
0.478236
0.095803
0.295829
52
0.0373723
0.0356661
8.00883
0.838169
0.0162569
0.254699
76
0.00734267
0.556804
0.0724382
0.0704528
38
0.195418
0.753006
92.8674
0.718633
0.0783864
0.18993
11
0.0013398
0.45504
0.0553879
0.308056
20
0.0958208
0.982544
73.242
0.975623
0.0607644
0.211247
23
0.0092255
0.880785
0.0336696
0.121414
78
0.186995
0.706958
91.1063
0.804854
0.0742026
0.372082
74
0.00466014
0.519387
0.0214645
0.337726
6
0.0616467
0.0899495
4.81303
0.845881
0.0255309
0.490643
19
0.00891216
0.952978
0.097982
0.460256
8
0.167261
0.510869
60.6279
0.915023
0.0303637
0.46075
25
0.00256546
0.358741
0.0782231
0.348796
63
0.0509995
0.667306
2.6263
0.744877
0.0626654
0.376311
54
0.00262375
0.158563
0.024571
0.391778
74
0.0448499
0.206764
46.5284
0.886685
0.0635676
0.278293
72
0.0071743
0.712471
0.063413
0.429101
87
0.147182
0.398801
50.8053
0.890412
0.0122224
0.499768
34
0.0057912
0.659826
0.0130428
0.234214
98
0.144152
0.777698
66.2225
0.720364
0.0421762
0.274953
18
0.00748552
0.72834
0.0350316
0.0838494
32
0.186788
0.338476
22.944
0.952952
0.0936992
0.232208
87
0.00732324
0.807725
0.0938794
0.198037
96
0.00616824
0.826534
36.9796
0.994312
0.0467937
0.110728
32
0.000846891
0.332792
0.0693908
0.435019
72
0.0214323
0.348718
39.9663
0.766894
0.0958695
0.268216
94
0.00254657
0.532814
0.031774
0.397412
81
0.163197
0.420377
13.7988
0.808689
0.0490429
0.463835
98
0.00362925
0.357099
0.0523385
0.359129
27
0.00483746
0.808179
44.2963
0.783313
0.0868174
0.149735
35
0.00648948
0.377527
0.0489604
0.228792
79
0.102153
0.924897
77.6053
0.859408
0.0810027
0.0742528
60
0.00420064
0.2681
0.0367191
0.0275302
75
0.103626
0.729783
38.5546
0.984731
0.0552388
0.39619
14
0.00952711
0.155646
0.05973
0.0791338
76
0.154291
0.427932
52.6402
0.727891
0.0286548
0.401002
86
0.00347272
0.138659
0.0946632
0.254193
83
0.00843415
0.61021
84.4861
0.897579
0.0187976
0.0495244
75
0.0093799
0.584539
0.0202269
0.280651
3
0.0914082
0.620028
99.2065
0.922093
0.0108041
0.465017
18
0.00767238
0.233122
0.0703143
0.118313
6
0.103283
0.566805
32.4574
0.95458
0.0820564
0.237626
74
0.00361547
0.705131
0.0993552
0.175513
45
0.0800795
0.0518319
20.356
0.745688
0.0571272
0.47344
44
0.00416775
0.812128
0.0840873
0.0512263
6
0.191131
0.949863
79.4233
0.778115
0.0661563
0.439003
10
0.00865655
0.418633
0.0869314
0.475819
65
0.0138836
0.00389382
44.6245
0.73931
0.0252282
0.336988
77
0.00310428
0.925751
0.0596651
0.315456
40
0.195187
0.111883
65.0986
0.829936
0.0969844
0.394633
74
0.00167007
0.0420358
0.0457412
0.303773
47
0.0498054
0.153818
17.2426
0.98977
0.041471
0.0335793
58
0.00831145
0.157089
0.0302583
0.396663
68
0.0525239
0.00928177
56.3954
0.70998
0.0131372
0.466783
61
0.0063874
0.413641
0.0535116
0.344034
35
0.0239085
0.453111
10.2635
0.934599
0.0550692
0.157841
73
0.00398257
0.871644
0.0328902
0.452315
38
0.0557715
0.790453
13.0576
0.715977
0.0572246
0.241677
33
0.00593508
0.608623
0.0583669
0.151875
95
0.171585
0.929816
8.23724
0.78084
0.0603456
0.2962
87
0.00917574
0.187693
0.0842859
0.285927
23
0.105114
0.225643
47.404
0.778863
0.0698313
0.253628
73
0.00676981
0.605484
0.0691677
0.466811
64
0.129612
0.306275
88.7961
0.824999
0.0984355
0.447608
83
0.00287959
0.314139
0.0689018
0.0344228
95
0.0358887
0.717043
15.0124
0.892899
0.0334258
0.0205573
92
0.00159131
0.530175
0.0788915
0.360707
83
0.126293
0.231794
44.5768
0.735595
0.0315478
0.186726
26
0.00389133
0.977495
0.0572112
0.264662
31
0.193948
0.815186
10.9133
0.741649
0.019715
0.33856
59
0.00656392
0.535352
0.0903219
0.474729
17
0.176911
0.551844
97.3139
0.997556
0.0353845
0.340479
44
0.00414441
0.745919
0.0231813
0.00972963
43
0.0453473
0.193616
93.2671
0.974519
0.0884133
0.340036
91
0.00988444
0.541994
0.0423586
0.145382
87
0.197224
0.362959
92.7596
0.915574
0.0312477
0.185683
30
0.0048971
0.901756
0.022952
0.134605
67
0.00429448
0.736083
25.3613
0.72812
0.0871577
0.28799
27
0.00023543
0.0219468
0.0666953
0.450667
39
0.0882547
0.975114
94.8319
0.765744
0.0183279
0.0919994
87
0.00524134
0.965399
0.0500924
0.0850761
85
0.149872
0.360988
99.8128
0.754236
0.0125225
0.145009
92
0.00348695
0.603226
0.0917432
0.194537
47
0.00651972
0.131486
99.627
0.970246
0.0538278
0.414074
50
0.00647219
0.216186
0.0520321
0.126977
45
0.0173885
0.613066
34.1626
0.71366
0.0900132
0.0485879
67
0.000516389
0.0903476
0.0483133
0.486242
17
0.0739914
0.719908
79.2181
0.796817
0.0500498
0.414339
88
0.00191154
0.95998
0.0193517
0.252821
73
0.0150748
0.223982
19.6503
0.814943
0.0933183
0.0556984
10
0.00871198
0.916545
0.0771769
0.0746312
74
0.00333865
0.67063
61.7006
0.9909
0.0377731
0.36634
70
0.00235377
0.250747
0.0886025
0.0656499
78
0.145489
0.661434
95.3271
0.867622
0.0773673
0.397699
88
0.00215304
0.554204
0.0775213
0.200477
21
0.0170563
0.705548
53.9701
0.718156
0.0577139
0.467335
55
0.00833333
0.510829
0.0971372
0.333095
25
0.10127
0.615841
74.8224
0.769967
0.0114598
0.00103369
30
0.0027392
0.719784
0.0518809
0.286876
65
0.129283
0.676471
82.2997
0.943894
0.0381064
0.304647
67
0.00727569
0.194417
0.0265739
0.351991
30
0.166181
0.727128
75.0317
0.871879
0.0729664
0.143694
22
0.00504419
0.99479
0.0721083
0.455627
2
0.0585587
0.888109
62.4039
0.860045
0.093975
0.0308568
71
0.00253481
0.621721
0.0427917
0.101758
76
0.117458
0.842921
12.5976
0.813208
0.0293082
0.202404
44
0.000107664
0.242151
0.0536645
0.143191
39
0.011929
0.023535
91.4654
0.856043
0.0410452
0.0722698
73
0.00641907
0.552431
0.0331281
0.222576
8
0.0194283
0.875927
15.3685
0.973518
0.044274
0.139233
41
0.00379725
0.245539
0.0256716
0.420982
84
0.0200456
0.782468
41.8431
0.993236
0.0524489
0.294377
82
0.0045771
0.0110058
0.0569964
0.240049
22
0.00787323
0.563775
93.6063
0.732338
0.0923274
0.190671
37
0.00720475
0.906385
0.0712211
0.127834
68
0.156039
0.156415
9.44305
0.900808
0.0910499
0.209127
69
0.0038611
0.336464
0.076534
0.22095
97
0.185582
0.590017
72.1545
0.761279
0.0110061
0.217435
5
0.00551094
0.770243
0.0969631
0.0899294
50
0.188647
0.657416
49.3297
0.736181
0.0437415
0.165163
20
0.00151578
0.67321
0.0942818
0.333795
13
0.107244
0.448352
30.2544
0.919918
0.0185533
0.237096
4
0.0084405
0.38365
0.092427
0.0973793
44
0.185962
0.698767
26.6665
0.792017
0.0270203
0.163944
21
0.000324561
0.375125
0.0175931
0.0601961
92
0.193016
0.767244
64.8217
0.769963
0.0798025
0.444762
56
0.00528225
0.144829
0.0579785
0.353151
78
0.0599578
0.818786
0.696273
0.861753
0.0749092
0.231408
57
0.00427113
0.179001
0.0222099
0.268683
14
0.186387
0.404513
75.6619
0.834223
0.0299911
0.152041
97
0.00387635
0.307387
0.0211035
0.126544
78
0.0070052
0.495903
34.7157
0.872924
0.030683
0.301804
19
0.00790963
0.0865265
0.063266
0.487386
100
0.1517
0.68199
93.9921
0.774924
0.039665
0.437782
71
0.00810589
0.638519
0.0574
0.371474
4
0.0132223
0.979282
63.8956
0.833837
0.0406394
0.143943
89
0.00857346
0.324428
0.0393647
0.1332
37
0.036234
0.840669
88.8821
0.841808
0.0680522
0.298945
24
0.00975455
0.765353
0.0905769
0.0507185
56
0.068516
0.605872
8.86354
0.743481
0.0247706
0.118358
11
0.0070736
0.787236
0.0374011
0.21302
56
0.164594
0.958343
45.9574
0.785846
0.0926057
0.375354
79
0.00291947
0.00525278
0.0253926
0.159373
85
0.0272967
0.900256
14.5489
0.717767
0.0277854
0.0142987
26
0.0014905
0.791413
0.0686267
0.109993
9
0.137671
0.834477
4.01711
0.803073
0.0920202
0.191756
87
0.00542289
0.507577
0.0984677
0.270134
78
0.0144937
0.689659
68.0257
0.905648
0.062495
0.0637355
34
0.00154209
0.310642
0.0919652
0.202298
45
0.00207138
0.313375
67.8846
0.740528
0.0222756
0.0476438
26
0.00580715
0.0571661
0.0613716
0.0727838
99
0.133544
0.0602125
37.4622
0.874033
0.0228066
0.336149
61
0.0013656
0.289027
0.0799982
0.109045
56
0.109474
0.102469
42.4515
0.860426
0.0931123
0.423817
10
0.00244121
0.304609
0.0827757
0.402931
26
0.197606
0.966797
14.2076
0.702329
0.0697555
0.0905239
6
0.00560004
0.121262
0.0930244
0.19738
10
0.192125
0.647986
17.7608
0.905718
0.0331862
0.363526
94
0.0075621
0.472761
0.0592463
0.327197
9
0.169258
0.761696
77.19
0.986823
0.0234001
0.199089
78
0.00737985
0.617651
0.0348868
0.372977
38
0.0262219
0.608271
82.7309
0.723965
0.0710031
0.041478
91
0.00196934
0.932217
0.0342057
0.28397
75
0.16491
0.887093
80.5781
0.891814
0.0903826
0.184714
84
0.000726874
0.0760473
0.0298575
0.160074
14
0.0534289
0.513678
95.6283
0.741973
0.0655297
0.356747
82
0.00049616
0.680081
0.0824507
0.0398883
99
0.0436587
0.57775
73.7671
0.740749
0.0826717
0.272216
48
0.0046257
0.708493
0.0510264
0.271167
61
0.0338236
0.531203
73.9343
0.932994
0.0942338
0.262341
32
0.000794326
0.862993
0.0527326
0.00830093
18
0.167159
0.628341
41.4996
0.93053
0.0644721
0.412066
59
0.00771326
0.300222
0.0616142
0.375341
86
0.0388785
0.947632
94.5433
0.981824
0.0505611
0.0643426
31
0.00518885
0.271779
0.0729606
0.0692192
43
0.18889
0.811458
95.8493
0.794648
0.0724742
0.073058
7
0.00930168
0.732408
0.0986493
0.0674924
48
0.184726
0.29509
4.36774
0.840186
0.0986626
0.276609
65
0.00666797
0.0679983
0.0790626
0.354417
49
0.0887043
0.701502
29.946
0.849238
0.0992018
0.00654041
27
0.00603112
0.050429
0.0164715
0.471819
77
0.074705
0.569111
86.7675
0.777268
0.0367746
0.228541
74
0.0038294
0.852194
0.0942254
0.485773
35
0.144627
0.414398
63.5725
0.79323
0.049087
0.0752309
66
0.00424643
0.647562
0.070184
0.320561
94
0.180447
0.0529767
84.9861
0.757475
0.07137
0.465859
36
0.00205803
0.070083
0.0142018
0.209121
4
0.0346358
0.904916
46.6743
0.942031
0.0470406
0.430706
23
0.00529803
0.749159
0.0643186
0.356756
76
0.122814
0.853792
46.9967
0.881912
0.037941
0.176612
29
0.00107194
0.20921
0.0738964
0.0545201
31
0.0972189
0.164711
90.5202
0.721574
0.0648234
0.458577
30
0.00448988
0.655638
0.0493294
0.301706
29
0.0106753
0.429062
66.8505
0.809381
0.0735286
0.403858
93
0.00454424
0.497089
0.0826531
0.483709
53
0.12356
0.211846
2.4502
0.993913
0.0743701
0.269003
20
0.00505497
0.11443
0.0116462
0.186311
22
0.104168
0.70202
10.0785
0.788798
0.0189242
0.284184
21
0.00156148
0.802582
0.0848833
0.425901
67
0.077892
0.492701
72.3589
0.712
0.0683293
0.305596
41
0.000991364
0.834807
0.0412241
0.363152
78
0.102804
0.056599
85.9308
0.715141
0.0135151
0.343607
77
0.00600489
0.0129497
0.08107
0.0925835
64
0.082877
0.327852
89.0918
0.914254
0.071477
0.317836
95
0.00802461
0.252485
0.0874878
0.0432691
88
0.0223418
0.724796
54.1186
0.887354
0.0672345
0.265909
35
0.00913188
0.0451777
0.0476088
0.130376
72
0.0294594
0.199306
48.0471
0.862858
0.0563978
0.430024
64
0.00759054
0.00918796
0.0465563
0.445968
88
0.116344
0.274979
19.0688
0.823615
0.0894341
0.234935
7
0.00300921
0.975326
0.0815949
0.172862
70
0.130535
0.632046
35.6358
0.968622
0.0268523
0.435017
28
0.00058282
0.949276
0.0652462
0.0207073
59
0.0657151
0.14981
5.96715
0.710703
0.0113511
0.455509
38
0.00471603
0.367896
0.0256001
0.25118
99
0.0926877
0.163259
16.4784
0.987967
0.0842836
0.0211128
13
0.00393616
0.348316
0.0725557
0.340473
91
0.0554514
0.837972
36.7283
0.93103
0.0736236
0.216173
68
0.00471002
0.360507
0.0173329
0.177876
8
0.153672
0.0240397
81.7822
0.996861
0.063281
0.134839
63
0.00411589
0.0612781
0.0165836
0.27858
80
0.033494
0.927299
26.5676
0.978369
0.085346
0.304191
6
0.00241118
0.626049
0.0358482
0.310765
84
0.0568657
0.374609
36.5509
0.711262
0.0452243
0.42155
20
0.00484339
0.860233
0.0357319
0.167975
25
0.184812
0.251099
12.6158
0.933335
0.0221157
0.358672
41
0.0057213
0.813696
0.0543231
0.0232558
24
0.115117
0.454803
22.2744
0.941256
0.0668588
0.121855
81
0.00223366
0.26363
0.0909889
0.174431
73
0.177551
0.765684
19.9732
0.825837
0.0485585
0.193612
95
0.00491283
0.0171083
0.032093
0.415337
68
0.128554
0.062609
89.403
0.827579
0.0943523
0.226771
16
0.00829604
0.590211
0.0399413
0.0401179
71
0.00957661
0.984237
25.8116
0.951411
0.0722417
0.477636
13
0.00065981
0.254812
0.0208064
0.106647
10
0.132169
0.2928
42.7471
0.767765
0.0220278
0.274301
72
0.00681688
0.569936
0.0249433
0.218815
94
0.114519
0.872319
74.3928
0.835161
0.0389883
0.412969
61
0.00370937
0.50204
0.0731175
0.327556
11
0.0120017
0.371878
46.354
0.706
0.0516629
0.0506194
62
0.00641084
0.69372
0.0313946
0.4237
82
0.175203
0.934135
42.1961
0.931798
0.0902089
0.095462
6
0.00209695
0.0418571
0.0370977
0.490662
61
0.143759
0.172125
77.8061
0.801722
0.0372002
0.0697158
21
0.00619337
0.329137
0.039171
0.276611
65
0.0415397
0.945137
52.4201
0.752129
0.0531043
0.468511
12
0.00694818
0.513322
0.0278427
0.392939
53
0.0536636
0.304337
30.9469
0.884934
0.0175139
0.163015
39
0.00534887
0.364481
0.0791563
0.386399
2
0.00145381
0.787745
43.2449
0.947846
0.0375083
0.224712
5
0.00330464
0.970907
0.097455
0.261986
34
0.174634
0.778192
12.1363
0.888962
0.0241449
0.0983558
45
0.0094538
0.457165
0.0187569
0.456411
27
0.0709599
0.78095
10.6734
0.922616
0.0760553
0.259477
50
0.0011507
0.846396
0.0528557
0.488244
28
0.134963
0.318114
87.1074
0.836369
0.0153149
0.152826
89
0.0030751
0.988722
0.0219959
0.325131
92
0.189798
0.922955
52.239
0.729586
0.0401727
0.214899
34
0.00911728
0.99097
0.0283748
0.191029
9
0.0219664
0.392452
61.8085
0.730877
0.0342254
0.129645
70
0.00406578
0.312621
0.0144245
0.433164
23
0.0277404
0.673515
40.371
0.967289
0.0886682
0.368929
35
0.00846163
0.331048
0.0401407
0.406604
80
0.0241707
0.359979
15.6555
0.85855
0.039486
0.110853
67
0.00122232
0.697881
0.0280015
0.181063
62
0.120136
0.0952092
26.0857
0.888281
0.0859376
0.23025
86
0.000483241
0.611747
0.0471495
0.0861857
56
0.113066
0.754929
56.9259
0.917128
0.0167591
0.0779626
76
0.00556949
0.171938
0.0873587
0.146682
61
0.112077
0.54575
78.6682
0.961717
0.0420112
0.34918
66
0.00289628
0.761141
0.0560004
0.262527
18
0.0911294
0.658761
66.4669
0.798975
0.0831424
0.00976719
82
0.00672078
0.460109
0.0602047
0.0453702
46
0.0631232
0.526418
65.6755
0.771851
0.0738673
0.119307
74
0.00772836
0.937168
0.0385579
0.387668
34
0.120457
0.233006
9.99227
0.972101
0.0590062
0.417194
15
0.0062749
0.0807417
0.0262207
0.181991
10
0.126921
0.989843
59.3495
0.854237
0.0475518
0.0594669
97
0.00691512
0.145939
0.0718789
0.257005
14
0.0654527
0.0907574
47.8505
0.784029
0.0765784
0.402513
33
0.00785237
0.399216
0.0901549
0.14232
2
0.163284
0.477784
69.4302
0.72237
0.0303245
0.459763
13
0.0040241
0.926841
0.0402694
0.246472
16
0.119545
0.0810402
61.4718
0.855275
0.0430675
0.251971
63
0.00652416
0.261037
0.0251647
0.379577
48
0.158749
0.992113
10.56
0.737484
0.0230503
0.162366
88
0.00478418
0.931798
0.0308891
0.128907
66
0.153288
0.0160879
51.3206
0.864917
0.0104127
0.081674
10
0.0093502
0.346503
0.0877349
0.417969
35
0.182282
0.596759
9.03713
0.8571
0.0846709
0.208449
39
0.00620587
0.696469
0.0737018
0.186741
36
0.0807111
0.94277
20.8873
0.834989
0.0898791
0.329499
56
0.00677573
0.365712
0.0894381
0.0493537
67
0.138413
0.139868
82.0261
0.763199
0.0358275
0.386178
15
0.00744394
0.894596
0.0951085
0.405134
70
0.1765
0.857341
45.7455
0.795637
0.0606819
0.364865
5
0.00544604
0.860904
0.0745412
0.473007
63
0.0440468
0.539589
56.6384
0.911449
0.0961879
0.391096
41
0.00660117
0.27124
0.0669985
0.195699
30
0.022502
0.0996336
11.173
0.814794
0.025755
0.0708097
32
0.00137421
0.294601
0.0121548
0.0425758
60
0.150056
0.963835
92.2999
0.738688
0.0617809
0.121056
49
0.00624489
0.255539
0.0855816
0.408605
85
0.0141102
0.440329
70.2962
0.744378
0.089698
0.198586
6
0.0046054
0.3532
0.0977078
0.0241793
99
0.0396908
0.178769
49.823
0.918405
0.0403804
0.332899
23
0.000653994
0.668251
0.0406923
0.227905
46
0.0494561
0.177511
53.0167
0.955194
0.0949078
0.297496
30
0.000897625
0.923158
0.0184793
0.47894
97
0.130022
0.459045
70.8852
0.962548
0.0539218
0.217992
78
0.000344473
0.481436
0.0988158
0.491414
57
0.0890562
0.329826
5.56829
0.990147
0.0455206
0.224286
40
0.00201949
0.106095
0.0301403
0.149225
16
0.11022
0.125932
3.37951
0.764905
0.036828
0.243498
5
0.00922832
0.052101
0.0224759
0.10868
73
0.0898648
0.803815
39.1245
0.973126
0.0527691
0.487966
44
0.00187
0.919046
0.0959372
0.1054
30
0.0301733
0.180198
72.9384
0.985612
0.0977313
0.0111824
89
0.00669175
0.609044
0.0128473
0.284949
55
0.196012
0.490896
42.2568
0.762403
0.059396
0.361417
31
0.00180081
0.878057
0.0586018
0.241821
69
0.119701
0.408877
38.6604
0.836953
0.0705546
0.355206
59
0.00584394
0.494654
0.0327482
0.421683
32
0.181705
0.504518
82.8419
0.731166
0.0218165
0.226172
98
0.00258254
0.0257488
0.0155732
0.348213
48
0.0484331
0.446807
4.59489
0.9283
0.0600728
0.109602
65
0.00806058
0.433988
0.0653749
0.237516
80
0.140654
0.712491
28.9304
0.746556
0.0770354
0.399693
40
0.00801412
0.42187
0.0445299
0.1673
51
0.114326
0.500028
84.0365
0.781796
0.0416134
0.498733
90
0.00514695
0.912271
0.0359408
0.185419
85
0.183417
0.892023
23.7019
0.794208
0.0976445
0.373909
32
0.00311445
0.984259
0.0720771
0.0782482
81
0.147641
0.32436
84.6016
0.846638
0.0761637
0.0617032
17
0.00752909
0.263259
0.015878
0.177398
49
0.0605906
0.343712
27.8787
0.786697
0.0465296
0.170981
4
0.0018399
0.0371764
0.0247991
0.0896842
71
0.0696012
0.744727
68.6296
0.787003
0.0344232
0.461139
83
0.00109161
0.461575
0.0975683
0.441782
46
0.0922747
0.469918
79.9852
0.81125
0.0849619
0.419495
42
0.00104497
0.0463028
0.0818149
0.176526
19
0.0863811
0.270597
59.9702
0.823883
0.0813917
0.44637
45
0.00967933
0.563359
0.0384093
0.302998
45
0.0371434
0.367324
86.1894
0.793387
0.070674
0.486984
42
0.00825368
0.664078
0.0934432
0.388357
66
0.116959
0.213969
8.42569
0.911713
0.0839436
0.497317
83
0.00982439
0.402566
0.0647849
0.383767
100
0.172109
0.238518
71.0464
0.73456
0.0621583
0.05619
95
0.00365529
0.239157
0.0292702
0.24692
79
0.00898676
0.383183
48.8579
0.819001
0.0124874
0.0154531
59
0.00119895
0.573643
0.0727778
0.399721
48
0.153154
0.957579
81.4176
0.726308
0.0636763
0.0665112
96
0.00814768
0.281062
0.0845699
0.308668
54
0.148552
0.104358
71.6176
0.926493
0.0225564
0.428561
7
0.00128713
0.739561
0.0768543
0.250165
98
0.127411
0.55357
76.1175
0.839541
0.0836273
0.148751
92
0.00878622
0.979265
0.0618031
0.0121352
74
0.0522904
0.0207281
4.64983
0.757205
0.0964381
0.432227
93
0.00367829
0.99847
0.050627
0.241253
9
0.146758
0.450342
91.7105
0.899151
0.0474117
0.154373
9
0.00320085
0.490076
0.0762123
0.218152
4
0.156515
0.921939
95.0253
0.953388
0.0431751
0.0687024
22
0.00885831
0.524657
0.0388678
0.292645
80
0.140106
0.33137
50.3808
0.832712
0.0597449
0.320574
87
0.00712558
0.44425
0.0607269
0.344679
93
0.0435678
0.461604
41.2073
0.928715
0.0165932
0.49547
85
0.00475484
0.431255
0.0968918
0.244772
44
0.15211
0.195639
18.5219
0.72992
0.0662379
0.0448791
40
0.00757135
0.758327
0.0674025
0.335116
18
0.0676195
0.387082
66.1414
0.943217
0.0371506
0.196099
58
0.00925426
0.175699
0.0296093
0.336527
12
0.042513
0.642781
31.6177
0.749899
0.0913662
0.369571
12
0.00987268
0.333448
0.0798048
0.239321
71
0.0416536
0.759664
83.9262
0.755
0.0426868
0.424401
81
0.00888074
0.737017
0.0267913
0.426587
49
0.142872
0.871539
71.2014
0.746684
0.0275281
0.204701
80
0.00939051
0.687359
0.0604059
0.184144
55
0.040219
0.486763
79.6258
0.723571
0.0956528
0.397032
3
0.00654296
0.940014
0.0949356
0.477806
69
0.13168
0.0597498
47.0152
0.751844
0.0232268
0.405626
29
0.00569014
0.469072
0.0123348
0.317846
31
0.031193
0.0474428
7.67767
0.982532
0.0246933
0.128313
98
0.000757267
0.449186
0.0179565
0.11226
62
0.0355087
0.595883
2.81145
0.789556
0.0537352
0.312346
14
0.00130264
0.967986
0.0368658
0.413327
66
0.072606
0.797752
26.9238
0.96446
0.0482027
0.0834754
48
0.00433631
0.580836
0.0644319
0.457561
18
0.0999844
0.0371925
73.5223
0.842725
0.0388837
0.295217
80
0.00305362
0.0265967
0.0414675
0.160775
24
0.184205
0.748651
62.1009
0.895308
0.0677328
0.453433
52
0.00249723
0.412834
0.0989308
0.147801
5
0.199193
0.23435
86.2484
0.792548
0.09183
0.0891801
57
0.00501763
0.134544
0.0907468
0.27241
67
0.0748032
0.570886
57.3144
0.889245
0.0581917
0.219282
18
0.0063324
0.148266
0.0540192
0.13798
49
0.113566
0.488093
65.3301
0.76878
0.0347118
0.380338
2
0.00042155
0.275608
0.0929257
0.495778
72
0.107092
0.742073
20.6073
0.997899
0.0465864
0.352476
4
0.0027811
0.171053
0.0960591
0.280155
40
0.0323264
0.844391
1.28114
0.815729
0.05612
0.309842
49
0.00429191
0.777689
0.0240903
0.125266
41
0.199402
0.478097
64.289
0.909313
0.0243648
0.36752
66
0.00741589
0.492498
0.0468176
0.42447
43
0.165251
0.579347
82.5666
0.864082
0.0981703
0.114486
7
0.00548534
0.131602
0.0343366
0.0992084
7
0.161587
0.378608
56.4099
0.958037
0.0280245
0.314062
34
0.00344989
0.753672
0.0496237
0.00143237
44
0.154478
0.648358
71.4153
0.805712
0.0325781
0.288435
50
0.00686209
0.951137
0.0477725
0.374084
36
0.0232529
0.133208
34.4343
0.707935
0.0362803
0.107271
29
0.0060474
0.406223
0.0485392
0.312944
12
0.14239
0.066888
1.86765
0.945897
0.0889305
0.0526712
60
0.00189843
0.0844332
0.0451205
0.4317
58
0.117942
0.397934
55.3182
0.912336
0.076688
0.169745
9
0.00375765
0.548734
0.0750229
0.299003
29
0.0124298
0.0732019
98.029
0.776999
0.0541337
0.0825801
68
0.00481628
0.230919
0.0162017
0.300802
76
0.167904
0.733758
78.3599
0.989095
0.0998903
0.0942277
48
0.00818011
0.258243
0.0495825
0.403519
59
0.190241
0.0924411
87.3679
0.90888
0.0927843
0.445281
30
0.00144607
0.644352
0.0314878
0.102626
26
0.187205
0.543575
17.984
0.817231
0.0397886
0.173321
77
0.00760988
0.888677
0.0766239
0.347115
43
0.181216
0.987984
54.2679
0.960093
0.0673397
0.471548
19
0.00561358
0.488551
0.0338969
0.288753
24
0.107807
0.756091
80.9439
0.752904
0.063944
0.494606
38
0.00440469
0.353937
0.0449171
0.430433
2
0.175918
0.112724
51.076
0.866943
0.065776
0.221294
36
0.0026498
0.181321
0.0200168
0.350231
89
0.19322
0.876725
58.1126
0.714019
0.0800751
0.126997
63
0.00962425
0.468595
0.0397967
0.380916
79
0.118456
0.276028
45.5983
0.868792
0.0128744
0.161609
35
0.00337381
0.795301
0.0260904
0.229929
10
0.191534
0.154251
20.0584
0.705781
0.0428128
0.11693
91
0.00777962
0.290133
0.0821988
0.458396
1
0.178533
0.188432
16.8074
0.780554
0.058363
0.0881083
32
0.00480722
0.855743
0.0883332
0.217206
40
0.157163
0.0188361
41.6957
