0.860201
0.0981462
0.109366
59
0.00129357
0.569792
0.0467376
0.0194215
81
0.121096
0.564519
13.9224
0.874947
0.0619907
0.16428
41
0.00507919
0.0427882
0.0358416
0.0747292
46
0.0348766
0.368669
98.9905
0.993312
0.0501223
0.300699
81
0.0049809
0.370225
0.0448505
0.390578
85
0.154003
0.823109
11.739
0.945945
0.0711709
0.448555
35
0.00375139
0.180627
0.0989848
0.117232
23
0.0258817
0.580427
9.33336
0.987268
0.0192956
0.252296
82
0.00656598
0.52504
0.0593221
0.398964
53
0.0204222
0.835791
92.9028
0.848719
0.0180488
0.0712186
72
0.00120743
0.750746
0.0895599
0.38221
1
0.151304
0.179342
65.1757
0.767587
0.0161478
0.0889084
89
0.0067806
0.554033
0.0977469
0.318605
11
0.0153284
0.952998
86.0859
0.971682
0.0766794
0.128308
42
0.00359386
0.447149
0.0767381
0.455426
24
0.127504
0.0623489
17.2964
0.897862
0.0250704
0.173718
84
0.00239958
0.293806
0.0425365
0.28303
21
0.0619858
0.394918
12.8024
0.730669
0.0947609
0.0521647
13
0.0094704
0.632647
0.0569494
0.0806446
30
0.0970654
0.126606
44.6106
0.858022
0.0923492
0.203172
28
0.00988401
0.585129
0.048796
0.0922887
21
0.103743
0.442657
30.9722
0.740889
0.0135342
0.151618
68
0.00141367
0.265973
0.0772857
0.192444
56
0.032853
0.134778
79.9934
0.922935
0.0805067
0.482642
8
0.0011072
0.960634
0.0171623
0.157902
24
0.124197
0.517239
34.4748
0.742696
0.0218455
0.337451
93
0.0089271
0.470978
0.0121002
0.0299126
22
0.174852
0.339832
0.673916
0.762863
0.0757886
0.404061
56
0.00822751
0.222627
0.0537973
0.164915
95
0.0831011
0.400377
40.3339
0.853952
0.0716789
0.274929
18
0.00525625
0.543479
0.0734234
0.499517
75
0.0656629
0.645912
47.7376
0.936645
0.0280092
0.332875
71
0.00950242
0.958495
0.0132666
0.105705
5
0.197485
0.683723
30.1468
0.845844
0.0792212
0.0260727
83
0.00350987
0.503411
0.0871093
0.437304
71
0.0880896
0.557189
96.7426
0.997535
0.0910375
0.14543
43
0.00745618
0.620613
0.0238838
0.362713
90
0.174428
0.567547
24.5552
0.815227
0.0478019
0.126696
85
0.0073548
0.785814
0.0915272
0.111501
35
0.0226398
0.229463
17.6219
0.788678
0.0813612
0.239944
29
0.00368647
0.861213
0.0233357
0.148922
31
0.192998
0.254206
40.8658
0.869149
0.0836168
0.445236
62
0.000971862
0.823524
0.0300584
0.45209
77
0.0916563
0.375908
58.164
0.982327
0.0705524
0.0464261
30
0.00720713
0.754655
0.0357225
0.386427
33
0.0720461
0.742045
53.2957
0.948157
0.09294
0.34228
51
0.00770696
0.416279
0.0561163
0.323958
47
0.0560113
0.133073
21.6004
0.77011
0.0492517
0.226696
58
0.0015735
0.626666
0.0459015
0.0706455
16
0.166636
0.943889
62.2064
0.761323
0.0106638
0.014829
7
0.000690991
0.829561
0.0918441
0.0426405
45
0.0337484
0.171706
20.8074
0.79294
0.0934104
0.156674
26
0.005871
0.21018
0.0855926
0.323061
40
0.157342
0.163652
32.6738
0.909776
0.0441059
0.381242
39
0.00764413
0.162367
0.0653655
0.216815
51
0.156694
0.313425
90.1513
0.801858
0.0591985
0.00622343
7
0.00578734
0.465038
0.064341
0.330388
82
0.112788
0.32264
34.853
0.919201
0.0595467
0.257282
92
0.00785347
0.663698
0.0224996
0.365278
51
0.17768
0.618012
73.7033
0.97614
0.0343681
0.158273
47
0.00574628
0.533453
0.0685166
0.160815
52
0.147037
0.237663
81.9575
0.933477
0.058093
0.263195
91
0.00688949
0.929498
0.0940295
0.347651
67
0.0526828
0.785092
10.5732
0.822291
0.0302752
0.392571
44
0.00403362
0.698354
0.0154867
0.426089
87
0.0466925
0.919386
19.5931
0.715542
0.0668017
0.400493
33
0.00959033
0.141899
0.0959152
0.477641
42
0.0378735
0.89419
18.0379
0.894302
0.036145
0.0838507
2
0.00972054
0.276743
0.0290425
0.436117
84
0.0301394
0.46353
55.1039
0.818076
0.0371585
0.200313
32
0.00910615
0.339799
0.0954446
0.345582
20
0.0634481
0.2123
68.8323
0.718108
0.0127406
0.0132664
89
0.00267015
0.0625096
0.0877963
0.00580805
28
0.076256
0.247366
63.2318
0.939362
0.0397189
0.28605
33
0.00170953
0.703004
0.0924236
0.295983
90
0.0817613
0.436682
45.5616
0.756464
0.0885327
0.288442
15
0.00411185
0.200258
0.0176397
0.310521
66
0.158853
0.805097
7.47282
0.778216
0.0177769
0.193176
76
0.00413303
0.0966699
0.0431343
0.0362624
3
0.000803085
0.540316
70.0439
0.953039
0.0315204
0.307297
24
0.000544884
0.156859
0.0128675
0.337575
14
0.150549
0.500392
76.2377
0.916221
0.082954
0.42983
78
0.00272477
0.34194
0.0379934
0.0985877
78
0.0840638
0.0070301
8.72311
0.801567
0.081417
0.0585873
53
0.00479328
0.97998
0.0323152
0.340751
5
0.136585
0.602012
55.969
0.892698
0.0331061
0.00794769
88
0.00714855
0.401297
0.0148351
0.0125273
49
0.0923233
0.854157
97.5572
0.931131
0.0859913
0.304486
74
0.00343872
0.259408
0.0389531
0.198457
89
0.0690541
0.0238291
27.5619
0.832317
0.0637256
0.220827
5
0.000600597
0.380923
0.0296346
0.0604766
77
0.188361
0.288482
80.3372
0.992117
0.0658183
0.478282
94
0.00310672
0.762235
0.0864689
0.145477
31
0.131095
0.590338
57.3435
0.883989
0.0238968
0.181781
52
0.00324705
0.636902
0.0305428
0.248987
71
0.0714692
0.351683
45.1091
0.724841
0.0488194
0.0666126
77
0.00552581
0.688468
0.0481699
0.0109283
56
0.0138417
0.0854337
79.0333
0.989773
0.0608341
0.208145
51
0.00846063
0.477877
0.0200891
0.0950725
93
0.0446018
0.0342944
68.5739
0.707153
0.0543866
0.0686394
6
0.00800155
0.486954
0.032125
0.293268
88
0.0738093
0.0718368
50.2275
0.962475
0.0952898
0.422591
31
0.00737507
0.598737
0.050521
0.459065
69
0.099091
0.629043
8.22295
0.786191
0.0116661
0.174618
25
0.00190078
0.356674
0.0313022
0.300202
12
0.163346
0.468589
37.7311
0.729269
0.0909296
0.0194447
55
0.00187163
0.0862706
0.0972259
0.212787
37
0.1096
0.21795
80.8148
0.923442
0.0902116
0.150444
25
0.00211287
0.810348
0.0145395
0.0325371
94
0.123808
0.696662
41.7582
0.912873
0.023206
0.29526
57
0.00563395
0.728226
0.0546456
0.358264
89
0.139653
0.091443
74.2687
0.785393
0.0625399
0.105306
23
0.00647018
0.836173
0.0218098
0.274475
59
0.113646
0.923173
84.9626
0.958315
0.0365027
0.363175
1
0.00154281
0.846319
0.065885
0.0834423
7
0.0936066
0.663293
23.3101
0.71181
0.0847723
0.211739
16
0.00226225
0.456635
0.0257444
0.0260352
6
0.109318
0.00662387
67.7345
0.745401
0.0875092
0.322582
64
0.000448227
0.0552173
0.0650748
0.463381
48
0.173147
0.413885
29.0657
0.900978
0.0557451
0.487912
54
0.00125359
0.234651
0.0193518
0.407465
73
0.0812571
0.990658
1.56797
0.836724
0.0892801
0.265218
94
0.00692135
0.715743
0.0626394
0.206114
14
0.191242
0.610716
38.0741
0.807101
0.056969
0.17826
17
0.00258046
0.999101
0.0104344
0.0565534
82
0.181356
0.862563
58.9635
0.813438
0.0287725
0.409094
5
0.00875187
0.971599
0.094764
0.356819
65
0.023155
0.930953
78.2479
0.704272
0.0654698
0.485137
45
0.00668421
0.0572973
0.060946
0.486646
92
0.128735
0.265397
49.47
0.700419
0.026781
0.245715
43
0.00707705
0.0896869
0.0588799
0.309043
12
0.0902571
0.473763
83.856
0.984266
0.0643929
0.471651
79
0.00816778
0.239457
0.0252273
0.243942
86
0.105322
0.779027
56.4329
0.887564
0.0410283
0.12192
10
0.00216036
0.897097
0.0187902
0.40036
11
0.00729228
0.0498765
10.8658
0.986233
0.0698904
0.373556
29
0.000176502
0.817633
0.0554288
0.151238
65
0.116672
0.638131
99.9238
0.842261
0.0474254
0.119868
29
0.00927424
0.793878
0.0758059
0.390074
62
0.18736
0.457381
39.6175
0.768023
0.0355336
0.494141
11
0.0081346
0.768658
0.0475441
0.464512
53
0.0120853
0.790942
59.4226
0.781284
0.0732124
0.170658
36
0.00451565
0.0264703
0.0752624
0.183691
72
0.189602
0.813415
83.0212
0.825994
0.0387841
0.034094
91
0.00514963
0.854089
0.0790317
0.125526
100
0.0554087
0.723206
2.50266
0.754103
0.0691179
0.345718
31
0.00396816
0.310456
0.0582758
0.177977
44
0.00180559
0.192343
35.768
0.879305
0.0391733
0.358738
81
0.00623054
0.511735
0.0812711
0.28418
87
0.0758843
0.482906
20.1201
0.716759
0.0226248
0.393782
72
0.00568519
0.127436
0.0818733
0.143897
92
0.0286267
0.938399
96.4026
0.943744
0.0471441
0.113455
87
0.00080961
0.0803307
0.0738564
0.314435
76
0.0872039
0.143417
38.7458
0.816782
0.0873425
0.349299
77
0.00436658
0.850331
0.0725673
0.491368
10
0.00834962
0.424994
15.1481
0.965227
0.0204148
0.415232
15
0.00365822
0.140583
0.0789814
0.41233
48
0.12589
0.962036
7.12504
0.804758
0.0969285
0.492591
72
0.00279725
0.119011
0.0508021
0.132222
34
0.180168
0.593338
54.6649
0.87613
0.0327687
0.390189
49
0.00146155
0.349577
0.0444809
0.370463
42
0.10674
0.222112
32.5524
0.93129
0.0464221
0.468985
34
0.00915777
0.422599
0.0711637
0.272386
43
0.134303
0.297486
71.7409
0.872157
0.025981
0.439829
65
0.00963128
0.363732
0.0887396
0.195362
73
0.0065524
0.812954
56.8894
0.942628
0.06787
0.00271802
12
0.0042941
0.284424
0.0249668
0.234112
26
0.0173996
0.981064
82.6256
0.890481
0.0841021
0.430619
62
0.00640512
0.946499
0.0494868
0.305574
56
0.0702897
0.118682
47.1164
0.738882
0.0565741
0.136504
37
0.00534995
0.323117
0.0212434
0.137103
28
0.101505
0.411341
16.5215
0.886922
0.0454529
0.0407787
98
0.000949026
0.792907
0.0612586
0.369012
60
0.135368
0.449858
65.9514
0.765141
0.0970059
0.215556
9
0.00837011
0.305907
0.0540036
0.373858
83
0.0497858
0.48675
93.5849
0.861715
0.0781676
0.280773
92
0.00503956
0.604934
0.0902207
0.352545
27
0.165215
0.243073
75.4738
0.914938
0.0633777
0.291006
50
0.00614023
0.519259
0.0267162
0.118096
32
0.0509004
0.752663
4.51657
0.97415
0.026947
0.370129
86
0.00473512
0.875963
0.0339601
0.22343
38
0.0250104
0.0445698
92.5589
0.708956
0.044506
0.138284
56
0.00856609
0.036622
0.056239
0.493657
39
0.167902
0.018252
75.103
0.92876
0.0718347
0.0554022
37
0.00604263
0.678819
0.0328416
0.301105
96
0.155617
0.888446
33.9532
0.825126
0.096125
0.0789234
97
0.00460403
0.591191
0.049672
0.0739497
78
0.117902
0.0556579
66.1696
0.956843
0.0532823
0.227527
11
0.00205375
0.740947
0.016442
0.225977
39
0.171215
0.20386
25.16
0.794578
0.045335
0.162632
80
0.00180959
0.803711
0.0206404
0.243556
13
0.185325
0.974911
64.608
0.870536
0.0729574
0.366863
8
0.00107894
0.90372
0.0985729
0.0482613
97
0.168719
0.902471
14.1792
0.949915
0.0122538
0.133667
54
0.00455236
0.131877
0.0183478
0.420555
57
0.183462
0.654656
72.4861
0.855828
0.0820324
0.0431925
48
0.00782116
0.243942
0.0396368
0.472113
35
0.0454361
0.711862
89.0394
0.838236
0.0649998
0.461801
67
0.0086581
0.188456
0.0666446
0.474695
35
0.186109
0.109273
63.509
0.833729
0.0188249
0.424107
66
0.00488757
0.669247
0.0839523
0.18724
29
0.176515
0.344084
3.53385
0.904577
0.0547335
0.0234311
96
0.00998326
0.565486
0.0968391
0.129825
50
0.160074
0.510707
48.6092
0.926201
0.0991127
0.464205
49
0.00320148
0.493922
0.0350837
0.288807
91
0.10588
0.907747
43.735
0.903268
0.0602367
0.453363
16
0.0069755
0.91399
0.0722276
0.25446
19
0.12998
0.328267
51.7755
0.840185
0.0350539
0.267535
45
0.00629462
0.0113367
0.0280871
0.251757
66
0.00409285
0.69147
85.6983
0.746004
0.0789161
0.386543
64
0.0060255
0.577806
0.0761531
0.0157007
6
0.10054
0.52668
15.9774
0.959983
0.0210782
0.278146
23
0.00753377
0.99028
0.0690825
0.0392884
25
0.194124
0.382791
23.3429
0.919474
0.0200814
0.328389
61
0.00285176
0.409769
0.0704303
0.416735
75
0.170037
0.106512
50.7433
0.896636
0.0100255
0.0969342
99
0.000234678
0.269415
0.0675615
0.174658
63
0.0790911
0.495578
26.8427
0.852866
0.0796393
0.0375897
3
0.00803697
0.908835
0.0780752
0.262285
68
0.152522
0.538839
76.8693
0.843998
0.0775872
0.0751347
61
0.00793397
0.248826
0.0681718
0.138474
99
0.114839
0.284827
46.3807
0.978604
0.0999074
0.0974893
36
0.0097393
0.555555
0.0276544
0.46739
95
0.111696
0.73405
60.4482
0.703901
0.0987678
0.143506
46
0.00166261
0.641529
0.052804
0.418173
55
0.143824
0.676579
88.4871
0.953481
0.0753865
0.325871
75
0.00630833
0.949884
0.0928109
0.395929
58
0.064375
0.848097
29.6183
0.907586
0.0404295
0.459076
85
0.00243356
0.540644
0.0231307
0.087088
62
0.0428067
0.363449
5.45204
0.723123
0.042925
0.242572
18
0.00832321
0.186972
0.0515137
0.227887
80
0.199921
0.705967
91.0834
0.733807
0.0738196
0.318927
22
0.00443357
0.734889
0.0801338
0.430871
68
0.06122
0.885809
25.7701
0.777679
0.0246103
0.114245
67
0.00925732
0.0318627
0.0828121
0.051171
80
0.0778743
0.972233
52.045
0.828085
0.0516284
0.436623
41
0.000128552
0.316375
0.0373127
0.487155
36
0.195912
0.197586
61.2975
0.970502
0.0145856
0.184282
21
0.0038741
0.388864
0.0368315
0.26823
8
0.0492274
0.0794299
89.4203
0.749614
0.0862423
0.377925
96
0.00935056
0.776874
0.0113713
0.237577
70
0.00338143
0.84124
66.8897
0.775135
0.0852184
0.474154
14
0.0088707
0.113625
0.0634279
0.167454
30
0.138035
0.876054
69.6643
0.968584
0.0293799
0.498128
90
0.00298628
0.611248
0.0994181
0.0226009
58
0.196615
0.770515
26.0073
0.85095
0.043554
0.315624
87
0.00663347
0.430796
0.0107802
0.00165214
18
0.0396678
0.0991305
31.8175
0.905443
0.068524
0.206228
27
0.0090142
0.297897
0.0846971
0.257342
9
0.0863631
0.828851
42.601
0.773417
0.0422355
0.441057
99
0.00549297
0.687148
0.0713779
0.428424
41
0.00954126
0.0330467
43.2205
0.879403
0.052253
0.37623
95
0.00384981
0.934963
0.0401304
0.327349
85
0.0413433
0.387481
49.2631
0.883163
0.0890949
0.0867992
70
0.00544009
0.436023
0.083548
0.101572
96
0.0948607
0.520485
87.9214
0.867285
0.0551849
0.311571
65
0.000712789
0.496896
0.0857138
0.067106
46
0.179553
0.622564
6.34943
0.964243
0.0141424
0.273174
4
0.00758688
0.983681
0.0141725
0.278881
16
0.0575637
0.303958
71.0598
0.937987
0.0579184
0.236276
59
0.00333905
0.202546
0.0882428
0.379681
54
0.132391
0.159365
87.1322
0.759246
0.0376406
0.417665
12
0.00873761
0.453179
0.0574694
0.335893
44
0.0679965
0.308328
22.3547
0.810518
0.0945379
0.10318
98
0.000889017
0.072562
0.0699739
0.210015
4
0.0412203
0.87139
61.6218
0.790742
0.0304263
0.298343
38
0.00982844
0.651983
0.0413675
0.446528
2
0.0309919
0.765901
94.2621
0.980064
0.0334242
0.231701
68
0.00231355
0.710839
0.0633395
0.173907
79
0.0273458
0.357536
3.07583
0.734015
0.0320094
0.256612
60
0.00595638
0.0154281
0.0420661
0.203538
64
0.148826
0.758147
36.7078
0.736895
0.0169094
0.197194
48
0.00291978
0.925516
0.0440934
0.441433
10
0.0198754
0.668563
53.7827
0.713093
0.0157995
0.0937519
19
0.00252977
0.401045
0.0935064
0.110049
97
0.11938
0.579191
5.09392
0.753079
0.0612717
0.247981
3
0.000403309
0.329439
0.0406527
0.123269
60
0.053871
0.185479
77.6965
0.797942
0.0916239
0.218264
78
0.00523704
0.382679
0.0385206
0.264575
50
0.162438
0.279376
98.0991
0.783502
0.0670891
0.454656
20
0.0047098
0.105144
0.0909672
0.406614
19
0.0976179
0.6517
84.1345
0.820654
0.0150148
0.410717
55
0.00424599
0.216248
0.0342019
0.0634131
18
0.146564
0.550764
91.8135
0.72177
0.0275161
0.187546
42
0.00726409
0.151941
0.0602432
0.481534
26
0.121826
0.426786
0.254362
0.807995
0.0743025
0.0490323
21
0.00897322
0.886006
0.0742836
0.219794
2
0.141009
0.714036
95.3546
0.750191
0.0220549
0.398355
40
0.00306363
0.873309
0.0268081
0.232495
15
0.036065
0.151037
73.1048
0.99601
0.0510204
0.354168
27
0.00675378
0.721263
0.0621775
0.449219
41
0.144753
0.957729
12.3683
0.864201
0.0531885
0.353067
75
0.00327032
0.00376432
0.0465353
0.155728
98
0.142576
0.999186
36.4522
0.79685
0.0504288
0.333686
74
0.0084894
0.893124
0.0825868
0.0447142
17
0.059475
0.269715
19.2197
0.831355
0.0415437
0.0293807
70
0.000339214
0.655614
0.0807588
0.0895923
74
0.0114555
0.732347
28.1468
0.727103
0.0760209
0.061832
82
0.00199981
0.172622
0.0522812
0.187552
61
0.017026
0.796032
95.1715
