0.971115
0.0065214
0.26178
81
0.00250553
0.687487
0.0685012
0.170371
36
0.0210066
0.565395
70.4888
0.993618
0.0044018
0.201324
80
0.00287249
0.465023
0.0626737
0.0502623
5
0.108652
0.883748
47.0587
0.958763
0.00263703
0.118211
18
0.00393577
0.737455
0.0331804
0.354985
36
0.0153668
0.0574503
99.89
0.983886
0.00415897
0.115817
48
0.00927942
0.240352
0.0566812
0.26211
24
0.051606
0.276959
41.3025
0.976244
0.00112923
0.107117
27
0.00482419
0.961812
0.0768169
0.131793
70
0.0736217
0.670465
67.9255
0.979517
0.00367169
0.175481
96
0.00284778
0.594842
0.0572247
0.0539844
98
0.0728677
0.414037
57.5673
0.953214
0.00343258
0.102643
12
0.00173423
0.547756
0.0641954
0.0722489
53
0.0958059
0.372889
70.6477
0.989008
0.00303095
0.223668
9
0.00104191
0.598641
0.0576899
0.388874
46
0.085124
0.472349
47.4675
0.972603
0.00855279
0.422001
44
0.00244352
0.525958
0.0339556
0.00849188
67
0.00954831
0.820781
57.9963
0.959489
0.00845309
0.132881
47
0.00163724
0.320487
0.0440587
0.0598702
12
0.0535435
0.700432
49.0894
0.994052
0.00769229
0.25849
9
0.00151844
0.839248
0.0210299
0.451022
66
0.0835215
0.584318
21.0853
0.99988
0.0036337
0.105577
28
0.00512538
0.39812
0.0931982
0.15434
87
0.101351
0.182603
40.8723
0.978784
0.00680171
0.181029
79
0.00306631
0.992918
0.0561569
0.495515
92
0.177627
0.992914
61.4691
0.978147
0.00999853
0.279153
75
0.000585516
0.217051
0.097231
0.329271
4
0.00401526
0.527778
80.0807
0.97918
0.0017439
0.0101751
27
0.00303577
0.580657
0.0528981
0.234684
82
0.0100254
0.268517
63.7097
0.952801
0.00564896
0.288277
23
0.00406394
0.11604
0.0229836
0.233341
35
0.0233996
0.862126
58.8753
0.969958
0.00767487
0.420105
98
0.00349312
0.518526
0.0531997
0.42608
84
0.0240103
0.102857
7.2919
0.967024
0.00194943
0.176042
24
0.00255943
0.942223
0.0584216
0.456586
85
0.0795714
0.390846
35.2647
0.952946
0.00743153
0.128451
12
0.0090131
0.592612
0.0198552
0.213876
25
0.0184912
0.531206
43.212
0.9623
0.00762273
0.268698
31
0.00303017
0.28144
0.0850916
0.400286
3
0.0910169
0.034439
65.5715
0.98141
0.00509638
0.496226
20
0.000468075
0.428393
0.0696402
0.131075
39
0.00562713
0.00861664
75.1639
0.976767
0.00703753
0.313115
39
0.00979555
0.106837
0.034713
0.389989
44
0.0358079
0.783745
78.5662
0.960499
0.00784897
0.460792
65
0.00840408
0.388174
0.0743061
0.0349557
51
0.182707
0.636935
20.0557
0.951025
0.00333222
0.497016
70
0.00707493
0.361939
0.0370709
0.329833
35
0.0261787
0.164668
9.14924
0.985066
0.00297275
0.0122923
94
0.00702232
0.00691689
0.0678651
0.279014
16
0.0756559
0.716751
75.377
0.963381
0.0047933
0.0478577
51
0.000622995
0.972804
0.0192516
0.280533
24
0.0162352
0.0508582
58.6323
0.991403
0.00105606
0.0303563
87
0.00746874
0.643871
0.0912306
0.0974923
40
0.168029
0.352981
60.6628
0.950825
0.00592885
0.211138
94
0.00204559
0.223465
0.0750814
0.252349
85
0.0812044
0.204972
94.3098
0.965636
0.00117986
0.0556948
37
0.00532558
0.853284
0.0613767
0.468286
72
0.14881
0.749287
52.4135
0.982214
0.00641311
0.37369
91
0.00528991
0.246475
0.0288672
0.0742289
27
0.00852505
0.954818
58.2481
0.981934
0.00526593
0.0289847
89
0.000860576
0.869513
0.0415315
0.024608
24
0.19841
0.234034
42.7122
0.985755
0.00521749
0.302937
20
0.00762014
0.562685
0.0322555
0.159106
3
0.169088
0.34373
25.148
0.976479
0.00961413
0.094033
73
0.00791415
0.684585
0.0786098
0.122673
31
0.138622
0.845202
8.96486
0.990022
0.00678809
0.16627
12
0.00446495
0.623791
0.063284
0.19475
57
0.0254194
0.290429
42.8695
0.970719
0.00814854
0.408449
64
0.00695776
0.782486
0.0759296
0.403971
34
0.0301159
0.600753
2.89566
0.954303
0.00967257
0.192229
97
0.00308071
0.649197
0.0571473
0.244146
95
0.0206658
0.539643
72.4579
0.970996
0.00923067
0.32645
9
0.0069813
0.0616187
0.0234552
0.242842
55
0.0935537
0.675459
96.2248
0.973443
0.00201119
0.498726
74
0.00838131
0.0483313
0.0425607
0.465244
82
0.118582
0.940495
36.3374
0.9906
0.00314408
0.396416
11
0.00386129
0.277205
0.0176971
0.141093
45
0.098753
0.972243
23.3148
0.991723
0.0078847
0.254099
49
0.00904673
0.727486
0.0451107
0.140318
25
0.0997619
0.508757
56.9167
0.981551
0.008919
0.154484
24
0.00967889
0.646084
0.0734635
0.0520877
4
0.165862
0.663659
81.1747
0.98518
0.00928058
0.171311
17
0.00504797
0.129837
0.0268063
0.0277691
13
0.173879
0.0205526
41.7893
0.991662
0.00131068
0.343224
73
0.000769281
0.166602
0.0390482
0.275419
14
0.191513
0.08003
93.3065
0.961796
0.00149448
0.314354
95
0.00317927
0.641282
0.0325281
0.0517273
84
0.145219
0.658936
45.0924
0.964735
0.00126558
0.00920811
85
0.00528438
0.312295
0.0246875
0.3945
14
0.0648024
0.144169
23.4304
0.972137
0.00245217
0.454341
95
0.00700675
0.0022314
0.0773219
0.483197
5
0.195855
0.892106
59.5612
0.963277
0.0018946
0.00413012
4
0.0066742
0.723191
0.0425954
0.257018
23
0.162264
0.533692
97.7202
0.982157
0.00711813
0.346426
83
0.0081846
0.771808
0.0101934
0.325879
89
0.0823307
0.214383
27.7036
0.986798
0.00309636
0.152378
24
0.000513612
0.635477
0.0387831
0.442123
74
0.0828994
0.322995
89.497
0.964556
0.00764665
0.221151
30
0.00579467
0.343817
0.0491472
0.440443
43
0.173005
0.998052
44.7424
0.991953
0.00492386
0.131371
18
0.00168106
0.997156
0.0189353
0.233836
77
0.160829
0.55015
86.038
0.969492
0.00663909
0.151471
39
0.00811361
0.1043
0.091627
0.0981806
17
0.0858124
0.919213
66.219
0.987863
0.00490189
0.49414
62
0.00560528
0.405711
0.0691599
0.338745
79
0.0120339
0.796213
24.8696
0.999704
0.00293322
0.0961855
75
0.00908838
0.426799
0.0253853
0.247937
32
0.145041
0.21309
11.5323
0.964172
0.00150527
0.0525784
100
0.00537351
0.405161
0.0328439
0.387344
45
0.102597
0.138973
1.21574
0.973971
0.00637851
0.126258
57
0.00286262
0.0865906
0.039281
0.133486
10
0.0826633
0.0920118
91.3725
0.965418
0.00610917
0.118976
29
0.00911222
0.110711
0.0304688
0.48897
49
0.150857
0.220193
62.2291
0.956302
0.00300405
0.156987
88
0.000338229
0.958572
0.0251977
0.45366
77
0.0733622
0.427648
34.3968
0.992737
0.00257858
0.299536
52
0.00422811
0.328313
0.0959926
0.345115
75
0.149356
0.678114
10.1947
0.977758
0.00468082
0.146144
58
0.00476132
0.271552
0.0741196
0.458946
24
0.103734
0.873437
18.1448
0.984177
0.00135524
0.480392
80
0.00743204
0.254302
0.0384879
0.013221
96
0.0970562
0.388787
83.6794
0.975938
0.00607771
0.324182
42
0.0044334
0.210773
0.0414553
0.187087
91
0.148203
0.065092
32.7879
0.954985
0.00813172
0.400406
70
0.000443665
0.742611
0.0898503
0.0390572
29
0.0754236
0.259859
36.1847
0.951921
0.00725177
0.101785
54
0.00548596
0.838062
0.097491
0.143136
32
0.0401873
0.248869
86.2142
0.966811
0.00310791
0.448935
3
0.00074185
0.73605
0.0859815
0.339784
52
0.160266
0.0227745
67.0532
0.980901
0.00642543
0.316575
36
0.000846702
0.54308
0.0672657
0.486483
54
0.0916873
0.762902
89.7875
0.954629
0.0069646
0.250139
51
0.00765908
0.509013
0.0575151
0.0651507
28
0.0472873
0.69022
5.26945
0.983307
0.00243856
0.287266
48
0.00510035
0.897433
0.092658
0.10028
96
0.0608334
0.750776
63.8916
0.999406
0.00159673
0.0665808
98
0.00690527
0.813996
0.0918335
0.454539
38
0.189529
0.710197
30.3633
0.997812
0.00834532
0.155479
14
0.0019557
0.696981
0.0131829
0.436473
62
0.126511
0.669484
75.597
0.975681
0.00824999
0.488707
86
0.00125391
0.0552329
0.0155614
0.196215
26
0.140558
0.294849
23.8932
0.951856
0.00579421
0.423432
27
0.00662688
0.483965
0.0669997
0.466948
31
0.157792
0.396543
98.8799
0.984043
0.00769655
0.277843
62
0.00584984
0.12619
0.067426
0.056953
66
0.0218141
0.283153
21.3917
0.968033
0.00841907
0.341844
61
0.00758369
0.721085
0.0621464
0.415609
31
0.132961
0.841026
18.3775
0.989285
0.0096807
0.251135
22
0.00872719
0.153986
0.0810528
0.473213
17
0.107369
0.934885
47.7956
0.993839
0.00705136
0.205944
48
0.00988461
0.955941
0.0740326
0.0224462
70
0.147593
0.341961
35.6718
0.984733
0.00903581
0.301181
56
0.00478494
0.432929
0.0412697
0.0206124
19
0.129347
0.741685
65.9909
0.997442
0.00974319
0.3182
35
0.00563161
0.747262
0.0277233
0.247474
29
0.0725627
0.501359
45.8678
0.977247
0.00102854
0.486113
33
0.00820768
0.742137
0.0394602
0.228299
60
0.038251
0.456703
53.1785
0.972525
0.0026154
0.398375
69
0.00391561
0.936589
0.0603173
0.347806
78
0.0273717
0.0584308
56.491
0.964423
0.00756538
0.478102
53
0.00174396
0.975026
0.0564296
0.19451
59
0.0486956
0.503792
78.6954
0.969858
0.00724315
0.143049
40
0.00876525
0.740377
0.0144683
0.0775023
39
0.170784
0.880918
40.5435
0.986135
0.00236682
0.491416
95
0.00218689
0.93975
0.0526786
0.393018
10
0.0192193
0.162316
25.3196
0.995157
0.00282512
0.473859
1
0.00599801
0.423597
0.0279711
0.46117
41
0.0483139
0.316991
92.5202
0.958193
0.00818172
0.184893
99
0.00138179
0.206251
0.0735784
0.167379
59
0.11995
0.982505
8.3821
0.994344
0.00128371
0.167313
10
0.00614993
0.384876
0.065415
0.287878
33
0.158858
0.910075
81.7717
0.953634
0.0069513
0.0564086
60
0.0015576
0.479227
0.0464583
0.119924
15
0.105991
0.715061
84.3169
0.979238
0.00456365
0.245473
33
0.00710282
0.145494
0.0833273
0.0322228
94
0.0750632
0.257291
9.79549
0.995027
0.00658338
0.2613
83
0.00789046
0.349886
0.0702945
0.0780242
93
0.0415524
0.377252
20.6413
0.964342
0.00746389
0.353644
97
0.0022346
0.678237
0.04313
0.0764108
90
0.0595054
0.418298
71.5444
0.999674
0.00701705
0.0372957
75
0.00223912
0.627687
0.0593543
0.12355
23
0.150153
0.965875
95.5999
0.980201
0.00241689
0.0879909
65
0.00551272
0.477767
0.0869578
0.245163
89
0.110406
0.632019
87.8127
0.983006
0.00385979
0.191304
43
0.00516711
0.761101
0.0185559
0.0992324
4
0.175876
0.278265
90.7695
0.96673
0.00531949
0.236131
2
0.00346434
0.393075
0.0501928
0.198455
38
0.197649
0.00696997
7.59225
0.985983
0.00919427
0.281783
16
0.00941617
0.329407
0.0848546
0.320107
26
0.125542
0.00506306
4.04457
0.992911
0.001466
0.0600592
5
0.0032869
0.516399
0.0498215
0.358213
37
0.139055
0.335697
60.2483
0.989622
0.00930578
0.470734
17
0.00200975
0.778478
0.0930688
0.188477
76
0.0972073
0.870443
27.1614
0.99228
0.00639669
0.452794
58
0.00723235
0.685766
0.0453366
0.172208
39
0.0172198
0.462185
38.783
0.977448
0.00503567
0.352526
15
0.00674865
0.168589
0.0434597
0.00989028
34
0.170985
0.913576
19.2939
0.957491
0.006339
0.0772362
67
0.00713768
0.607622
0.0855419
0.149293
98
0.0885004
0.602561
43.1855
0.99037
0.00176831
0.0155121
6
0.0077121
0.407606
0.0794714
0.116116
83
0.0777536
0.958221
96.5204
0.994969
0.0034582
0.0438221
93
0.00932206
0.895128
0.0152073
0.108735
45
0.115767
0.124251
36.8738
0.972857
0.00158841
0.230836
77
0.0040062
0.927156
0.0549884
0.087568
21
0.0503825
0.843599
6.15455
0.957047
0.00995372
0.326186
59
0.00387758
0.966432
0.0494572
0.107168
52
0.146898
0.141014
23.7937
0.955604
0.00918049
0.196829
12
0.00705558
0.640311
0.0978323
0.427716
59
0.0541945
0.909242
2.20758
0.963172
0.00934508
0.0397697
84
0.000123573
0.931724
0.0377146
0.492428
6
0.123474
0.0437282
73.5818
0.970049
0.00246221
0.447198
90
0.00381783
0.924487
0.096604
0.401653
25
0.00114215
0.47795
3.78551
0.990803
0.00829008
0.407663
21
0.00188461
0.900084
0.0239502
0.335801
62
0.0137966
0.0419017
88.3866
0.961094
0.00910444
0.228022
23
0.00665605
0.140207
0.0417226
0.258061
47
0.16316
0.0969555
17.7785
0.988277
0.00295588
0.435281
27
0.00995042
0.196553
0.0406567
0.15155
15
0.0344083
0.758257
4.3951
0.952236
0.00849635
0.0445404
66
0.00439094
0.841317
0.0771994
0.0713496
43
0.137744
0.129998
48.0418
0.96734
0.00685549
0.210237
57
0.000649037
0.181576
0.0718851
0.364945
10
0.178555
0.644378
82.5449
0.999226
0.00655678
0.492019
49
0.00880784
0.448648
0.0812608
0.449942
87
0.00705253
0.651796
6.50079
0.954274
0.0022841
0.308374
16
0.00487033
0.785101
0.0337839
0.484489
29
0.184576
0.525559
56.7314
0.963074
0.0071818
0.188186
13
0.000391025
0.916342
0.0747795
0.0309412
32
0.192653
0.787001
13.8035
0.97129
0.00487235
0.00268095
49
0.00687042
0.485656
0.016329
0.142237
49
0.0258096
0.638738
47.2567
0.986442
0.00871153
0.384662
16
0.00893216
0.985879
0.0714236
0.288474
11
0.0353585
0.445262
40.1612
0.974719
0.00437558
0.109322
19
0.00842433
0.435365
0.0943335
0.362869
21
0.105592
0.027028
61.3337
0.990546
0.00675143
0.34802
63
0.00420207
0.775641
0.04193
0.211085
43
0.197282
0.719512
38.0426
0.953054
0.0055642
0.164386
41
0.000999698
0.173517
0.0116419
0.0701791
37
0.153508
0.0442532
14.5856
0.980025
0.00893227
0.0846565
10
0.00878079
0.902039
0.0313959
0.261104
36
0.128344
0.752423
3.44625
0.99023
0.00403281
0.188667
41
0.00460087
0.433287
0.0732774
0.0370793
47
0.151208
0.689675
10.791
0.963877
0.00722537
0.309032
84
0.000230146
0.661208
0.0324872
0.20116
27
0.0711908
0.298995
12.3536
0.956242
0.00325726
0.122312
43
0.00432872
0.681803
0.0755244
0.269281
94
0.106247
0.0553483
27.2396
0.997225
0.0010152
0.321924
67
0.00605611
0.182545
0.0951681
0.341899
64
0.149835
0.777748
51.0377
0.988621
0.00647628
0.482074
86
0.00980357
0.79245
0.0864367
0.41147
34
0.152964
0.82347
85.003
0.995653
0.0052327
0.238042
94
0.00555835
0.982252
0.0969154
0.13972
36
0.0506064
0.976589
15.3477
0.987758
0.00589934
0.297305
39
0.00608482
0.108144
0.0888449
0.105087
43
0.0556101
0.0874987
5.08516
0.954017
0.00988342
0.440085
47
0.00727773
0.503481
0.0359789
0.481927
6
0.103004
0.329971
28.6368
0.974917
0.00737822
0.121559
18
0.00993005
0.453076
0.0448767
0.409456
7
0.0196815
0.896627
73.2278
0.977824
0.00921402
0.483085
82
0.00348285
0.807306
0.0156842
0.0750869
41
0.101689
0.206697
80.7125
0.960207
0.00517375
0.469573
42
0.00518178
0.699849
0.0839214
0.0612387
1
0.0130091
0.296462
0.49884
0.970588
0.00798645
0.328913
21
0.00929209
0.0758681
0.0161743
0.0306319
71
0.00259633
0.950184
88.9176
0.989751
0.00887971
0.235089
61
0.000985643
0.157742
0.0342789
0.489342
53
0.111406
0.888769
27.9302
0.987125
0.00337075
0.122775
78
0.00681811
0.671982
0.0373715
0.499164
65
0.0900459
0.384875
29.5724
0.975356
0.00214218
0.416015
53
0.00658805
0.185838
0.0206372
0.350201
34
0.000602031
0.869716
34.4418
0.959728
0.00828262
0.141805
47
0.0059709
0.248016
0.0428744
0.0461893
66
0.187437
0.13233
76.9359
0.99595
0.00287523
0.262636
69
0.00834104
0.602857
0.0349513
0.408552
68
0.143047
0.635614
50.4686
0.967144
0.00572801
0.331691
49
0.00664594
0.270941
0.0873336
0.200599
72
0.0606194
0.567298
96.6465
0.992415
0.00221583
0.254683
16
0.00292275
0.115628
0.0547474
0.259812
89
0.0478256
0.790643
79.1888
0.985232
0.00837856
0.205427
73
0.00831176
0.318526
0.0456166
0.447458
25
0.0569018
0.0119529
31.1805
0.971531
0.00215341
0.161732
88
0.00862174
0.526976
0.066699
0.0269226
90
0.0246335
0.265048
48.8507
0.998267
0.00459752
0.0570246
1
0.00217411
0.826398
0.0934267
0.494523
77
0.13385
0.466044
63.1423
0.984641
0.00521064
0.0259665
98
0.00719073
0.284917
0.0273421
0.082405
96
0.0539265
0.814524
32.9108
0.959067
0.00255426
0.00743322
53
0.00390106
0.336385
0.070023
0.267865
8
0.134632
0.51267
26.0125
0.951115
0.00844543
0.41757
41
0.00209198
0.752878
0.0704763
0.0537445
86
0.127353
0.987859
20.9945
0.993789
0.00691549
0.280476
51
0.00435122
0.766162
0.0536639
0.0177074
12
0.0181667
0.484171
55.7336
0.963467
0.00304254
0.12723
83
0.00997554
0.11914
0.0438488
0.42905
2
0.0863457
0.172196
4.59631
0.976587
0.00285234
0.168262
5
0.00630403
0.113415
0.0196903
0.212691
22
0.181877
0.101521
76.2882
0.952423
0.00396522
0.493575
6
0.0060385
0.0652806
0.0639025
0.161592
67
0.193681
0.932701
69.2507
0.97065
0.0080418
0.0953012
29
0.00721608
0.465355
0.0123358
0.370479
55
0.184054
0.383495
44.5333
0.993372
0.00864818
0.0529811
35
0.00521298
0.850056
0.0150323
0.0102179
45
0.116147
0.174721
86.6664
0.950423
0.00480244
0.207843
33
0.00799458
0.165335
0.0396038
0.0437993
88
0.00607143
0.646466
78.9027
0.972491
0.0054948
0.453216
83
0.00181423
0.852262
0.0569137
0.444544
57
0.0663288
0.439767
5.61679
0.995415
0.00868219
0.208942
52
0.00687956
0.557264
0.0125255
0.479166
41
0.0127066
0.0464489
89.2855
0.955537
0.0078625
0.391359
72
0.00229106
0.399222
0.0979062
0.475662
55
0.0236755
0.232835
34.0806
0.996786
0.00851932
0.438753
70
0.00741053
0.662861
0.0332872
0.36349
65
0.161767
0.969732
39.2204
0.9915
0.00432417
0.111757
46
0.00962662
0.0156693
0.0505077
0.490384
50
0.169473
0.860028
5.86667
0.997198
0.00414256
0.0763223
84
0.00072733
0.301383
0.0875801
0.130572
16
0.10891
0.0160825
65.2883
0.979884
0.00840829
0.382742
22
0.00494419
0.892361
0.0480842
0.349163
88
0.00216292
0.355406
20.5417
0.968556
0.00808219
0.290441
46
0.0095635
0.0804811
0.0615234
0.407646
27
0.0215287
0.76747
28.0705
0.97688
0.00957173
0.193137
68
0.00835698
0.0466593
0.0367822
0.38595
4
0.155748
0.854257
47.846
0.98895
0.00400145
0.356266
7
0.00726207
0.617994
0.094658
0.346002
97
0.050855
0.394655
19.849
0.975545
0.00626557
0.472759
40
0.00891922
0.819133
0.0399913
0.331802
9
0.184849
0.725171
91.906
0.967696
0.00114554
0.288557
4
0.00404594
0.286313
0.0661438
0.37727
27
0.0349328
0.755825
49.6351
0.977324
0.00254782
0.182107
25
0.00435878
0.989248
0.0380787
0.162726
65
0.187022
0.506621
46.1362
0.986686
0.00980847
0.10628
64
0.00107737
0.0781042
0.0107721
0.0342234
27
0.00473831
0.607825
14.2927
0.994187
0.00697925
0.0197018
6
0.000365607
0.537534
0.0235531
0.15732
20
0.0373904
0.475102
11.893
0.973886
0.00495569
0.0588952
55
0.00946924
0.626444
0.0980426
0.263905
36
0.135541
0.146339
0.974301
0.952538
0.00589005
0.242797
83
0.00210251
0.209013
0.0656186
0.254074
91
0.0296267
0.874082
95.9455
0.987305
0.00469129
0.403199
69
0.00182704
0.657904
0.0921413
0.474442
66
0.155137
0.948711
76.5923
0.993489
0.00943441
0.360307
96
0.00793505
0.313877
0.0483888
0.2176
44
0.136602
0.966168
70.8561
0.996699
0.00667734
0.264061
72
0.00807419
0.534973
0.0311094
0.382263
8
0.192185
0.83145
49.3389
0.985829
0.00571086
0.266187
51
0.0044507
0.501057
0.0862029
0.470212
31
0.0946844
0.195555
6.65339
0.979422
0.00506121
0.413244
94
0.00540078
0.887824
0.0167533
0.455382
18
0.167081
0.105725
18.8773
0.99631
0.00980186
0.00577742
94
0.00240385
0.584617
0.0228042
0.496946
11
0.132628
0.12153
97.049
0.961121
0.0038273
0.137244
11
0.00881433
0.92888
0.0592896
0.322777
97
0.0341553
0.454009
54.2878
0.965542
0.00811099
0.21465
22
0.00102609
0.673525
0.0588448
0.0935336
59
0.163637
0.975308
99.5864
0.957601
0.00594258
0.0705328
78
0.00333078
0.615038
0.0401099
0.43213
16
0.158111
0.126622
93.9544
0.967289
0.00148283
0.212703
71
0.00546223
0.875125
0.0859497
0.383292
38
0.0551948
0.692538
97.3405
0.992686
0.00838273
0.212324
38
0.00943604
0.915057
0.0337179
0.399858
93
0.071498
0.196175
17.9917
0.953312
0.00993412
0.331119
76
0.00638755
0.769056
0.0145597
0.315128
30
0.144258
0.216539
43.5456
0.953889
0.00368862
0.0284366
75
0.0012932
0.050494
0.0159704
0.0331338
51
0.194276
0.721997
85.3425
0.950036
0.0093847
0.174638
41
0.00323204
0.678743
0.0216003
0.0854894
81
0.112465
0.59253
30.7363
0.967947
0.00584912
0.161248
61
0.00150332
0.0979437
0.0525361
0.266312
11
0.0271486
0.978575
13.4989
0.98654
0.00735691
0.173495
36
0.004617
0.339956
0.0776512
0.226498
60
0.166224
0.614869
75.7802
0.979022
0.00133302
0.0871712
78
0.00874224
0.120793
0.0842464
0.13394
26
0.0321994
0.364168
55.8902
0.964609
0.00452029
0.236703
96
0.00812591
0.957614
0.059134
0.457834
42
0.114814
0.0882237
71.6211
0.978957
0.00783872
0.107962
45
0.00299979
0.555263
0.0891443
0.221475
11
0.0527741
0.492066
37.8201
0.976609
0.00773609
0.215958
34
0.00279218
0.234236
0.0318808
0.150179
76
0.0597379
0.56178
86.9267
0.966363
0.00187657
0.442247
26
0.0096852
0.860111
0.0682426
0.0950027
93
0.124648
0.0665142
81.8567
0.962817
0.00612984
0.219512
20
0.00399951
0.212788
0.0544226
0.063283
28
0.0893761
0.905475
40.3185
0.96664
0.0043465
0.247783
35
0.0051363
0.43102
0.0214988
0.305067
62
0.0179508
0.432515
39.9467
0.996468
0.0088096
0.312062
90
0.00293771
0.514382
0.0637897
0.487981
90
0.0220024
0.43421
24.4707
0.990186
0.0025016
0.0253855
39
0.00121638
0.767494
0.0552333
0.296265
22
0.199319
0.654554
94.9145
0.987998
0.00211468
0.363375
38
0.00584028
0.889737
0.03549
0.1113
69
0.162429
0.827021
29.3787
0.956143
0.00307635
0.0648104
37
0.0081488
0.508413
0.0231505
0.0804113
58
0.00979577
0.0691382
32.5404
0.978075
0.00420226
0.0357658
92
0.000664783
0.203025
0.0892239
0.323731
22
0.110029
0.907136
93.65
0.982774
0.00881644
0.481132
30
0.009137
0.469433
0.0153635
0.377096
9
0.160412
0.956661
52.0409
0.982536
0.00578749
0.449955
6
0.00770014
0.239412
0.0606119
0.435732
17
0.135102
0.461162
74.6619
0.999049
0.00392136
0.476282
76
0.00475064
0.121767
0.058106
0.104611
71
0.0464671
0.349423
90.0692
0.971305
0.00940907
0.394454
16
0.00651855
0.373609
0.0907841
0.00328419
8
0.120313
0.171974
91.094
0.966171
0.00267595
0.0628267
91
0.00154055
0.471249
0.0679661
0.479008
68
0.0266162
0.436642
48.7535
0.996012
0.00122262
0.13872
32
0.0035845
0.56331
0.0533663
0.296727
8
0.0281499
0.222326
44.3861
0.988409
0.00551931
0.479109
15
0.00736673
0.90482
0.0782741
0.114986
4
0.0309179
0.425898
98.7931
0.969528
0.00618865
0.247195
85
0.00756419
0.963446
0.0695157
0.438188
73
0.167714
0.848601
85.7335
0.992896
0.00192218
0.21769
32
0.00311564
0.777969
0.0241889
0.184526
95
0.0811904
0.683807
42.1429
0.975736
0.00411562
0.0493174
63
0.0063499
0.0576245
0.0944492
0.463352
35
0.107806
0.226861
1.03852
0.968777
0.00423709
0.283744
41
0.00458871
0.669684
0.0134627
0.146344
26
0.0675237
0.0391186
36.5692
0.968609
0.00826173
0.248987
32
0.0070458
0.244309
0.0363947
0.236992
86
0.159876
0.487298
33.5504
0.973097
0.00168733
0.0330353
25
0.00803807
0.729193
0.0817099
0.359152
33
0.173291
0.833709
55.5803
0.987248
0.00833002
0.315366
99
0.00985732
0.0123489
0.0708041
0.249438
7
0.0424683
0.134465
59.8569
0.960651
0.00823259
0.386337
63
0.0095095
0.805448
0.098537
0.359411
97
0.109859
0.937137
30.0656
0.993589
0.00946207
0.264595
8
0.00574209
0.495341
0.0489085
0.414522
33
0.168511
0.58364
26.2558
0.989826
0.00778723
0.390597
46
0.00298344
0.881882
0.0224851
0.263167
71
0.0797463
0.200528
74.4319
0.996197
0.00109569
0.0510261
22
0.00227602
0.174216
0.0556093
0.434903
73
0.179026
0.0321783
69.6447
0.969129
0.00186007
0.337616
67
0.0065562
0.0448827
0.0804595
0.452741
61
0.138037
0.808101
78.0375
0.956871
0.00550319
0.375557
31
0.00660034
0.666682
0.0958206
0.255615
74
0.0923633
0.70681
91.7416
0.990491
0.00976962
0.245869
80
0.00826257
0.44648
0.010409
0.397131
77
0.0289651
0.876966
42.5117
0.960701
0.00518788
0.257387
73
0.00119987
0.124026
0.0187255
0.129105
29
0.196033
0.916333
21.9817
0.978403
0.00427809
0.0637509
51
0.00909708
0.659036
0.0716271
0.0696558
53
0.0135761
0.338827
2.78276
0.969355
0.0086272
0.476014
68
0.00801652
0.883699
0.0919938
0.236389
43
0.0430951
0.864342
84.7537
0.974379
0.00312492
0.179341
90
0.000142481
0.0317873
0.080075
0.12715
52
0.00659055
0.42148
28.8576
0.95856
0.00621671
0.452068
19
0.000407776
0.703531
0.0697713
0.0254525
36
0.0284069
0.921916
81.5169
0.965191
0.00181789
0.307071
60
0.00191089
0.999368
0.0263249
0.226713
62
0.0409477
0.402504
77.5986
0.993298
0.0032729
0.164752
58
0.00644523
0.213852
0.0897101
0.0285813
45
0.0387691
0.281492
29.7412
0.983548
0.00130276
0.194937
99
0.00649302
0.20048
0.0895063
0.281778
100
0.124261
0.76424
9.43948
0.961567
0.0079028
0.427689
91
0.00271787
0.378822
0.074842
0.366954
79
0.147808
0.555072
81.2764
0.973688
0.00848047
0.0617171
14
0.00140733
0.16011
0.0501023
0.368995
54
0.027983
0.990384
24.3385
0.995307
0.0066235
0.0131283
55
0.00576143
0.224437
0.0208019
0.443957
33
0.198297
0.728081
53.8815
0.956789
0.0089953
0.383364
87
0.00202388
0.136017
0.0884176
0.31054
44
0.0032623
0.616624
3.01078
0.999919
0.00374258
0.459794
84
0.00251583
0.923081
0.0147632
0.225484
82
0.0545179
0.0291924
11.2762
0.996557
0.00615775
0.489684
93
0.00418941
0.468364
0.0281775
0.313596
17
0.0915367
0.652612
31.8845
0.989527
0.00453471
0.150087
38
0.00885032
0.0324162
0.0600369
0.293336
68
0.0876815
0.648024
66.8818
0.95458
0.00376215
0.177068
93
0.0073476
0.532315
0.0973889
0.368022
95
0.134248
0.177073
66.0284
0.986275
0.00219627
0.471626
91
0.0056667
0.918169
0.060145
0.128601
12
0.183314
0.67349
33.3493
0.978883
0.00502868
0.266658
65
0.00187915
0.169683
0.0408488
0.241037
47
0.167361
0.516623
54.4201
0.968194
0.00726932
0.0895357
42
0.00559107
0.862607
0.0767724
0.113462
17
0.0702589
0.152855
67.3592
0.990963
0.00171196
0.467775
58
0.00376582
0.414035
0.0488731
0.395688
56
0.101062
0.774318
60.814
0.958005
0.00606564
0.336901
13
0.00424828
0.632295
0.0127241
0.068296
91
0.0790908
0.89002
94.0996
0.957719
0.00573751
0.298973
34
0.00296372
0.879454
0.0822423
0.171533
78
0.0572961
0.805061
6.97651
0.965047
0.00861059
0.490399
15
0.00591155
0.289748
0.0866543
0.270506
20
0.0116071
0.630542
25.9708
0.960915
0.00927554
0.4309
24
0.0069364
0.789412
0.0880334
0.0453475
80
0.123858
0.109306
31.4503
0.968441
0.00457971
0.455124
45
0.00773498
0.707995
0.0166146
0.135777
7
0.121002
0.422111
46.9651
0.954416
0.00161253
0.146881
81
0.004666
0.606274
0.0139525
0.217346
90
0.154069
0.107774
2.15349
0.979366
0.00732798
0.333657
23
0.00999736
0.0924258
0.0124111
0.205751
54
0.0852154
0.275607
87.131
0.957994
0.00298579
0.44131
87
0.00382276
0.292106
0.0874772
0.293889
52
0.103274
0.413455
7.62861
0.955402
0.00560258
0.156404
52
0.00919937
0.0828454
0.0492658
0.41035
41
0.0158013
0.333868
24.022
0.958656
0.00528491
0.14384
3
0.000775955
0.0292773
0.0356331
0.0212347
82
0.0165821
0.00266117
79.9904
0.984838
0.00831726
0.466948
70
0.00621581
0.29351
0.0609552
0.189182
37
0.118194
0.574392
38.3712
0.988033
0.00587092
0.425478
28
0.00440626
0.190338
0.035296
0.239367
53
0.0774938
0.0717086
41.177
0.964938
0.00472471
0.388338
57
0.00618628
0.198191
0.0683491
0.433126
19
0.0993626
0.773667
46.362
0.981835
0.00281755
0.444374
45
0.00937431
0.0998826
0.0989838
0.467504
56
0.171793
0.142279
44.9691
0.955164
0.00748135
0.198802
50
0.000874984
0.950711
0.0300463
0.208765
60
0.0439256
0.266976
68.7084
0.959188
0.00441974
0.0482139
22
0.0045718
0.82938
0.023833
0.482785
35
0.0686441
0.704173
95.7557
0.97618
0.00430547
0.273567
34
0.0054146
0.665085
0.062864
0.173949
71
0.130208
0.879609
1.75409
0.984244
0.00118257
0.293595
1
0.00589646
0.443324
0.0630951
0.112601
41
0.113436
0.505518
96.9943
0.963577
0.00568963
0.129566
59
0.000239895
0.968255
0.0770246
0.117654
23
0.0693434
0.380169
92.8459
0.962327
0.00752449
0.0463582
96
0.00322594
0.759239
0.0846624
0.352429
5
0.181428
0.313005
90.3749
0.954113
0.00200666
0.0143806
9
0.00863504
0.133963
0.036553
0.157768
93
0.145867
0.150393
71.0495
0.958257
0.00706645
0.275881
66
0.00499793
0.0664445
0.0662664
0.2199
72
0.0742425
0.746203
39.6379
0.969647
0.00409884
0.35172
28
0.00450956
0.279019
0.0746058
0.147115
2
0.18034
0.48343
54.1458
0.98538
0.00335754
0.190089
32
0.00715074
0.763656
0.0814625
0.297805
38
0.00536875
0.778419
85.9132
0.983202
0.00798181
0.269512
38
0.00370525
0.689516
0.0910656
0.317063
58
0.19659
0.307269
46.5863
0.967795
0.00567626
0.0827442
65
0.000918037
0.440848
0.0819794
0.15537
69
0.177031
0.401482
7.07509
0.982379
0.00484939
0.495023
21
0.00429806
0.822367
0.0518214
0.417415
73
0.172062
0.4814
56.0628
0.994644
0.00953402
0.0405138
43
0.00828945
0.62112
0.0403928
0.0628654
11
0.182329
0.627868
0.234117
0.956539
0.0052702
0.37659
81
0.000433467
0.437565
0.0649017
0.13704
66
0.0564602
0.336238
79.2352
0.997007
0.00563095
0.223524
28
0.000287783
0.704996
0.0294807
0.374823
21
0.112881
0.578534
74.1073
0.954892
0.00507497
0.0981202
36
0.00622911
0.0209533
0.0436926
0.39818
86
0.187762
0.203189
64.5397
0.952129
0.00532836
0.463803
8
0.00990181
0.720377
0.0782175
0.240167
18
0.0626415
0.745101
74.2379
0.994884
0.00350608
0.216883
2
0.00857737
0.601766
0.0853225
0.353963
91
0.115574
0.192443
21.5422
0.980677
0.0032234
0.252769
26
0.00273521
0.0374579
0.0329092
0.424797
80
0.0955564
0.573911
37.7501
0.970183
0.00447108
0.0421144
63
0.000799881
0.990607
0.0179495
0.00541951
87
0.185867
0.3604
83.3794
0.955029
0.0032933
0.100726
31
0.000315861
0.799365
0.0687062
0.238498
69
0.0443706
0.351993
58.5597
0.992133
0.00896529
0.477543
96
0.00926001
0.0165802
0.0778056
0.180162
51
0.131611
0.34598
20.3961
0.956927
0.0090981
0.186674
77
0.00332619
0.714745
0.0658723
0.049817
4
0.158683
0.36721
72.1353
0.976098
0.00165642
0.474162
52
0.00115826
0.584989
0.0982304
0.491251
18
0.0718483
0.825738
95.0587
0.988892
0.00143523
0.159806
97
0.00856581
0.0853492
0.0184151
0.30655
52
0.13337
0.244511
50.7582
0.950521
0.00292386
0.461416
50
0.00899648
0.150254
0.0605653
0.419732
75
0.136159
0.409056
53.2859
0.958801
0.00775153
0.445537
60
0.00464548
0.826302
0.011119
0.451723
99
0.0837613
0.15579
87.4031
0.978546
0.00944533
0.318909
56
0.00337135
0.588162
0.0823762
0.103665
79
0.132368
0.0621683
15.9432
0.988536
0.00476616
0.364999
19
0.00495611
0.716675
0.0724863
0.361313
22
0.114169
0.739293
16.3846
0.950258
0.00347565
0.0806437
95
0.00958392
0.372161
0.0381027
0.423975
61
0.135705
0.858444
33.7263
0.991825
0.00110887
0.304907
18
0.00394404
0.981019
0.0970371
0.204383
23
0.137283
0.543708
73.1398
0.959542
0.00630979
0.0189292
25
0.00315037
0.571468
0.0995481
0.160675
79
0.0621194
0.915472
62.6503
0.980122
0.003723
0.13666
98
0.00257797
0.676553
0.0361928
0.181138
78
0.0203928
0.302725
34.7538
0.971792
0.00600845
0.339545
47
0.0097528
0.482594
0.0646543
0.394054
74
0.0078514
0.834608
10.8629
0.984482
0.00152386
0.0861189
55
0.00953686
0.163552
0.05776
0.379241
9
0.0989773
0.903654
99.24
0.975434
0.00323391
0.377482
26
0.00950273
0.890482
0.0320636
0.145512
54
0.0390043
0.733958
10.2401
0.966086
0.00240356
0.358908
66
0.00113016
0.7328
0.0350268
0.387125
40
0.185458
0.793656
14.7985
0.955741
0.0056114
0.411343
44
0.00471866
0.263528
0.0477677
0.0478493
3
0.100712
0.469647
57.6072
0.988366
0.0074164
0.458661
54
0.000573956
0.454494
0.0730323
0.41872
78
0.12915
0.82894
68.2817
0.968906
0.00905764
0.139778
3
0.00611587
0.945205
0.0293802
0.044756
49
0.0304562
0.198692
75.8217
0.999594
0.0016301
0.418629
74
0.000202866
0.845286
0.0261181
0.412697
7
0.0393996
0.370868
48.4199
0.988129
0.00339335
0.0911621
17
0.00184629
0.710238
0.0199762
0.0916646
92
0.0690869
0.656906
36.6956
0.975884
0.00535222
0.343739
56
0.000528992
0.791738
0.0291541
0.285903
67
0.0331412
0.847588
30.5109
0.960178
0.00535993
0.256018
8
0.00922024
0.260874
0.0791882
0.404802
19
0.15635
0.0785496
98.4616
0.992073
0.00180932
0.0723259
19
0.00613424
0.494014
0.0242785
0.177666
63
0.0397408
0.926258
68.0827
0.962407
0.00970802
0.36004
65
0.00569494
0.29846
0.0446669
0.229591
77
0.193199
0.886656
51.2507
0.983656
0.00444932
0.196211
81
0.00265576
0.833734
0.0512043
0.168841
21
0.146092
0.619718
67.7224
0.995517
0.0075386
0.393704
71
0.00487346
0.910564
0.0479144
0.252687
16
0.19454
0.386284
11.7991
0.974152
0.00398716
0.0176709
55
0.0017116
0.316045
0.0849644
0.317533
59
0.0881499
0.356843
23.1419
0.986882
0.0078113
0.077894
92
0.00751733
0.228387
0.028561
0.101492
66
0.122451
0.284591
3.27461
0.973793
0.00883311
0.194233
57
0.000197632
0.902423
0.0382891
0.464165
39
0.00913589
0.239908
71.8389
0.950984
0.00371657
0.443654
12
0.00974151
0.296435
0.0120985
0.471603
81
0.0407495
0.569723
51.6272
0.950635
0.00359813
0.153635
88
0.00691664
0.520019
0.0265057
0.351614
5
0.142498
0.37988
65.015
0.978329
0.00806161
0.0833201
97
0.00403757
0.0740479
0.0951156
0.019381
87
0.119269
0.677335
60.5447
0.951406
0.00394487
0.240693
88
0.00413031
0.30475
0.0271484
0.208568
15
0.116666
0.722143
12.6998
0.980445
0.00614769
0.3018
15
0.00536675
0.380755
0.0798775
0.109068
100
0.0434923
0.534177
24.7673
0.989904
0.00915503
0.232528
61
0.00118153
0.321426
0.0953677
0.346759
54
0.0631812
0.629702
19.1523
0.959919
0.00317532
0.290266
91
0.00905972
0.700635
0.0598499
0.422798
94
0.139975
0.23029
37.0999
0.968239
0.00270767
0.00317607
11
0.00343322
0.558978
0.0553899
0.0480829
50
0.180403
0.287693
27.4888
0.972739
0.0041754
0.149583
64
0.00468033
0.476279
0.0720066
0.184851
75
0.117858
0.784562
94.6413
0.962197
0.00226179
0.0815774
5
0.00869585
0.459398
0.0397999
0.118834
25
0.0463545
0.613975
59.0028
0.983742
0.00203791
0.0923688
100
0.00158235
0.489203
0.09652
0.0670519
48
0.126977
0.587324
19.4522
0.951302
0.00379849
0.485318
5
0.000103147
0.868075
0.066383
0.212257
63
0.19908
0.260004
99.7944
0.961352
0.00554491
0.406501
54
0.00411265
0.0970154
0.0609107
0.0427242
58
0.0581994
0.243815
64.1259
0.952752
0.00408921
0.114237
50
0.00853979
0.177777
0.0290305
0.186106
26
0.156573
0.149778
46.6797
0.977693
0.0081004
0.398139
90
0.00364367
0.847974
0.0444851
0.109901
23
0.117004
0.099997
99.1075
0.981651
0.00434995
0.204159
82
0.00234129
0.274446
0.0688931
0.29954
63
0.0979195
0.0537928
14.9436
0.952072
0.0034938
0.37195
29
0.00451857
0.506634
0.0935222
0.337975
95
0.144496
0.219885
51.5731
0.992358
0.00935739
0.203119
5
0.00795892
0.949807
0.0182425
0.223366
10
0.0588391
0.730655
4.62283
0.983192
0.00198707
0.0649424
66
0.00526048
0.488233
0.0784131
0.375746
78
0.16533
0.115099
80.9399
0.966452
0.00232811
0.294954
75
0.00314034
0.0533962
0.0307482
0.19209
50
0.0647702
0.604546
52.8431
0.977505
0.0059847
0.432152
40
0.00861337
0.817754
0.0220949
0.11872
51
0.0680417
0.6427
97.8821
0.99075
0.00991164
0.222192
36
0.00320271
0.138501
0.0139717
0.301701
14
0.159409
0.540237
29.9724
0.980549
0.00581743
0.023948
71
0.00213014
0.797248
0.0721661
0.493778
46
0.0804131
0.99727
13.1628
0.975023
0.00511485
0.00165706
3
0.00797434
0.757633
0.0751997
0.175263
2
0.0924542
0.857636
45.2299
0.960395
0.0027334
0.292371
3
0.00416588
0.042288
0.0194679
0.373409
74
0.183645
0.687996
77.0484
0.983962
0.00582769
0.145262
76
0.000613521
0.749458
0.0618381
0.445467
54
0.141076
0.901934
87.241
0.991292
0.00599746
0.12386
61
0.00374452
0.303252
0.0551069
0.0415171
62
0.141905
0.44009
31.744
0.997538
0.00406949
0.0318775
44
0.00763541
0.36096
0.0905836
0.285352
55
0.179916
0.781831
35.4122
0.977169
0.00649132
0.272925
78
0.00978114
0.157485
0.0885915
0.459488
49
0.14149
0.112632
32.0211
0.996938
0.00739343
0.045515
98
0.00918283
0.193719
0.0632036
0.430368
92
0.0817565
0.546408
52.6272
0.981182
0.00693582
0.0240764
24
0.008979
0.655897
0.0820234
0.485228
76
0.117535
0.346552
50.2008
0.951287
0.0094022
0.0207782
58
0.00199145
0.473457
0.0831391
0.177577
15
0.00759032
0.0748605
39.0875
0.951526
0.00647045
0.325098
15
0.00983298
0.964787
0.0836766
0.470006
6
0.057972
0.0831957
41.537
0.995855
0.0023135
0.241937
57
0.00132631
0.0232169
0.0586457
0.308335
98
0.186631
0.867089
97.5668
0.993921
0.0060224
0.021227
68
0.00867318
0.801509
0.0248901
0.406463
92
0.0228032
0.708448
19.6512
0.970423
0.00276933
0.33241
77
0.00368294
0.953354
0.0961785
0.229343
28
0.0584506
0.697834
83.9722
0.98753
0.00990353
0.456538
13
0.00237968
0.00889817
0.0305397
0.325059
70
0.161476
0.404882
62.1593
0.96903
0.00266808
0.202447
2
0.00177986
0.871767
0.0315779
0.343769
67
0.102257
0.458354
69.9603
0.973244
0.00974829
0.170414
14
0.00106616
0.142642
0.0115039
0.172885
27
0.179574
0.0305131
42.3739
0.986971
0.00796023
0.32104
77
0.00547253
0.611635
0.0656945
0.379951
80
0.0866579
0.699473
21.6906
0.955889
0.00486791
0.378268
82
0.00133929
0.266371
0.0999284
0.275589
85
0.0455118
0.288014
3.95522
0.998446
0.00688531
0.179943
59
0.00505202
0.394818
0.0924516
0.215145
15
0.180827
0.929449
22.6686
0.972233
0.00898934
0.183618
72
0.00426768
0.711477
0.0844329
0.241867
38
0.0960833
0.489077
68.932
0.958459
0.00252139
0.243814
37
0.00379825
0.724554
0.0299787
0.350548
10
0.0552896
0.0191694
90.4817
0.973106
0.00464473
0.381317
40
0.0028025
0.383007
0.0404626
0.33313
30
0.0643872
0.0853241
64.3285
0.979731
0.00107769
0.387844
38
0.00718006
0.188971
0.0504983
0.405534
95
0.0109972
0.450049
9.84717
0.995202
0.00877271
0.0931211
63
0.00324856
0.500439
0.0159169
0.0185997
35
0.107075
0.187054
35.8059
0.959831
0.00448156
0.0749483
56
0.00372858
0.576121
0.0867237
0.015366
84
0.112374
0.0766431
56.3584
0.988725
0.00391333
0.13376
91
0.00847148
0.326527
0.0828417
0.271793
91
0.094257
0.3636
43.7435
0.970338
0.00750934
0.401895
87
0.00582204
0.820716
0.0513441
0.202354
68
0.127685
0.0905166
70.108
0.975159
0.00217345
0.16926
68
0.00852402
0.351741
0.029663
0.472236
73
0.106649
0.185712
15.1505
0.983465
0.00420945
0.114874
10
0.00733606
0.331996
0.0727486
0.0557357
14
0.146667
0.947574
53.4998
0.978213
0.0027235
0.10319
67
0.000955914
0.375895
0.0724527
0.300935
16
0.0678268
0.59511
16.9756
0.997786
0.00136961
0.120228
34
0.00261098
0.978966
0.0275723
0.00732548
30
0.195188
0.581766
50.0249
0.974457
0.00209377
0.172361
89
0.0020779
0.593528
0.082628
0.0644305
70
0.193412
0.263819
16.5832
0.971483
0.00950919
0.0413941
7
0.00825542
0.231346
0.0369107
0.371373
12
0.189714
0.549006
38.9591
0.998583
0.00652898
0.34482
80
0.000491394
0.774379
0.0963247
0.31185
30
0.0801175
0.995464
22.8377
0.95931
0.00952536
0.0996175
47
0.00960938
0.0403252
0.0218757
0.164338
64
0.130817
0.536308
44.1657
0.977954
0.0062375
0.285655
4
0.00625985
0.651886
0.0899593
0.356488
42
0.0421744
0.818836
57.0341
0.972375
0.00596495
0.0583088
89
0.00671056
0.84306
0.0871967
0.39129
85
0.137153
0.131389
84.1875
0.953959
0.00983716
0.038207
33
0.00896561
0.857506
0.0259638
0.0012276
81
0.118907
0.559603
80.4284
0.993042
0.00166739
0.446495
72
0.0035336
0.00482977
0.0996873
0.310113
62
0.199847
0.407462
34.8335
0.952339
0.00542888
0.338903
11
0.00196394
0.787436
0.0509149
0.210124
83
0.0444917
0.514567
37.5581
0.975254
0.00142489
0.433804
69
0.00587412
0.830885
0.0285353
0.083595
88
0.113816
0.79977
12.199
0.986036
0.00234598
0.440244
23
0.00629141
0.795664
0.0388963
0.320815
61
0.18886
0.0724671
22.0854
0.989382
0.00319595
0.0708919
46
0.00330252
0.53986
0.0789115
0.286837
44
0.00384222
0.178229
77.9167
0.993118
0.00682824
0.0223516
53
0.00242933
0.523295
0.0790566
0.0160693
72
0.176346
0.727493
1.55352
0.968843
0.00359135
0.138832
28
0.00397174
0.450257
0.0317475
0.207409
55
0.0721287
0.988763
88.6047
0.960055
0.00763798
0.298137
20
0.00923017
0.541144
0.0808669
0.0232172
68
0.00018518
0.048959
79.7706
0.961829
0.00195919
0.499664
54
0.00766552
0.364596
0.0483232
0.303417
19
0.0449757
0.180804
5.50111
0.969732
0.00631308
0.225845
22
0.000707001
0.0590612
0.0728384
0.318812
92
0.130742
0.622404
66.4392
0.965897
0.00856759
0.104648
3
0.00649969
0.576888
0.0303105
0.231898
2
0.186328
0.453811
65.7762
0.973399
0.0044962
0.198575
17
0.00640156
0.570723
0.026708
0.135604
90
0.195337
0.324114
86.5911
0.992546
0.0046252
0.365987
42
0.00136085
0.219895
0.0797678
0.0128018
97
0.125684
0.743291
6.29337
0.998139
0.00932626
0.399419
80
0.00822814
0.746318
0.0475636
0.00250393
79
0.175108
0.161787
89.1167
0.966917
0.00744404
0.437912
35
0.000537756
0.0627741
0.0558261
0.381163
74
0.121222
0.810348
45.5895
0.965235
0.00644474
0.285382
18
0.009401
0.311246
0.0110042
0.26676
20
0.108081
0.598838
94.5411
0.994413
0.0035224
0.0737232
73
0.00746386
0.815969
0.0753933
0.190503
41
0.0967041
0.300758
0.0765822
0.972961
0.00616925
0.0162933
26
0.00887869
0.183771
0.0541203
0.218751
18
0.0189414
0.795196
0.683137
0.974861
0.00512668
0.159105
5
0.0051898
0.411086
0.0137661
0.0399816
64
0.111768
0.695694
71.2627
0.952639
0.00382341
0.319701
84
0.00808081
0.907005
0.0142036
0.0885484
80
0.00824653
0.251736
96.1648
0.965787
0.00925017
0.219919
64
0.00774842
0.241822
0.0515835
0.385148
53
0.154419
0.255312
31.2843
0.962755
0.00157447
0.428406
63
0.00140145
0.497745
0.0559282
0.402967
83
0.0929004
0.563102
61.7663
0.959287
0.00279224
0.334936
93
0.00833087
0.877355
0.0449653
0.292092
44
0.0617748
0.80759
40.603
0.977038
0.00963142
0.230455
30
0.00683206
0.885453
0.0737399
0.0382871
14
0.046906
0.596324
79.5305
0.971904
0.00625228
0.431606
89
0.00945913
0.491524
0.0255096
0.372947
81
0.0636283
0.498708
90.9286
0.987659
0.00355359
0.35764
76
0.00916147
0.227542
0.0583185
0.204645
57
0.0143968
0.094402
8.13763
0.984976
0.00211892
0.0676911
60
0.00414182
0.35392
0.046787
0.316364
89
0.00178765
0.925339
82.731
0.979932
0.00772803
0.27692
44
0.00673193
0.713173
0.0457006
0.0729813
3
0.0227541
0.553901
35.0994
0.998675
0.00500301
0.349044
71
0.00268508
0.345429
0.0431121
0.272942
81
0.0655427
0.684518
29.1109
0.962669
0.00635199
0.0326357
54
0.00760369
0.809599
0.0473696
0.429678
99
0.0491943
0.159811
28.4732
0.956455
0.00426202
0.309776
74
0.00360742
0.177523
0.0938263
0.283718
56
0.152748
0.803898
82.329
0.965347
0.0054535
0.0683041
14
0.00553091
0.835296
0.0442157
0.199486
73
0.139414
0.392915
38.5767
0.964851
0.00124542
0.414468
13
0.00740441
0.731562
0.0928909
0.294519
6
0.0316754
0.945415
78.3281
0.962999
0.0080377
0.17765
85
0.00571859
0.152547
0.0580036
0.0795817
59
0.131515
0.590146
77.2956
0.995701
0.00259573
0.0848603
60
0.00358564
0.323637
0.0218878
0.197428
9
0.177531
0.570152
64.9607
0.97461
0.0071203
0.349964
86
0.00958506
0.977544
0.0948974
0.437174
88
0.0665372
0.273725
84.5003
0.99791
0.00474222
0.112055
62
0.00777345
0.103405
0.0677688
0.121444
80
0.169902
0.430768
49.4627
0.971807
0.00172126
0.027566
85
0.00848614
0.637555
0.0761491
0.420178
6
0.0707429
0.449095
91.4711
0.966225
0.00719299
0.434605
48
0.00145515
0.28751
0.0344711
0.462477
42
0.176698
0.399152
26.5668
0.950751
0.00956649
0.148011
39
0.00409402
0.0240775
0.0986714
0.330506
99
0.1287
0.894477
80.278
0.953732
0.00140987
0.422242
7
0.0059579
0.568319
0.0524284
0.182209
13
0.0337788
0.293983
11.0979
0.970883
0.00331721
0.140827
79
0.00564844
0.0277098
0.0469536
0.056241
87
0.0699402
0.816173
13.7551
0.955214
0.00287104
0.409518
27
0.00147491
0.0342929
0.0460192
0.446392
64
0.0368414
0.000717994
8.45358
0.959648
0.00442219
0.135398
79
0.00524377
0.874077
0.0834528
0.426448
51
0.152033
0.962596
15.4053
0.957321
0.00247875
0.224807
2
0.00229853
0.0701828
0.0507435
0.308763
72
0.109537
0.665497
52.3634
0.976995
0.00690061
0.0340536
62
0.00490249
0.0950594
0.0992136
0.44871
94
0.0365687
0.118082
60.0427
0.95724
0.00996871
0.366958
64
0.00122933
0.205101
0.0955148
0.421961
84
0.171338
0.3087
8.65088
0.974089
0.00493592
0.295681
44
0.00448859
0.145713
0.0112883
0.28971
88
0.172404
0.529828
87.648
0.967486
0.00290232
0.0113287
82
0.00254113
0.912959
0.0471033
0.460365
31
0.188098
0.899875
51.8515
0.974286
0.00424489
0.367569
100
0.00275876
0.533153
0.0879359
0.3607
48
0.0905159
0.47806
4.85567
0.955366
0.0054657
0.0698558
19
0.00428664
0.412281
0.0693959
0.0890975
39
0.142111
0.984935
12.807
0.982867
0.00539053
0.074792
6
0.00784979
0.42137
0.0909874
0.249658
98
0.188583
0.0149345
66.7731
0.982981
0.00657986
0.28247
14
0.00753358
0.258111
0.056523
0.179364
6
0.114493
0.270576
2.51326
0.980738
0.00791941
0.429459
25
0.0016455
0.511779
0.0436508
0.166592
64
0.0783399
0.123484
14.1449
0.962589
0.00858599
0.227263
79
0.00248587
0.355969
0.0134003
0.417086
56
0.104988
0.0614511
64.6856
0.971661
0.0077794
0.0977378
59
0.00232342
0.461857
0.0712386
0.276722
28
0.086894
0.80049
26.8971
0.980807
0.00120035
0.396076
30
0.00310504
0.609694
0.0764409
0.33641
100
0.196831
0.837769
17.0461
0.974569
0.0086879
0.335919
99
0.0064688
0.253178
0.017851
0.191466
21
0.150592
0.589418
92.3795
0.971066
0.0037864
0.311325
59
0.00731883
0.269246
0.0467118
0.269598
46
0.143329
0.960693
72.7745
0.984554
0.00673459
0.00623808
77
0.00369398
0.565451
0.0226534
0.333972
86
0.0105891
0.417711
92.7754
0.999196
0.00178188
0.11752
30
0.00786402
0.306167
0.0372897
0.305832
22
0.191069
0.464858
73.7552
0.985459
0.00387261
0.32265
8
0.00778605
0.554249
0.0462973
0.302869
67
0.0668316
0.167512
16.0524
0.978674
0.00902037
0.2333
99
0.00593191
0.864564
0.0829182
0.0864347
49
0.0496859
0.368869
93.0469
0.969277
0.00206645
0.330013
19
0.00160589
0.546777
0.0705647
0.254903
58
0.0531555
0.375874
88.5417
0.958944
0.00659903
0.130039
8
0.00341303
0.455851
0.0212814
0.291202
2
0.0659137
0.611552
18.5453
0.981784
0.00104719
0.214116
49
0.00633444
0.861031
0.0780346
0.102716
12
0.190087
0.92236
93.4869
0.968368
0.00889113
0.462258
37
0.00338956
0.522701
0.0514843
0.439834
37
0.014539
0.110684
26.7543
0.989127
0.00558798
0.292564
20
0.00654332
0.249643
0.0902125
0.203144
34
0.157392
0.136249
17.3926
0.979652
0.0051479
0.0505915
26
0.000329689
0.620022
0.0795492
0.498947
58
0.125123
0.0137223
58.0188
0.96204
0.00959583
0.484248
69
0.00235849
0.941891
0.0645074
0.167943
46
0.122061
0.224201
9.26166
0.991325
0.00205114
0.316061
61
0.00867592
0.342373
0.0648851
0.398439
48
0.0844503
0.789238
37.2761
0.950168
0.00873591
0.109893
76
0.0085081
0.573111
0.0522953
0.156255
18
0.164754
0.939667
95.358
0.964033
0.00366048
0.379326
10
0.00936093
0.600122
0.0992948
0.148394
98
0.0602647
0.359443
72.8226
0.9988
0.00886368
0.125525
50
0.00281508
0.695056
0.0346261
0.312449
76
0.0326501
0.661392
84.8123
0.997626
0.00758353
0.410741
53
0.00336373
0.368703
0.0358065
0.246409
12
0.0746815
0.320243
22.343
0.967847
0.00820719
0.468507
23
0.00159459
0.389832
0.0924172
0.0905502
65
0.0314573
0.942056
33.0375
0.985555
0.00137883
0.22881
4
0.0057763
0.255735
0.0173152
0.175681
85
0.111012
0.491492
53.6461
0.998055
0.00874161
0.327991
67
0.0064213
0.934693
0.0652296
0.143775
86
0.183061
0.520921
76.1573
0.958319
0.00628551
0.303646
77
0.00264065
0.0110555
0.0915171
0.224112
71
0.0899943
0.209528
57.3691
0.994258
0.0071519
0.00894506
87
0.00355883
0.235898
0.0497259
0.162435
9
0.191995
0.735571
69.1151
0.957187
0.00728974
0.0540141
55
0.00502517
0.458734
0.0257677
0.183431
83
0.164366
0.19171
25.5635
0.972098
0.00320558
0.258392
97
0.00711927
0.387024
0.0882081
0.365353
99
0.0456977
0.240262
28.389
0.996268
0.00894787
0.389954
71
0.00290044
0.693034
0.0988085
0.137979
32
0.0766109
0.769712
54.7657
0.970202
0.00699604
0.271866
29
0.00178616
0.995755
0.022329
0.34325
32
0.033206
0.640148
77.7928
0.991137
0.00275195
0.457481
42
0.00970887
0.629234
0.0671024
0.441352
40
0.0890923
0.247975
1.94538
0.954708
0.00717317
0.234353
70
0.00729235
0.910077
0.0856865
0.15309
57
0.100259
0.0379852
63.5296
0.994774
0.0026455
0.0368147
34
0.00557723
0.932654
0.0334203
0.32159
78
0.015193
0.620473
54.8413
0.955905
0.00466174
0.464082
48
0.0054447
0.590633
0.0764182
0.390467
7
0.0874089
0.608969
82.9751
0.966592
0.00819971
0.112795
52
0.00679593
0.358752
0.0244256
0.0940676
75
0.0362083
0.327292
72.2495
0.994561
0.00540361
0.27516
32
0.00678155
0.132497
0.0250735
0.433135
47
0.12614
0.85044
85.4475
0.998884
0.00983845
0.0901764
79
0.00625309
0.337741
0.0802873
0.497399
50
0.0980686
0.210749
59.2108
0.981305
0.00404725
0.368272
7
0.0081726
0.810394
0.0377652
0.215904
29
0.00297004
0.545072
62.9605
0.991048
0.00865499
0.240055
79
0.00365041
0.53058
0.0538895
0.279651
46
0.0521958
0.931055
50.9432
0.967512
0.00482418
0.385989
74
0.00497156
0.418946
0.0202984
0.278381
94
0.122893
0.168089
55.2551
0.950359
0.00183159
0.403104
40
0.00214653
0.262599
0.0641203
0.151973
47
0.095122
0.156795
15.7899
0.998357
0.00340988
0.405219
74
0.00271203
0.218573
0.0283167
0.327374
24
0.00149006
0.471914
69.4164
0.984391
0.00913128
0.362388
92
0.00601169
0.856078
0.0814411
0.114055
13
0.153838
0.497702
7.846
0.996846
0.00306565
0.369533
81
0.00507373
0.802856
0.0711032
0.084223
1
0.163522
0.703982
43.9622
0.985616
0.00906969
0.436827
8
0.000261237
0.947105
0.0411126
0.282498
82
0.0786227
0.812366
83.0808
0.951692
0.0049776
0.346214
92
0.00351257
0.0885952
0.0205085
0.231292
61
0.0113214
0.495593
73.9502
0.963718
0.0066682
0.487691
13
0.00636206
0.634284
0.0539612
0.011653
13
0.0513868
0.576719
10.4423
0.961208
0.00801427
0.465725
89
0.00606752
0.987342
0.0118811
0.0663007
33
0.121687
0.330631
45.6008
0.998929
0.00476156
0.424487
56
0.000678677
0.281528
0.0168973
0.0968063
43
0.0294895
0.557742
61.8672
0.961912
0.00389153
0.157956
35
0.00480085
0.401501
0.0170385
0.480556
48
0.0251821
0.519373
89.9648
0.989465
0.00222884
0.132547
9
0.00493019
0.781446
0.0635787
0.0290012
20
0.166599
0.953594
32.3566
0.981248
0.0097276
0.350356
43
0.00890198
0.369407
0.0888072
0.165635
48
0.0563204
0.442811
76.6461
0.963995
0.0087865
0.20042
27
0.000832547
0.128327
0.0757342
0.00684993
84
0.104292
0.510613
98.3045
0.987416
0.00676466
0.163609
21
0.00843964
0.334393
0.0595353
0.259362
60
0.0762915
0.624819
82.1387
0.963678
0.0057635
0.239382
31
0.001684
0.073504
0.0939043
0.126735
74
0.143614
0.712606
12.5863
0.957864
0.00154954
0.183964
86
0.0046993
0.0387591
0.0191386
0.0585528
96
0.0169396
0.30481
63.2844
0.960817
0.00499211
0.354544
50
0.00144114
0.0184132
0.0903649
0.124923
29
0.14034
0.736114
67.4155
0.982696
0.00914209
0.373053
10
0.00933321
0.0906705
0.0619063
0.273826
56
0.174372
0.885079
39.5084
0.980373
0.00760014
0.412592
72
0.00112338
0.191919
0.01067
0.413372
8
0.061459
0.116032
68.5546
0.965953
0.00964793
0.404327
85
0.00221552
0.970672
0.0201099
0.476564
40
0.12055
0.523784
55.0708
0.96144
0.00604626
0.341003
29
0.00454256
0.550273
0.0667276
0.221593
18
0.0768262
0.0254687
30.9306
0.951712
0.00669278
0.356476
11
0.00532924
0.419491
0.0458494
0.00473086
75
0.00498458
0.761297
13.3749
0.999317
0.00709451
0.370786
90
0.00128616
0.415702
0.0622593
0.193256
63
0.175532
0.314384
22.5663
0.973567
0.00541184
0.251575
93
0.00749939
0.231553
0.0709913
0.0813785
30
0.129836
0.229838
33.8528
0.953497
0.00794492
0.207545
85
0.00483425
0.366307
0.06238
0.340702
99
0.190421
0.75647
98.0729
0.987061
0.00356613
0.381139
46
0.0096614
0.349241
0.0535524
0.0924502
50
0.0379881
0.410305
25.6002
0.976342
0.00190932
0.416996
31
0.00262778
0.751202
0.0519426
0.0600042
69
0.157044
0.839457
88.0598
0.982422
0.00948268
0.280398
37
0.00781015
0.149388
0.0545297
0.0146013
97
0.174755
0.311679
59.7026
0.997365
0.00853229
0.426294
36
0.00987538
0.755864
0.0840058
0.298661
38
0.178093
0.770688
48.3386
0.956087
0.002372
0.37437
68
0.000895885
0.308207
0.0941737
0.326582
20
0.151606
0.189225
74.9463
0.956639
0.00361578
0.392355
43
0.0067611
0.550947
0.0486164
0.381485
61
0.0936586
0.318295
16.6947
0.986338
0.0068356
0.1864
45
0.00886506
0.653211
0.0270245
0.124157
89
0.170079
0.253685
49.8825
0.964216
0.00987025
0.267764
40
0.00246714
0.692244
0.0175184
0.251268
70
0.0843477
0.852231
92.1843
0.957556
0.00342379
0.450136
66
0.0010967
0.647427
0.0612212
0.47772
96
0.148553
0.971117
41.9743
0.953137
0.0046049
0.305641
95
0.00804021
0.920876
0.0807164
0.105896
84
0.0633744
0.446965
17.4518
0.982041
0.00671395
0.420299
87
0.000168425
0.613658
0.0421645
0.35613
42
0.104437
0.237011
61.1861
0.953537
0.0073152
0.27129
33
0.000946272
0.581168
0.0309142
0.0365553
64
0.165186
0.667938
62.4257
0.981092
0.00735383
0.361683
88
0.00193726
0.442864
0.0422248
0.369372
93
0.155516
0.429321
18.7311
0.961611
0.00401141
0.25965
46
0.00784073
0.396877
0.010117
0.334819
2
0.0418389
0.980521
83.4707
0.960597
0.0022536
0.0796241
17
0.00616883
0.069687
0.0129464
0.265406
69
0.0495554
0.681177
70.3706
