0.765059
0.0372417
0.210741
99
0.00696848
0.553405
0.0154335
0.357384
72
0.103084
0.402969
41.0673
0.907025
0.0588561
0.00865219
59
0.00715102
0.330277
0.0927399
0.289451
13
0.15022
0.820336
22.6039
0.788197
0.0479085
0.452543
90
0.00485953
0.629304
0.0854288
0.221479
78
0.128719
0.66421
2.61999
0.865537
0.0419054
0.44948
89
0.000546019
0.460516
0.0541872
0.344303
64
0.107457
0.400271
35.5237
0.722916
0.0454077
0.260856
89
0.00694147
0.147834
0.0441579
0.163046
41
0.131359
0.885482
17.4448
0.720443
0.0850618
0.319119
48
0.00606205
0.129584
0.0561017
0.379434
11
0.0390237
0.950803
31.8281
0.873318
0.095292
0.466143
70
0.00240969
0.898681
0.0139409
0.151959
94
0.179733
0.802348
30.4413
0.904387
0.0466048
0.272373
26
0.00149268
0.834836
0.0921067
0.427088
98
0.0302683
0.97009
88.6819
0.763976
0.0623223
0.210128
88
0.0006973
0.955762
0.0254861
0.463634
45
0.177111
0.290699
79.0456
0.882843
0.0231161
0.384479
45
0.0020777
0.251855
0.0373396
0.154517
55
0.019208
0.18618
97.174
0.802713
0.0634637
0.305898
31
0.00588835
0.666458
0.0909015
0.128348
47
0.119205
0.628956
48.0848
0.824984
0.0337508
0.286781
41
0.00650088
0.0527782
0.0350708
0.0775582
89
0.182538
0.0479588
33.8954
0.803059
0.0514765
0.465017
9
0.00131608
0.807534
0.0394527
0.224794
23
0.178232
0.0786755
75.583
0.773122
0.0620935
0.428591
16
0.00568428
0.939389
0.0564576
0.252068
93
0.00618976
0.159584
13.5155
0.903775
0.0392613
0.0966264
13
0.00321955
0.617746
0.0445415
0.282422
8
0.0613048
0.599117
75.9338
0.909482
0.0669737
0.263783
35
0.00981857
0.229951
0.0889058
0.111138
37
0.15533
0.892082
77.2706
0.926081
0.0337948
0.00749854
83
0.00817274
0.0351976
0.0810696
0.340885
29
0.0903197
0.207118
98.1951
0.799535
0.0853492
0.17163
69
0.00935137
0.412544
0.0193912
0.222615
97
0.188759
0.897131
67.9711
0.774479
0.0658051
0.0546928
82
0.0052842
0.550343
0.0639345
0.0311621
27
0.199898
0.0454622
64.6701
0.768035
0.0566889
0.258896
66
0.00362677
0.0550886
0.0959771
0.369935
34
0.0959396
0.0681332
49.6665
0.865994
0.0317022
0.417692
67
0.00743837
0.43716
0.0505876
0.476578
52
0.00823041
0.748327
13.8499
0.779341
0.0418113
0.0493528
68
0.00374569
0.796247
0.0965839
0.0911812
20
0.01703
0.356715
62.6024
0.783461
0.0751037
0.0129813
41
0.00160784
0.960231
0.0617616
0.159387
22
0.089773
0.595099
57.1386
0.843788
0.0200709
0.225882
88
0.0026093
0.376396
0.0397928
0.0112365
43
0.060754
0.690099
81.5448
0.749036
0.0699418
0.143874
17
0.000285798
0.235692
0.0248189
0.129196
27
0.159504
0.201064
1.16078
0.841992
0.0711027
0.379977
24
0.00786598
0.268656
0.0873175
0.217481
66
0.0149461
0.00878883
1.56248
0.933971
0.03603
0.485106
47
0.0024303
0.265297
0.0589929
0.392284
18
0.00276969
0.669631
7.79749
0.837849
0.0745286
0.429508
59
0.00513489
0.583851
0.057398
0.149898
11
0.145268
0.481442
55.173
0.78739
0.0457242
0.330724
3
0.00842638
0.195826
0.0868677
0.0211701
89
0.0940936
0.344997
76.3591
0.81957
0.033545
0.302648
65
0.00453515
0.889302
0.0447691
0.0893976
2
0.109426
0.197255
38.0668
0.878266
0.0349883
0.272617
44
0.00015887
0.920016
0.0650167
0.353648
35
0.0979992
0.56849
68.6116
0.849523
0.0717122
0.0610654
30
0.00558842
0.719778
0.0112888
0.342927
63
0.19178
0.72603
21.0824
0.734418
0.0798053
0.311019
2
0.00188538
0.261894
0.0383595
0.362385
53
0.0635894
0.014699
59.5807
0.961255
0.0704164
0.231303
4
0.00931697
0.573727
0.0514307
0.0938735
14
0.031511
0.25955
71.1666
0.725371
0.0174918
0.481198
21
0.00599545
0.216381
0.0494017
0.197126
29
0.104616
0.168344
54.204
0.755545
0.0286277
0.0872533
16
0.00831664
0.395431
0.0701913
0.0470124
90
0.186072
0.86263
2.55625
0.976965
0.0135848
0.0635725
78
0.00563894
0.686464
0.0943672
0.446958
23
0.0674363
0.217828
7.53963
0.88625
0.0969363
0.450427
85
0.00805217
0.126913
0.0521854
0.335067
8
0.0863603
0.912574
82.0786
0.944549
0.0124888
0.337861
39
0.00948757
0.246843
0.0629747
0.442632
88
0.0271794
0.836754
65.0409
0.757044
0.0216974
0.25402
67
0.00609865
0.646379
0.0244939
0.412865
64
0.0466594
0.0548438
80.6548
0.777943
0.0249244
0.344232
34
0.00973544
0.350994
0.0765445
0.471067
73
0.101938
0.152529
79.286
0.760558
0.0282366
0.156698
66
0.000821028
0.854361
0.0546907
0.0347738
39
0.136088
0.490838
16.6296
0.869527
0.0424484
0.0564671
12
0.00285111
0.675485
0.046665
0.474369
54
0.0134538
0.50718
18.6862
0.703399
0.0169368
0.0329364
39
0.000172544
0.171673
0.0199611
0.213684
91
0.0821742
0.21046
56.4583
0.823214
0.0753537
0.0936086
8
0.00163
0.799658
0.0964185
0.319223
32
0.137382
0.618316
27.2625
0.780753
0.0679291
0.135525
21
0.00554469
0.319481
0.0768057
0.270737
57
0.085146
0.134212
87.601
0.786192
0.031441
0.0916143
68
0.000240326
0.363684
0.0918408
0.305382
32
0.041221
0.114355
35.6688
0.756285
0.0949687
0.0640599
63
0.00893731
0.803224
0.0788961
0.17156
56
0.035127
0.784744
26.1806
0.712191
0.0544457
0.28051
82
0.00497493
0.0871472
0.0829771
0.464356
55
0.0750564
0.946128
57.792
0.846984
0.0813342
0.127655
52
0.00605972
0.846963
0.0581731
0.317793
53
0.0422286
0.130741
93.3075
0.810836
0.0544794
0.291187
31
0.00298448
0.816463
0.0749943
0.0513687
83
0.11846
0.814967
69.7091
0.742587
0.0714333
0.205382
51
0.00055555
0.153251
0.0369146
0.0398002
100
0.0758775
0.713312
67.2148
0.910451
0.0270396
0.155514
22
0.00912847
0.656779
0.055332
0.385083
67
0.051561
0.430389
58.2505
0.877969
0.0183055
0.0206567
65
0.00404753
0.782992
0.0122759
0.182433
99
0.194891
0.437408
29.6384
0.728829
0.0772828
0.396915
40
0.00456661
0.466042
0.0614253
0.0956522
47
0.124471
0.426132
50.1345
0.943301
0.0795
0.269092
33
0.00170504
0.0164635
0.0653747
0.482285
87
0.192012
0.579148
84.0384
0.997686
0.0848439
0.148152
5
0.00208969
0.986845
0.0279225
0.0338016
68
0.19945
0.333865
19.7608
0.807018
0.0971513
0.010732
79
0.00629942
0.0220247
0.0232812
0.439544
58
0.106198
0.121388
52.99
0.792858
0.0560189
0.0520425
83
0.000777286
0.447579
0.0259058
0.155151
91
0.141518
0.980637
42.1639
0.80004
0.0341984
0.432669
18
0.00941579
0.0508563
0.0955977
0.341549
57
0.100651
0.606546
86.3183
0.902753
0.0352659
0.200668
46
0.00992715
0.565002
0.0160198
0.495562
90
0.19825
0.256026
83.3441
0.702853
0.0150146
0.433992
30
0.00989426
0.0485442
0.0726459
0.459371
30
0.0459179
0.110196
13.2524
0.923994
0.0869292
0.460938
40
0.00529365
0.0857434
0.0881976
0.0357942
3
0.0935924
0.355187
12.6174
0.918115
0.0953947
0.462285
64
0.00236502
0.75182
0.0729809
0.367059
46
0.0711987
0.233782
45.6088
0.909143
0.0471381
0.182142
56
0.00926701
0.85263
0.0275731
0.0812763
37
0.0642388
0.761267
74.0358
0.929337
0.0881411
0.443601
52
0.00157218
0.992742
0.0409629
0.349561
43
0.179586
0.452472
9.72393
0.950973
0.0287511
0.0786067
72
0.00943595
0.190644
0.0451606
0.379024
37
0.0588276
0.97969
23.0376
0.890057
0.084887
0.20863
36
0.00518636
0.562473
0.0226768
0.466496
52
0.114012
0.898836
74.5878
0.824851
0.0131984
0.398103
39
0.00836736
0.179125
0.0744656
0.0635724
13
0.0735902
0.377666
41.2586
0.900095
0.0192581
0.360245
15
0.008966
0.355286
0.0887482
0.325787
26
0.0253252
0.826777
3.09508
0.922292
0.08946
0.410683
91
0.00140514
0.234207
0.0302443
0.386137
18
0.14366
0.414734
8.78157
0.876129
0.0925934
0.252831
62
0.00815106
0.434732
0.0528462
0.173343
32
0.154633
0.448637
22.5673
0.716092
0.0818641
0.468128
69
0.00490792
0.222476
0.0176244
0.374781
54
0.183363
0.353232
85.2797
0.802174
0.0358744
0.424253
93
0.00339234
0.789371
0.0580196
0.0576655
60
0.157928
0.812795
66.5272
0.756199
0.0573238
0.0677905
90
0.00877707
0.517533
0.013156
0.334001
24
0.044843
0.566911
67.7055
0.771457
0.0590152
0.0903491
49
0.00554564
0.0601197
0.0437085
0.207198
75
0.125342
0.852548
17.6058
0.853868
0.0825836
0.0850465
20
0.00769834
0.156155
0.0368079
0.0286111
21
0.0508916
0.857824
55.259
0.812339
0.0698364
0.122017
61
0.00924142
0.773495
0.0480995
0.152815
45
0.0679711
0.592699
92.5398
0.798895
0.0549696
0.10813
98
0.00460444
0.707609
0.0243659
0.324978
34
0.141192
0.653701
33.6102
0.983079
0.0402826
0.305367
87
0.00301261
0.701949
0.0969585
0.119323
63
0.103813
0.808608
16.396
0.923063
0.0526978
0.197459
100
0.00556832
0.632817
0.084988
0.406164
85
0.00902526
0.626298
11.8465
0.730855
0.0217872
0.334712
34
0.00640173
0.539778
0.0770879
0.327309
19
0.0658989
0.482736
89.7732
0.994766
0.089274
0.448149
42
0.00447032
0.749327
0.0158287
0.485212
17
0.156332
0.54386
69.8128
0.84137
0.0601048
0.294749
27
0.00477846
0.318696
0.0433479
0.299054
15
0.0203318
0.93225
47.6635
0.700042
0.0995859
0.111507
85
0.00114204
0.342992
0.0134272
0.447494
19
0.0618234
0.795145
24.3736
0.870968
0.0682561
0.35375
15
0.00767647
0.255394
0.0776344
0.109573
96
0.0101703
0.842794
23.6824
0.790356
0.041383
0.494831
48
0.00531934
0.997327
0.0861491
0.28385
42
0.112214
0.541492
33.0009
0.765388
0.0223494
0.199125
68
0.00994175
0.335317
0.0290161
0.320358
72
0.0622979
0.176849
32.9442
0.939127
0.0133152
0.24739
50
0.00427052
0.770627
0.080511
0.0685123
15
0.164661
0.849861
4.2532
0.729754
0.0140674
0.220513
32
0.00975301
0.484014
0.0912917
0.0731768
35
0.0583743
0.526218
61.9686
0.82734
0.0980881
0.139294
73
0.00127151
0.118859
0.0991396
0.175453
10
0.134872
0.636554
20.5996
0.850515
0.0141601
0.0262965
81
0.00423812
0.368687
0.0355316
0.463028
49
0.163393
0.9777
47.5575
0.797079
0.0121783
0.160535
48
0.00967637
0.721162
0.0660503
0.339204
52
0.0794028
0.954656
63.341
0.758964
0.0858614
0.105202
98
0.00505874
0.169035
0.0211974
0.302325
42
0.0227273
0.855587
21.5472
0.776035
0.0180006
0.345947
2
0.00522743
0.953479
0.0841407
0.340264
80
0.0438003
0.265692
78.5957
0.9572
0.0756455
0.00270253
6
0.00897054
0.58785
0.0717973
0.354426
74
0.115606
0.733334
39.4486
0.937875
0.0261032
0.458442
54
0.000468565
0.317095
0.0337009
0.164348
69
0.180249
0.346533
63.4585
0.974238
0.0116268
0.357924
23
0.00472946
0.200357
0.0333146
0.228307
21
0.00396059
0.251426
87.9631
0.855873
0.0618918
0.403606
29
0.0006779
0.985888
0.0211541
0.0788903
29
0.197841
0.64006
96.6856
0.728139
0.0617134
0.364797
77
0.00378476
0.3598
0.0825962
0.286064
29
0.0629919
0.574439
89.5453
0.705778
0.0556772
0.228605
24
0.0038079
0.404729
0.0952222
0.467866
32
0.116187
0.89594
66.9713
0.785937
0.0522796
0.321882
99
0.00462615
0.275275
0.0801641
0.219881
33
0.145798
0.0905555
14.1411
0.901742
0.0550559
0.135956
42
0.00213003
0.163617
0.0391439
0.380429
46
0.180939
0.0717219
1.8857
0.726714
0.0126039
0.20209
75
0.00697734
0.479661
0.0457104
0.351879
20
0.101589
0.297834
53.5191
0.749771
0.0645067
0.0725911
93
0.00638499
0.874324
0.0411452
0.490139
75
0.107175
0.0624598
25.6192
0.913155
0.0212828
0.142017
34
0.00888342
0.978094
0.0691182
0.0979561
10
0.19521
0.462993
67.0869
0.849222
0.0725729
0.21792
27
0.00288541
0.3825
0.0100023
0.0433245
46
0.190594
0.952173
56.348
0.733107
0.0485355
0.262526
97
0.00428854
0.880007
0.0538726
0.166487
79
0.126553
0.596508
19.2224
0.975438
0.059297
0.187216
76
0.0081884
0.768859
0.0184368
0.299874
81
0.0729648
0.872979
60.4477
0.899706
0.0309357
0.0893478
26
0.00568227
0.895999
0.0655098
0.3128
63
0.135747
0.630115
73.4647
0.928835
0.0638906
0.473556
85
0.000724542
0.605826
0.0209019
0.20478
3
0.194171
0.423753
64.0002
0.906085
0.0857104
0.297113
20
0.00409455
0.432024
0.0780014
0.0448895
67
0.126956
0.178298
2.04784
0.727595
0.0905655
0.483635
43
0.00237764
0.470747
0.0446817
0.0786035
66
0.166954
0.167062
22.1059
0.924669
0.0186751
0.425698
32
0.000431369
0.124197
0.0644093
0.194313
88
0.15326
0.77796
36.5673
0.991543
0.0489091
0.0366667
85
0.000112418
0.57742
0.0954409
0.415712
24
0.0524339
0.468261
4.01543
0.801646
0.0901301
0.123845
29
0.00137825
0.206366
0.0288653
0.491574
67
0.19335
0.743249
71.5094
0.71955
0.0943261
0.0518489
80
0.00602434
0.457635
0.0439874
0.0265498
17
0.0487913
0.63345
43.0338
0.74686
0.0641496
0.489531
36
0.00265877
0.0327086
0.020149
0.216032
47
0.00280892
0.100644
92.1153
0.815407
0.0767706
0.229981
76
0.00921315
0.107929
0.0221324
0.0700481
41
0.066292
0.74626
85.9899
0.980359
0.062846
0.438573
33
0.000795134
0.0210393
0.0949155
0.189029
45
0.168981
0.497507
14.4952
0.886627
0.0411508
0.119227
16
0.0024999
0.861603
0.0747389
0.0565767
17
0.146888
0.381719
4.58067
0.884387
0.0273581
0.276895
11
0.00868933
0.20407
0.0442684
0.404996
22
0.15888
0.140888
88.4069
0.843033
0.0441797
0.327396
91
0.00109323
0.429933
0.0265477
0.156815
73
0.13553
0.479848
36.8297
0.709797
0.06476
0.294231
25
0.00970804
0.146661
0.0435396
0.0755051
93
0.186725
0.0570694
98.866
0.888337
0.0116079
0.289074
19
0.00413523
0.402858
0.0338586
0.222099
22
0.158481
0.284822
91.0979
0.862858
0.017229
0.109034
43
0.00108078
0.389458
0.0885272
0.0708803
3
0.0235636
0.55522
92.6513
0.888579
0.0177328
0.0970865
12
0.00875541
0.974704
0.0853252
0.201266
69
0.109089
0.850679
23.2458
0.832659
0.0396843
0.0943068
81
0.0071967
0.519435
0.0403077
0.286769
22
0.140515
0.432983
57.59
0.840775
0.0726588
0.0284687
3
0.00858752
0.399065
0.09417
0.136112
10
0.175316
0.610323
81.6481
0.979028
0.0210686
0.369702
19
0.00371782
0.0466645
0.0603582
0.411272
78
0.107638
0.523629
40.5289
0.718836
0.0712042
0.499666
60
0.00882916
0.671156
0.09154
0.0624538
55
0.162462
0.0941406
22.2098
0.955478
0.0984179
0.180045
49
0.0022051
0.590915
0.0899054
0.477214
67
0.0982733
0.518671
51.3011
0.781938
0.0969504
0.20749
73
0.0061085
0.291782
0.0423563
0.010063
7
0.035757
0.254845
0.51824
0.98071
0.096254
0.164214
79
0.00884589
0.336088
0.0353399
0.351015
77
0.010982
0.65821
45.8051
0.794078
0.0423108
0.273488
20
0.00740685
0.845531
0.0142679
0.0169908
9
0.0285228
0.604977
7.39124
0.856892
0.064243
0.347136
5
0.0028217
0.914019
0.0543457
0.147343
65
0.119917
0.917078
1.63431
0.761239
0.0841807
0.032202
1
0.00782162
0.322653
0.0215106
0.0497975
19
0.141698
0.0481201
88.8012
0.875263
0.083012
0.378203
7
0.00806507
0.278901
0.073385
0.0457613
61
0.146114
0.565836
41.9274
0.76958
0.0823982
0.491002
64
0.00175202
0.0976757
0.0774031
0.203949
14
0.0392784
0.547093
12.5949
0.881194
0.0467864
0.274708
68
0.00616855
0.112162
0.0657552
0.281173
3
0.169218
0.779508
52.4628
0.784535
0.0843585
0.146377
35
0.0023168
0.907861
0.0418283
0.147883
99
0.0879168
0.948574
90.0213
0.957973
0.0494565
0.0176602
51
0.000606133
0.44032
0.0976074
0.292511
68
0.0221816
0.737796
84.9195
0.796739
0.0120767
0.447904
46
0.00785811
0.19462
0.0285511
0.378173
59
0.102708
0.192921
76.8688
0.804331
0.0758206
0.0475785
54
0.00420905
0.42004
0.055654
0.119948
24
0.0586303
0.888814
24.112
0.890488
0.0719392
0.398902
1
0.00618501
0.581183
0.0647471
0.368076
57
0.149254
0.535645
97.8868
0.791336
0.0267319
0.442216
6
0.00507554
0.641591
0.0419979
0.300635
60
0.109993
0.198171
56.0108
0.835481
0.0128582
0.4979
59
0.00356536
0.793071
0.0297849
0.18298
38
0.019925
0.157595
31.209
0.925128
0.0364424
0.13355
12
0.00958344
0.295313
0.0246793
0.46182
14
0.151806
0.907895
45.5946
0.717395
0.0822562
0.0621436
43
0.00533986
0.95973
0.0896264
0.393301
81
0.183039
0.409502
49.3227
0.731747
0.0150623
0.250431
38
0.00985121
0.598031
0.0781295
0.375313
53
0.0727095
0.424044
89.2373
0.738575
0.0960727
0.15468
49
0.00800717
0.0275121
0.0277472
0.175905
7
0.123616
0.44468
32.6413
0.927086
0.0914293
0.186589
9
0.00540493
0.833045
0.0666883
0.143444
48
0.13469
0.16506
80.067
0.98175
0.086089
0.394662
15
0.00864705
0.00651986
0.0274397
0.00220022
80
0.175056
0.586774
78.7531
0.758557
0.045037
0.0957072
5
0.00845565
0.976077
0.0760869
0.211344
28
0.065565
0.66723
44.7476
0.860389
0.0294426
0.34528
45
0.00144588
0.471199
0.0771461
0.226022
42
0.122792
0.181571
8.02532
0.880232
0.0362205
0.137308
8
0.00328352
0.153904
0.0334856
0.103172
57
0.0179201
0.625625
70.7097
0.705233
0.0975747
0.402326
57
0.000277174
0.418127
0.065873
0.451957
8
0.150652
0.011291
38.4813
0.965925
0.0686611
0.307809
23
0.00271006
0.454668
0.0641601
0.297301
82
0.177459
0.504409
95.9167
0.933407
0.0581336
0.00647369
5
0.00754015
0.17762
0.0982678
0.186433
76
0.083373
0.79121
32.1004
0.731519
0.0330993
0.340115
75
0.00361491
0.551441
0.0607259
0.458732
4
0.00117315
0.0360066
90.5784
0.948144
0.0455351
0.190977
57
0.00511535
0.422835
0.0891057
0.117378
61
0.0926615
0.751538
41.5469
0.721207
0.0932694
0.320064
98
0.00647671
0.716356
0.0904562
0.104832
34
0.185743
0.214644
11.564
0.871552
0.0224643
0.385872
95
0.00384819
0.856297
0.0517004
0.438861
63
0.170853
0.833126
26.7802
0.951282
0.0434282
0.261655
1
0.00827226
0.451427
0.024182
0.239351
51
0.0984016
0.29575
17.0419
0.747446
0.0900185
0.34842
22
0.00545011
0.781177
0.0916373
0.0195364
23
0.0164989
0.961492
70.9794
0.885021
0.0792432
0.179286
22
0.00233953
0.717667
0.0149396
0.29431
25
0.130382
0.473559
18.0913
0.822231
0.0152235
0.457061
68
0.00833129
0.228206
0.0233868
0.0146887
86
0.159867
0.325791
6.34846
0.894551
0.0272693
0.409702
70
0.00349716
0.82689
0.0670085
0.322993
87
0.0131309
0.864127
61.1407
0.971867
0.0299687
0.042235
96
0.00120606
0.186917
0.0933013
0.140876
38
0.0814618
0.23075
44.0663
0.846161
0.0281115
0.0833632
36
0.00355572
0.862727
0.0944318
0.314298
14
0.158216
0.418948
83.876
0.985012
0.0866723
0.0589858
41
0.00655989
0.6799
0.0280607
0.453711
5
0.00701573
0.0052159
11.0158
0.972788
0.0497906
0.408402
37
0.00756082
0.639376
0.0993481
0.468454
38
0.111823
0.699747
0.792911
0.810151
0.0690045
0.418495
56
0.00337565
0.352146
0.0924206
0.0487782
73
0.151312
0.839087
70.1261
0.995533
0.0258326
0.0277324
29
0.00464443
0.708781
0.0356845
0.0607689
40
0.0998184
0.725028
63.0056
0.989648
0.0290515
0.400539
27
0.00874762
0.763847
0.0588948
0.184388
35
0.113665
0.0294698
62.1441
0.700959
0.0435511
0.325418
83
0.00469878
0.625169
0.0215939
0.123952
3
0.105808
0.243745
68.5382
0.806207
0.0252595
0.14914
58
0.00661215
0.385399
0.0299168
0.484791
12
0.148235
0.987666
88.1953
0.776735
0.0569251
0.40012
87
0.00929695
0.12108
0.0858785
0.00361368
80
0.110288
0.224406
64.5836
0.80535
0.0148245
0.382027
93
0.00437635
0.441424
0.0977879
0.146571
46
0.191274
0.11704
83.4185
0.836704
0.083499
0.374233
71
0.00345065
0.995848
0.0424525
0.38787
51
0.133138
0.446919
27.4093
0.748152
0.0655603
0.491445
94
0.00915391
0.130063
0.0662611
0.429765
38
0.0339997
0.0327405
54.893
0.739946
0.0687079
0.163524
46
0.00892018
0.282409
0.0345511
0.0804477
16
0.122263
0.474494
86.1506
0.96241
0.0232945
0.405449
13
0.00118572
0.842838
0.0699085
0.278039
11
0.0743882
0.673554
19.5632
0.790287
0.0530239
0.395237
60
0.00794586
0.151558
0.0573005
0.0974281
11
0.0236946
0.364332
99.2479
0.766278
0.0429125
0.245923
56
0.00323243
0.886659
0.0513941
0.00637697
82
0.0431333
0.0278098
99.0444
0.807481
0.0214281
0.266356
14
0.00647302
0.132292
0.049432
0.344469
77
0.131041
0.97424
69.2172
0.724825
0.0259853
0.120176
47
0.00278149
0.94145
0.04983
0.0371567
44
0.170109
0.963771
72.7458
0.745033
0.0737959
0.472534
79
0.00908839
0.983921
0.0365226
0.336337
51
0.0175819
0.764441
25.2782
0.749597
0.0366257
0.40434
97
0.00730449
0.495316
0.034815
0.473024
60
0.111195
0.525664
65.9091
0.929917
0.0840659
0.046255
79
0.00583234
0.29793
0.0488131
0.144262
84
0.188807
0.772524
21.9712
0.752384
0.049404
0.32644
56
0.00073556
0.57672
0.09735
0.179076
45
0.142173
0.39829
17.2455
0.796117
0.073409
0.177613
58
0.00899306
0.0414409
0.0133134
0.11849
87
0.13774
0.921389
74.774
0.931978
0.0780439
0.419688
78
0.00102902
0.700522
0.0252377
0.00912723
86
0.176031
0.361464
15.5595
0.96731
0.0398797
0.225163
52
0.00992036
0.449603
0.0534472
0.247434
73
0.116728
0.867881
9.54195
0.90562
0.0773938
0.216827
57
0.000497937
0.348936
0.0615746
0.287878
43
0.0477808
0.0764209
62.3671
0.737875
0.0692334
0.283839
59
0.00352641
0.503956
0.0883015
0.332112
68
0.0332118
0.988605
66.0264
0.8649
0.0605293
0.240255
46
0.00824231
0.805151
0.069978
0.366114
6
0.0210105
0.996995
32.4604
0.751781
0.0380311
0.11366
89
0.00596041
0.0138388
0.0758942
0.145277
10
0.0718108
0.687078
9.8085
0.824126
0.0474671
0.202617
92
0.00093534
0.956762
0.0585658
0.107617
10
0.134084
0.38751
91.5254
0.762408
0.0155231
0.454915
7
0.00499968
0.00354429
0.0642068
0.195865
53
0.0206384
0.763003
55.9255
0.967929
0.0416733
0.436246
90
0.000879402
0.306405
0.0713363
0.499432
94
0.0954667
0.241433
1.39826
0.992093
0.0896083
0.237215
28
0.00763831
0.668466
0.0173827
0.432198
97
0.0217557
0.56331
22.8394
0.733794
0.0909878
0.371467
46
0.00364627
0.0245235
0.0143499
0.0366699
27
0.0507685
0.493874
25.4823
0.750284
0.0100451
0.364152
50
0.00173764
0.265516
0.064553
0.160261
69
0.171389
0.620462
51.9099
0.988993
0.0765984
0.227465
58
0.00866581
0.998712
0.0591404
0.113168
42
0.0454341
0.91149
43.8939
0.811699
0.0448679
0.283132
18
0.000385883
0.613995
0.0802133
0.315777
13
0.149656
0.208115
82.7217
0.892116
0.0934734
0.208342
94
0.00160475
0.892908
0.0819683
0.309317
4
0.0865368
0.685143
0.0764883
0.990343
0.0351049
0.0481602
38
0.00561413
0.35784
0.0685639
0.0251717
72
0.0419102
0.202142
92.2539
0.75346
0.0930666
0.173951
57
0.00700926
0.818856
0.067615
0.357079
9
0.0644822
0.052921
50.7409
0.711711
0.0681024
0.153678
36
0.00627336
0.970187
0.028184
0.420163
28
0.196018
0.416289
3.49982
0.707869
0.0278274
0.165229
53
0.00205027
0.444408
0.0693417
0.171911
86
0.0365157
0.983089
3.27663
0.953182
0.0277149
0.478876
52
0.00629574
0.68924
0.0894452
0.295209
74
0.0400729
0.716983
68.2496
0.713425
0.0919843
0.293357
96
0.00303778
0.37086
0.0557351
0.264788
27
0.126159
0.774097
55.6136
0.98391
0.0481829
0.265433
56
0.00536542
0.880804
0.094006
0.267706
56
0.165029
0.395954
87.315
0.871741
0.0163395
0.0587755
72
0.00255693
0.406862
0.0512184
0.348022
59
0.0544453
0.998179
68.095
0.822696
0.0702792
0.351024
38
0.00879722
0.787317
0.0634743
0.443422
96
0.0609914
0.268209
15.2347
0.837153
0.0879022
0.0454721
70
0.00782402
0.210185
0.0997896
0.414444
91
0.000231727
0.307249
59.779
0.817539
0.0484209
0.32999
81
0.00839255
0.778398
0.034252
0.190949
65
0.115495
0.965028
40.9683
0.706095
0.0978374
0.122882
24
0.00797987
0.313046
0.0485167
0.158286
33
0.181605
0.373431
33.4067
0.834758
0.0582412
0.256436
67
0.00541378
0.18808
0.0757684
0.391197
43
0.0326427
0.804771
85.4054
0.800701
0.0777941
0.407952
62
0.00397169
0.741723
0.0621322
0.208268
14
0.0230961
0.129222
76.4431
0.883439
0.0162643
0.0035883
20
0.00748239
0.950983
0.0295998
0.398885
58
0.0475698
0.132043
58.8573
0.723594
0.0201131
0.476069
4
0.000627947
0.615987
0.0935828
0.161012
99
0.192723
0.73402
34.6251
0.910497
0.0355169
0.336474
98
0.00121378
0.475063
0.0413918
0.248123
95
0.196786
0.787067
34.402
0.85636
0.0837384
0.480194
66
0.00275601
0.142527
0.0489246
0.0855247
88
0.166201
0.859779
14.8828
0.873851
0.0645647
0.496608
37
0.00776446
0.094421
0.0468563
0.498358
48
0.0355214
0.590863
84.4264
0.838742
0.0804096
0.0216536
4
0.00253951
0.0566004
0.0980841
0.373621
66
0.123458
0.278007
94.7887
0.901355
0.0381312
0.247707
14
0.00587144
0.304923
0.0426564
0.082353
97
0.144571
0.142532
12.9243
0.830365
0.0706224
0.0350192
15
0.00955348
0.0755927
0.0151131
0.185253
39
0.104875
0.454147
40.144
0.845548
0.0459902
0.422254
55
0.00503918
0.0387978
0.061038
0.104451
82
0.173794
0.660253
42.7313
0.742258
0.0817256
0.479108
75
0.00678931
0.0896604
0.0236856
0.0133544
54
0.0490964
0.646838
8.86532
0.945243
0.0885634
0.11403
81
0.0025934
0.220743
0.0197608
0.155791
89
0.0540364
0.648437
59.8437
0.782841
0.0444248
0.455638
53
0.00827988
0.011199
0.0256666
0.142212
79
0.106572
0.811098
20.0131
0.921563
0.0437562
0.100464
80
0.000365748
0.314919
0.0576362
0.273517
68
0.161442
0.191043
50.8803
0.7014
0.0809633
0.303445
8
0.00216637
0.0697419
0.0300536
0.0236631
21
0.0948587
0.844868
70.5083
0.820591
0.0245318
0.222927
69
0.00711247
0.792094
0.0807184
0.371014
80
0.171738
0.466457
30.753
0.914406
0.0555203
0.43581
25
0.00273923
0.182928
0.0878064
0.0907677
15
0.117022
0.0835903
46.1328
0.988071
0.0753014
0.306543
84
0.00179376
0.180488
0.0497013
0.43755
85
0.0693508
0.00139042
55.4157
0.984064
0.0794685
0.140994
50
0.000672524
0.467358
0.0998353
0.435996
55
0.0460427
0.460437
63.7956
0.935199
0.0966375
0.423793
65
0.00296012
0.365319
0.0137326
0.224041
88
0.0915051
0.723236
5.9237
0.920838
0.0940146
0.474779
43
0.000856259
0.283809
0.0379952
0.198078
64
0.0122806
0.793726
30.9833
0.829454
0.0491465
0.158417
37
0.00248077
0.840966
0.0725951
0.409088
2
0.160941
0.634912
38.9538
0.735844
0.0627351
0.182773
27
0.00308571
0.568849
0.0111129
0.0540718
65
0.0095173
0.991947
68.852
0.971275
0.0868404
0.290186
18
0.00431445
0.882772
0.0984886
0.416914
75
0.0378409
0.3187
39.6321
0.986831
0.0221456
0.356812
72
0.00961574
0.736475
0.0674325
0.457959
54
0.0886764
0.870735
26.2323
0.825761
0.0206754
0.235368
99
0.00151853
0.930036
0.0989731
0.187482
12
0.0671442
0.391553
91.8215
0.963016
0.0107375
0.412487
24
0.000438607
0.694299
0.0267009
0.0644401
71
0.0154665
0.756075
51.7955
0.993647
0.0743638
0.467132
25
0.000965456
0.627263
0.0539839
0.381734
97
0.0404793
0.576942
14.6106
0.81552
0.0472777
0.243163
9
0.00674138
0.732302
0.0432089
0.269594
98
0.110499
0.956744
29.3853
0.940324
0.0235568
0.260401
74
0.0075757
0.175406
0.0463112
0.238105
78
0.0373151
0.249924
44.8665
0.998157
0.0237312
0.250654
31
0.00861384
0.445205
0.0533084
0.100501
10
0.189818
0.909062
54.0391
0.76428
0.0570816
0.324695
11
0.000179373
0.50538
0.0370437
0.0993934
4
0.127649
0.236173
71.7493
0.985862
0.0615284
0.22801
82
0.00432435
0.018975
0.0987691
0.34843
8
0.0188427
0.711847
81.0651
0.719746
0.0451176
0.0346901
53
0.00487612
0.139473
0.0362431
0.131043
51
0.0592857
0.367485
6.63046
0.732678
0.0322341
0.426814
17
0.00285865
0.53606
0.0523816
0.253177
100
0.12598
0.559438
94.5881
0.859728
0.0916938
0.451282
26
0.00442125
0.963204
0.0987168
0.304353
80
0.108315
0.588679
52.6068
0.803898
0.0367795
0.47782
54
0.00672017
0.494075
0.093739
0.138859
38
0.152068
0.0123756
13.1363
0.785444
0.0205855
0.354838
61
0.00597736
0.107218
0.0791537
0.480248
70
0.0330696
0.0187736
89.8121
0.918985
0.0462356
0.470462
23
0.00177809
0.815676
0.0317716
0.395187
77
0.156818
0.212572
27.6007
0.972311
0.099814
0.461166
94
0.00636519
0.0157781
0.082309
0.353284
56
0.00652257
0.681453
9.02411
0.735166
0.0764099
0.288271
69
0.00474557
0.416331
0.0267461
0.0664306
47
0.133227
0.55681
78.8962
0.995345
0.0735809
0.221962
21
0.00222881
0.297113
0.0382196
0.260682
84
0.195624
0.0590326
37.1506
0.925905
0.0898347
0.184484
9
0.00761928
0.303253
0.0911375
0.486903
94
0.189561
0.175423
99.8286
0.883726
0.0956821
0.487586
75
0.00494246
0.56005
0.0608702
0.122678
83
0.0551443
0.869887
97.3835
0.817958
0.0390336
0.33397
36
0.00720837
0.636964
0.0461221
0.387022
56
0.161793
0.881552
37.9173
0.861632
0.0730785
0.0503827
4
0.00197131
0.903105
0.0271348
0.261544
48
0.191078
0.715611
73.9382
0.878834
0.0370067
0.106277
95
0.00706739
0.101279
0.0864289
0.292057
15
0.121746
0.162238
0.905306
0.992559
0.058045
0.278749
86
0.00623767
0.0805917
0.0492035
0.178084
36
0.182111
0.350965
63.933
0.717
0.093578
0.125504
55
0.00707022
0.272105
0.0205807
0.218776
93
0.0573876
0.797231
81.2946
0.868448
0.077987
0.416412
97
0.00570512
0.424521
0.0866094
0.133078
1
0.117462
0.316791
43.549
0.935963
0.0576168
0.444666
7
0.00449534
0.288387
0.066701
0.288861
19
0.0881275
0.65663
17.8271
0.737339
0.0246254
0.498614
77
0.00667909
0.257149
0.073201
0.040294
62
0.196907
0.0894001
8.46951
0.745527
0.0400181
0.236253
52
0.00509832
0.400142
0.0627204
0.388231
27
0.0340253
0.928069
11.7816
0.981121
0.0304931
0.362165
77
0.00577371
0.589256
0.0458296
0.365073
42
0.104032
0.292104
80.3461
0.741334
0.0312606
0.313711
38
0.00710853
0.798029
0.0722031
0.0557172
48
0.0304232
0.719943
21.2688
0.996794
0.0990913
0.216113
6
0.00390703
0.775971
0.0191374
0.259897
55
0.0697684
0.816618
37.4387
0.726933
0.0255977
0.414589
41
0.00311421
0.980549
0.0463973
0.0882983
36
0.0928457
0.0872243
32.364
0.86999
0.0512411
0.0570353
77
0.00658672
0.308576
0.0187804
0.230918
60
0.00542121
0.185821
59.06
0.852721
0.0546414
0.32354
54
0.00467117
0.463285
0.0867198
0.190181
69
0.0827354
0.890044
41.791
0.898804
0.0666991
0.213872
61
0.00578498
0.745216
0.0164441
0.174284
7
0.132775
0.617543
10.3394
0.797719
0.086335
0.471298
38
0.00403979
0.461696
0.0326271
0.149291
31
0.0753801
0.531925
7.03501
0.768498
0.0526369
0.218611
91
0.00130156
0.500095
0.0795986
0.251436
76
0.147682
0.147973
74.9658
0.786966
0.0383192
0.177789
60
0.00749095
0.16741
0.0357842
0.408056
16
0.0294309
0.835086
86.536
0.940758
0.0534693
0.270845
54
0.00184322
0.935695
0.052657
0.47943
21
0.187641
0.901027
59.3245
0.783937
0.074102
0.312096
93
0.00419499
0.00953017
0.0673426
0.249153
19
0.133679
0.106106
19.0453
0.812822
0.0770117
0.0393289
17
0.00845397
0.43701
0.0518852
0.115857
58
0.02627
0.882037
81.9275
0.814456
0.0540902
0.16911
50
0.00730768
0.531306
0.0600653
0.0760221
37
0.0803565
0.0649331
61.355
0.956132
0.0509462
0.0846802
23
0.00592298
0.258058
0.0623216
0.202154
90
0.0050752
0.539356
24.5451
0.759825
0.0144959
0.074441
51
0.00914164
0.905191
0.0340749
0.199258
75
0.0501373
0.404019
5.56581
0.879797
0.0760101
0.138527
61
0.00359929
0.744017
0.0360672
0.430234
81
0.155846
0.930916
85.6514
0.794741
0.0974212
0.0777799
37
0.00214575
0.870916
0.0851266
0.30573
41
0.112477
0.935048
88.2796
0.766567
0.0875132
0.00481522
81
0.00601834
0.681541
0.0386398
0.235499
15
0.167921
0.0259419
47.92
0.789202
0.0464587
0.286144
28
0.000517652
0.481927
0.0731475
0.217925
16
0.153121
0.303266
18.2935
0.751179
0.0516749
0.383888
71
0.00905084
0.705093
0.0777892
0.26904
27
0.139554
0.438649
16.8703
0.930555
0.0839059
0.439458
60
0.009798
0.325098
0.0599931
0.469229
62
0.121304
0.682789
94.8578
0.793682
0.0110794
0.175532
89
0.00243711
0.670275
0.0328474
0.409375
70
0.12072
0.123523
77.4194
0.821221
0.0653718
0.00197681
85
0.00246991
0.347124
0.0284094
0.37316
28
0.132158
0.969666
39.0254
0.948957
0.0808536
0.411939
96
0.00725256
0.991772
0.0713833
0.492284
73
0.0561446
0.227288
10.0936
0.741016
0.0821718
0.297777
35
0.00182268
0.218662
0.0880901
0.209626
83
0.187528
0.229877
86.9731
0.860895
0.0965212
0.130733
87
0.000926542
0.215332
0.0736967
0.400107
6
0.129583
0.582461
90.6476
0.828006
0.0978866
0.195571
15
0.0034153
0.724419
0.0963976
0.137438
47
0.0534167
0.429238
97.5736
0.754142
0.0250668
0.234318
79
0.00451261
0.747546
0.0406607
0.249642
39
0.00596222
0.280948
93.9085
0.85829
0.0863026
0.299737
28
0.00692936
0.290455
0.0307219
0.243301
95
0.0272161
0.204703
98.735
0.964267
0.0733198
0.102619
26
0.00682942
0.489729
0.0996391
0.369235
2
0.0806972
0.937598
96.1072
0.743709
0.0585659
0.0666537
17
0.00802012
0.110055
0.0229068
0.322086
24
0.0721988
0.651531
77.0224
0.959355
0.0664859
0.249271
59
0.00155582
0.140761
0.0978706
0.053363
82
0.0380991
0.622045
43.6725
0.847427
0.0387305
0.389833
4
0.00194074
0.933437
0.0168091
0.0420526
4
0.0256979
0.0996182
96.3558
0.716412
0.0438474
0.370726
10
0.00688458
0.0919017
0.068772
0.0742827
99
0.0118982
0.739661
56.8889
0.963314
0.0378758
0.374381
19
0.00919437
0.388431
0.0830906
0.279446
85
0.194661
0.370851
64.8583
0.83308
0.0625569
0.430868
28
0.00690613
0.207793
0.0400699
0.114904
33
0.0779839
0.0224102
12.2939
0.808801
0.0728999
0.193438
83
0.00445565
0.0286387
0.0651898
0.417234
44
0.152454
0.0385032
5.22012
0.808101
0.0318486
0.352406
11
0.00821255
0.202852
0.0737364
0.441919
7
0.111224
0.730659
26.9405
0.952356
0.0196341
0.0220801
55
0.00483778
0.269494
0.0837201
0.0847373
34
0.124893
0.384028
35.3786
0.937354
0.0801286
0.0822516
86
0.00415496
0.724703
0.0503991
0.275117
18
0.012799
0.173258
48.6889
0.985331
0.0609008
0.492612
63
0.0074641
0.596796
0.0972212
0.424406
60
0.146552
0.553931
84.6341
0.816913
0.0999152
0.495554
2
0.00211635
0.672934
0.0892083
0.25917
23
0.0280008
0.879598
82.4866
0.743435
0.0938305
0.382333
63
0.00735247
0.328685
0.0309753
0.335865
4
0.174657
0.544092
5.67197
0.942296
0.0891624
0.167806
45
0.0056568
0.909748
0.0188703
0.445898
8
0.085962
0.39351
58.7628
0.991009
0.0442267
0.162142
64
0.00970057
0.643294
0.0899407
0.169856
31
0.198769
0.703071
48.2274
0.736769
0.0683951
0.159452
57
0.00667147
0.0796907
0.0321088
0.497552
75
0.197497
0.244868
28.1805
0.874796
0.0427457
0.486179
87
0.0095335
0.691015
0.0604005
0.213415
36
0.00334003
0.118148
15.7024
0.718347
0.0956072
0.21249
40
0.00714498
0.896471
0.0253997
0.0967511
26
0.154019
0.276452
72.5615
0.855198
0.030728
0.457577
77
0.00684839
0.91607
0.0470091
0.233783
13
0.169972
0.326057
0.206001
0.95292
0.0170961
0.112271
6
0.0039556
0.287383
0.0420727
0.396079
57
0.100895
0.967122
58.4699
0.932857
0.0269109
0.0925273
8
0.00987758
0.410349
0.090721
0.360991
66
0.0917485
0.323806
98.5406
0.788841
0.059494
0.406643
78
0.00316546
0.631104
0.0545685
0.135179
11
0.129781
0.332
83.7748
0.736266
0.0408885
0.440296
30
0.00271492
0.75393
0.0631966
0.49413
58
0.00868553
0.5005
93.4188
0.893959
0.0306012
0.25451
76
0.00574936
0.6482
0.0310848
0.427333
96
0.0246442
0.00390049
6.5297
0.976799
0.091845
0.332926
10
0.0028986
0.650803
0.01204
0.188374
71
0.0796249
0.800806
25.056
0.826508
0.0166822
0.366715
31
0.00330703
0.356883
0.0753586
0.327867
40
0.0937234
0.780039
13.6759
0.927542
0.0631918
0.320603
98
0.0030104
0.250158
0.0261668
0.266771
87
0.0907458
0.609093
57.3462
0.87641
0.0476572
0.0302359
2
0.00917156
0.00589243
0.0706611
0.08742
66
0.143214
0.304022
90.8457
0.954927
0.0614278
0.121056
62
0.00835543
0.514897
0.0577259
0.0120145
98
0.0829731
0.741117
77.8199
0.819738
0.0521152
0.243853
14
0.00902894
0.487203
0.0477478
0.113846
82
0.0278492
0.874682
95.3435
0.912216
0.0672668
0.387997
67
0.000401163
0.4135
0.0709504
0.256413
96
0.147386
0.75552
40.746
0.891326
0.0662355
0.376867
48
0.00999934
0.85047
0.0593874
0.0271559
98
0.0291481
0.783781
49.1175
0.761998
0.0401266
0.463466
72
0.00416841
0.261049
0.078637
0.0227461
44
0.162845
0.887425
95.4951
0.746504
0.0749173
0.459504
2
0.00645453
0.838987
0.05664
0.48118
65
0.0638031
0.149757
28.3066
0.977708
0.0903386
0.0603145
25
0.00523771
0.988558
0.0755723
0.312046
31
0.0891357
0.0303873
20.3019
0.906581
0.0502394
0.0701914
63
0.00191619
0.698434
0.0162362
0.23349
48
0.00997113
0.397258
98.2147
0.946047
0.014619
0.401364
42
0.00252389
0.710686
0.0323233
0.130472
26
0.192967
0.0604832
61.4186
0.757768
0.0243063
0.106796
30
0.00811712
0.621145
0.0114459
0.22729
33
0.0945666
0.638392
29.8677
0.939246
0.0460015
0.0549971
71
0.00317533
0.521403
0.0719266
0.243978
59
0.0494694
0.329525
9.27665
0.907722
0.0345623
0.251978
53
0.00751842
0.900654
0.0560766
0.346706
15
0.114576
0.287354
35.1125
0.781791
0.0650406
0.140552
97
0.00704802
0.655686
0.0107954
0.125732
90
0.0482683
0.752359
44.4064
0.739243
0.0660495
0.392716
20
0.000642323
0.737127
0.0507836
0.355906
86
0.1427
0.443127
42.4041
0.831048
0.0208662
0.279657
7
0.00717697
0.682737
0.0374519
0.30982
91
0.0161067
0.789811
52.3283
0.881021
0.0524432
0.195991
45
0.00792587
0.945913
0.0920089
0.0327454
23
0.18805
0.343729
93.7807
0.974771
0.0532749
0.313296
28
0.00872333
0.968869
0.0305157
0.138004
2
0.117606
0.182237
3.95165
0.707642
0.0347028
0.166313
3
0.00502162
0.695309
0.0816976
0.328884
12
0.13874
0.13725
85.1225
0.893038
0.0602932
0.446155
38
0.00224141
0.277238
0.0901144
0.00404876
32
0.0142575
0.298277
57.9416
0.88941
0.0184619
0.0371698
47
0.00548071
0.548639
0.0348748
0.371796
62
0.121069
0.925028
73.2327
0.780154
0.0264115
0.341949
76
0.00134165
0.242525
0.0147853
0.254551
84
0.0602084
0.86111
31.7834
0.885791
0.0394122
0.110253
34
0.00852865
0.408662
0.0741207
0.452302
91
0.0700736
0.53242
2.95461
0.842909
0.0564651
0.482286
13
0.00367482
0.123459
0.0455507
0.433674
50
0.105278
0.289968
84.3664
0.998485
0.0945287
0.0749422
95
0.00469014
0.340763
0.0828551
0.105821
85
0.0705251
0.28268
91.3702
0.81412
0.0343659
0.100951
6
0.00348116
0.760912
0.0294109
0.0306054
61
0.127332
0.45973
33.2948
0.859114
0.0191667
0.192036
86
0.00939877
0.0997031
0.0611999
0.0160969
41
0.0598001
0.138464
79.5288
0.900847
0.0846818
0.0154674
41
0.00580529
0.105427
0.0404513
0.266466
30
0.0443645
0.218167
44.3393
0.950375
0.0181767
0.0681315
62
0.00023791
0.778586
0.0181443
0.0461915
70
0.100053
0.825873
36.2767
0.954467
0.0105056
0.465478
55
0.00959304
0.0821124
0.0530839
0.22994
50
0.0516469
0.450769
69.5931
0.970333
0.0487678
0.0162855
75
0.000204457
0.623331
0.087556
0.44896
12
0.0181923
0.0729901
71.3506
0.850919
0.0877376
0.0412697
84
0.00549478
0.428871
0.0783351
0.256957
9
0.198966
0.945989
52.0585
0.919738
0.0788526
0.0988879
93
0.00334425
0.524137
0.0195583
0.410244
25
0.0529262
0.707781
75.6329
0.708739
0.0611979
0.0534988
3
0.00458544
0.311205
0.0312686
0.132526
28
0.0426893
0.378222
58.1
0.996198
0.0374316
0.231667
17
0.00199139
0.570807
0.0794525
0.487854
6
0.14413
0.502398
56.7452
0.956945
0.0296431
0.00572822
74
0.00665026
0.611256
0.0428758
0.254489
24
0.183927
0.81887
96.5283
0.908268
0.0812777
0.115114
11
0.00778711
0.766438
0.0706346
0.425601
71
0.0966506
0.517192
67.5264
0.779981
0.0233257
0.00921403
17
0.00862446
0.487014
0.058777
0.473793
44
0.172751
0.58111
34.111
0.725956
0.0407515
0.386337
61
0.00572781
0.938106
0.0790873
0.271659
92
0.115174
0.600455
47.1166
0.777387
0.0668534
0.380784
99
0.00798041
0.784441
0.0683154
0.0863685
36
0.0409239
0.847338
2.24396
0.752707
0.0607007
0.275554
7
0.00411829
0.515979
0.0230903
0.402641
89
0.0774966
0.644852
27.0534
0.969515
0.0320125
0.317843
33
0.0098373
0.333309
0.0551205
0.440737
52
0.0567342
0.700929
40.3432
0.931339
0.0445932
0.427954
29
0.00319161
0.28036
0.0385183
0.168762
98
0.170634
0.470202
73.1328
0.942127
0.0552476
0.0311038
87
0.00928476
0.601642
0.0126799
0.28301
89
0.0971114
0.0936116
15.1605
0.867113
0.0536394
0.0881878
98
0.00166221
0.636163
0.0481842
0.0835473
79
0.00735331
0.113079
47.329
0.86751
0.067721
0.266503
65
0.00232315
0.878208
0.0968692
0.470284
59
0.0808058
0.807257
54.4143
0.964481
0.0156474
0.36257
19
0.00948473
0.838109
0.063388
0.466034
72
0.0577682
0.675137
91.7033
0.831597
0.0253826
0.2043
35
0.00680719
0.866354
0.0535634
0.418352
40
0.098936
0.247253
73.6592
0.804933
0.0355993
0.347328
95
0.00399018
0.0770451
0.0860998
0.192355
94
0.0019266
0.349083
46.8989
0.863269
0.0113173
0.172378
89
0.00434357
0.497665
0.0766714
0.018578
70
0.176767
0.261016
30.3503
0.91116
0.0293424
0.25842
44
0.00377368
0.243718
0.0388141
0.038442
92
0.0105404
0.903725
96.8035
0.915809
0.0740241
0.355743
12
0.00075617
0.869862
0.0723383
0.0246736
74
0.00423245
0.509317
50.3328
0.778554
0.04306
0.328783
35
0.00226251
0.92446
0.0743684
0.27318
97
0.000432775
0.91561
75.2247
0.827454
0.036823
0.413774
19
0.00686793
0.555394
0.0185901
0.436644
34
0.0892872
0.00767335
78.1916
0.845156
0.0511334
0.0123537
80
0.00201657
0.659498
0.0322725
0.295821
81
0.102268
0.272179
37.6121
0.704054
0.0923653
0.268116
90
0.00154206
0.478346
0.0319572
0.179724
86
0.0497065
0.0676991
24.8598
0.95986
0.0505183
0.341316
86
0.00136292
0.60949
0.0127369
0.303069
68
0.0013774
0.77035
14.3012
0.90482
0.0597518
0.360567
92
0.00623935
0.663609
0.0270783
0.212326
52
0.15666
0.144054
19.8983
0.897487
0.0806123
0.0197722
73
0.0072396
0.379665
0.0930727
0.450243
44
0.0816479
0.0211694
39.3281
0.988772
0.056364
0.15156
73
0.00097449
0.618832
0.0118098
0.206263
75
0.136798
0.4218
37.3339
0.773803
0.0855194
0.285417
61
0.000334138
0.820932
0.0129486
0.200218
95
0.167273
0.124608
62.9124
0.770582
0.0987986
0.150425
59
0.00701341
0.607466
0.0834785
0.0205566
76
0.14888
0.476936
4.60448
0.83947
0.0562355
0.372329
51
0.00264097
0.170612
0.0501335
0.041517
49
0.1868
0.940646
15.9587
0.791649
0.0160287
0.188128
54
0.000481373
0.654283
0.0378321
0.36353
92
0.16659
0.671303
87.4677
0.798381
0.0165682
0.245453
46
0.00977276
0.923962
0.0528205
0.397974
20
0.185079
0.759369
60.2181
0.721949
0.0775709
0.15243
14
0.00392213
0.184816
0.0192729
0.193183
90
0.021357
0.194601
87.0562
0.740192
0.0723331
0.132732
95
0.00633995
0.755002
0.0625567
0.177141
25
0.0836365
0.407268
23.8516
0.96528
0.013643
0.257346
64
0.00809631
0.949081
0.0678242
0.0505788
92
0.0156215
0.440891
48.5024
0.744623
0.083413
0.0403938
97
0.00886113
0.973619
0.0475069
0.229488
37
0.174071
0.336781
39.9383
0.934522
0.0927518
0.0802248
78
0.00738831
0.373129
0.0408076
0.310729
83
0.124068
0.160986
45.373
0.914915
0.0301144
0.0292292
71
0.00788146
0.585453
0.0696383
0.383412
49
0.0874168
0.252296
4.95413
0.902182
0.0329975
0.391788
39
0.000340662
0.942662
0.0471751
0.401635
61
0.00788905
0.495851
99.5735
0.830271
0.0983292
0.117656
65
0.00855443
0.0732112
0.092878
0.278492
74
0.0664014
0.830657
10.4617
0.85234
0.0538378
0.431923
45
0.00738154
0.860238
0.0554574
0.0933396
81
0.138198
0.311946
62.5167
0.792399
0.0799324
0.0437636
80
0.00933469
0.32729
0.0548674
0.0615785
87
0.162197
0.709909
93.113
0.857674
0.0803522
0.434331
89
0.00291725
0.572421
0.0207621
0.383009
95
0.0626421
0.0345
75.0398
0.979431
0.0106169
0.242161
32
0.00168167
0.60057
0.0597676
0.421324
50
0.160162
0.238631
38.7272
0.966249
0.0913223
0.0142171
21
0.007332
0.730209
0.0785222
0.166727
21
0.0847718
0.828562
18.9109
0.945132
0.055887
0.233468
18
0.00728543
0.932046
0.0330231
0.493087
71
0.168405
0.26309
79.9451
0.711129
0.0889941
0.351658
80
0.00758649
0.0660082
0.0716748
0.140223
50
0.172319
0.985878
99.6631
0.809736
0.0694351
0.133827
92
0.00612209
0.134927
0.0960864
0.0652896
68
0.108752
0.513949
54.7415
0.772698
0.0500413
0.103193
91
0.00195883
0.530415
0.01786
0.239559
60
0.0911617
0.521519
65.3301
0.896775
0.0388374
0.301288
73
0.00351684
0.0377454
0.0946157
0.444752
84
0.08705
0.536419
31.4614
0.821735
0.0987147
0.349887
49
0.00382423
0.54418
0.0797344
0.126889
49
0.0316312
0.434669
77.7319
0.947436
0.0746269
0.0735024
53
0.00104846
0.239675
0.0807504
0.428364
65
0.113508
0.994855
46.6617
0.702204
0.0910248
0.358786
49
0.00772264
0.756509
0.084648
0.39714
64
0.103429
0.549346
12.0877
0.83396
0.0586776
0.277586
33
0.00525476
0.739127
0.0145506
0.400642
3
0.0297047
0.382031
27.9043
0.976091
0.0610495
0.206491
88
0.00495389
0.829805
0.0671429
0.361412
64
0.0310763
0.918398
26.5409
0.795667
0.0790159
0.378309
27
0.00389916
0.143737
0.0218536
0.0520036
20
0.193953
0.0509728
65.5828
0.982455
0.0633494
0.239006
25
0.000835996
0.910594
0.0116549
0.275879
79
0.168
0.573956
66.3893
0.96854
0.0327634
0.31642
74
0.00180868
0.7137
0.0710644
0.0725336
30
0.0568564
0.643663
95.7346
0.948627
0.0675655
0.189316
44
0.0026321
0.232478
0.0454019
0.00169806
30
0.151196
0.615024
60.1677
0.707158
0.0238911
0.367937
47
0.00169999
0.135791
0.0123988
0.258288
95
0.0687809
0.602001
79.7103
0.895517
0.0880914
0.0810834
66
0.00537988
0.491795
0.061904
0.358423
99
0.165372
0.488868
6.94137
0.868727
0.0518368
0.0259242
82
0.00653789
0.0904261
0.0156554
0.414011
93
0.0843839
0.312674
5.10021
0.828655
0.0220076
0.0793067
70
0.00440493
0.922016
0.0821083
0.483448
56
0.184377
0.300381
82.9479
0.838636
0.0111379
0.388506
96
0.00851343
0.947732
0.0170129
0.332879
92
0.053655
0.4856
83.1554
0.769028
0.0949401
0.0648957
72
0.00202857
0.193224
0.0905887
0.314458
29
0.163775
0.151454
42.8151
0.714744
0.0385286
0.335897
94
0.00773914
0.528361
0.0636697
0.2458
46
0.160539
0.72182
72.3758
0.961568
0.0786623
0.29896
86
0.00310195
0.0436518
0.0753371
0.112005
78
0.0396012
0.927516
29.1535
0.932246
0.0600196
0.331667
31
0.000308883
0.164483
0.0871332
0.390155
39
0.0360216
0.235135
51.4534
0.774989
0.0333782
0.342829
22
0.00909468
0.378844
0.0825341
0.320816
70
0.120216
0.155368
36.6327
0.710268
0.0275272
0.193821
13
0.00400074
0.557733
0.0473647
0.195025
31
0.0555697
0.0812824
71.9722
0.86245
0.0326721
0.393246
78
0.00146792
0.117236
0.0704756
0.434145
79
0.0248936
0.375019
72.8499
0.987162
0.0431649
0.185124
40
0.00439442
0.361686
0.0811307
0.45555
22
0.153972
0.170494
69.0506
0.882041
0.0470617
0.0118902
70
0.0026892
0.811962
0.0204061
0.297509
6
0.0241943
0.0850857
64.2955
0.898301
0.0375992
0.309031
58
0.00855809
0.511867
0.0748501
0.359615
81
0.139672
0.799523
74.3542
0.958667
0.019535
0.0986257
42
0.00839974
0.826214
0.014021
0.101136
50
0.0185717
0.663085
28.7477
0.754887
0.0783528
0.143042
47
0.00125338
0.830602
0.0839794
0.403542
25
0.0520928
0.338317
86.6499
0.887675
0.031079
0.221272
40
0.00116305
0.0632261
0.0679692
0.102408
53
0.0322013
0.511046
20.9125
0.848685
0.0285058
0.175846
23
0.00123846
0.247802
0.0263487
0.4318
5
0.0764189
0.613506
46.5483
0.844286
0.0992891
0.43778
90
0.00661743
0.534488
0.0628221
0.376314
42
0.00460858
0.308519
45.1602
0.872346
0.0671075
0.115871
82
0.00670892
0.542665
0.0400566
0.456157
61
0.0113673
0.728467
24.6329
0.730281
0.0595454
0.170001
58
0.00996473
0.0581845
0.0416501
0.316927
62
0.0267828
0.697011
50.5344
0.767181
0.0410233
0.129586
9
0.000579821
0.474709
0.0220148
0.108537
5
0.18123
0.188558
28.5141
0.993027
0.0718197
0.309843
71
0.00676726
0.5025
0.0582464
0.208697
94
0.0960952
0.528086
43.2819
0.86388
0.0198182
0.0385237
10
0.00144813
0.891975
0.0343639
0.123216
72
0.184483
0.694537
78.3504
0.816494
0.0177873
0.0249127
30
0.00642747
0.546744
0.0153558
0.241143
93
0.128161
0.560502
80.9201
0.836085
0.0189207
0.493206
24
0.00279624
0.394391
0.0740513
0.0689426
43
0.0447062
0.515789
20.7083
0.724295
0.0692049
0.302339
3
0.00295036
0.603768
0.0843171
0.242111
99
0.164251
0.94315
49.9952
0.772079
0.0761479
0.390956
62
0.00813769
0.926794
0.0375525
0.23745
65
0.17565
0.823885
60.782
0.854854
0.0769541
0.198333
32
0.0079148
0.510415
0.0225477
0.460578
40
0.118977
0.676327
97.6994
0.912498
0.0229184
0.291446
26
0.00890778
0.212211
0.0876015
0.0290534
6
0.180787
0.499282
82.2438
0.775831
0.0573618
0.0715974
32
0.00615774
0.916651
0.0239036
0.161686
41
0.142911
0.922188
31.1012
0.866631
0.0302285
0.281898
80
0.00950863
0.967218
0.0170244
0.263632
23
0.0923866
0.0176854
34.9384
0.938227
0.0657549
0.488591
76
0.00653056
0.964631
0.0331002
0.489546
58
0.0853486
0.274781
10.6743
0.713783
0.0578434
0.316278
63
0.00425677
0.58028
0.0763095
0.337453
28
0.0691053
0.487486
66.6741
0.953736
0.0697145
0.0180699
13
0.00822742
0.0307065
0.0570283
0.215075
35
0.190145
0.768784
7.82555
0.840172
0.011815
0.323086
29
0.00453567
0.426436
0.0813588
0.346007
36
0.0993233
0.0424575
38.3125
0.851641
0.0707093
0.420299
67
0.00620116
0.384129
0.0450142
0.291287
78
0.165921
0.341711
25.839
0.833384
0.0405264
0.104591
84
0.00543107
0.159791
0.0223628
0.475659
77
0.148674
0.992581
65.6216
0.809333
0.0708883
0.125773
33
0.00406459
0.238438
0.0501831
0.00586429
86
0.177738
0.959303
61.7563
0.949851
0.0129813
0.314496
15
0.00313361
0.800842
0.0393008
0.455023
45
0.0137764
0.314815
16.498
0.759316
0.026248
0.469586
37
0.00515819
0.849715
0.0847108
0.306778
18
0.0746881
0.363096
60.9596
0.917072
0.0922261
0.453519
14
0.00187306
0.0458632
0.0684463
0.419915
20
0.0368011
0.0745088
80.4993
0.770047
0.0240987
0.44207
99
0.00482399
0.822884
0.0663432
0.285413
17
0.0557502
0.412233
94.3759
0.922503
0.0629387
0.0238039
16
0.00964198
0.537305
0.0844755
0.0671759
5
0.0760596
0.584778
30.0079
0.946548
0.0942013
0.445627
10
0.00387669
0.227538
0.0305387
0.015843
77
0.155072
0.335704
70.3093
0.941087
0.082759
0.044269
66
0.00966296
0.456766
0.0396388
0.329956
69
0.129176
0.90563
21.6418
0.891749
0.0541949
0.475084
50
0.00013786
0.865058
0.0315811
0.181275
16
0.173078
0.464699
49.4405
0.896708
0.0991327
0.18998
10
0.00331344
0.392321
0.0102929
0.479041
17
0.140342
0.222815
29.5563
0.895661
0.0157819
0.375293
26
0.00100342
0.67836
0.0925567
0.0076398
54
0.179129
0.840594
11.3745
0.978323
0.0138544
0.156426
69
0.00335246
0.508581
0.0104063
0.331333
57
0.11803
0.104076
48.9587
0.877514
0.0883011
0.238266
91
0.00325758
0.563225
0.0569128
0.449142
76
0.0433049
0.456722
76.704
0.960398
0.0947037
0.161404
94
0.00945246
0.114795
0.0563787
0.423225
31
0.131618
0.550959
89.1548
0.943603
0.042199
0.339315
5
0.00491598
0.884526
0.0105809
0.165359
2
0.112874
0.939952
94.1818
0.874534
0.0496662
0.415728
64
0.00870356
0.873923
0.0109987
0.276801
13
0.0791854
0.220228
10.9438
0.853643
0.0816334
0.118533
40
0.00373883
0.81025
0.0179815
0.323905
51
0.0146814
0.368345
72.0185
0.848241
0.0959933
0.145267
48
0.00764411
0.374346
0.0695687
0.0081223
49
0.0782586
0.693193
53.7192
0.715203
0.0323795
0.173294
83
0.00344415
0.594205
0.0816238
0.126052
5
0.17846
0.0970555
34.3906
0.918631
0.0722513
0.240807
51
0.000902995
0.767401
0.0166585
0.151063
71
0.0650371
0.689087
53.9869
0.928058
0.0203227
0.167434
12
0.00775392
0.103185
0.0833243
0.262505
17
0.0785887
0.267719
3.73184
0.920641
0.0101984
0.212627
11
0.00112617
0.199271
0.025065
0.168065
12
0.0469113
0.103475
42.3824
0.97384
0.0887956
0.199901
92
0.00585389
0.224591
0.0291029
0.110657
62
0.157567
0.109434
92.9038
0.709412
0.0292244
0.22409
84
0.00305071
0.733424
0.0689143
0.134413
84
0.130413
0.359066
23.4849
0.858926
0.0831945
0.365944
84
0.00106483
0.300215
0.0595968
0.488081
7
0.144835
0.679097
51.0009
0.722703
0.050797
0.269978
34
0.00228589
0.661444
0.0957766
0.23215
1
0.0680944
0.271808
8.24532
0.916347
0.0872057
0.215336
100
0.00142446
0.071251
0.0478609
0.203465
9
0.0387851
0.126321
28.9105
0.917273
0.0929713
0.0692474
88
0.00370189
0.0657168
0.0520079
0.42263
84
0.0345934
0.320365
16.1679
0.969845
0.0340508
0.146969
42
0.00633448
0.525632
0.0363461
0.0592378
40
0.17326
0.877701
95.1893
0.762806
0.0784269
0.296314
96
0.00520492
0.650305
0.0856307
0.245214
25
0.0713012
0.571152
35.817
0.966933
0.0906719
0.181506
74
0.00475414
0.759748
0.095037
0.391937
39
0.123045
0.744451
18.521
0.7047
0.0480555
0.127778
8
0.00591934
0.159107
0.0934645
0.0920921
73
0.137019
0.0404199
53.3234
0.913981
0.0651501
0.484617
20
0.00904032
0.339087
0.0799209
0.121432
88
0.0771597
0.972613
6.11222
0.818881
0.0504586
0.368476
43
0.00480136
0.687946
0.0486038
0.406599
30
0.0972413
0.70541
90.2116
0.813152
0.0530009
0.0864623
22
0.00937918
0.344048
0.0430844
0.496048
34
0.0736143
0.388089
46.3529
0.713126
0.0638055
0.0760585
74
0.00550603
0.726939
0.050881
0.235675
33
0.185454
0.411102
53.1617
0.893723
0.0227617
0.421227
44
0.00849016
0.703297
0.0235119
0.307731
26
0.00202769
0.655136
36.1914
0.936759
0.087286
0.131434
92
0.00219641
0.812847
0.017204
0.0579211
96
0.139093
0.766677
76.1957
