0.973134
0.0128768
0.188271
86
0.00428899
0.174876
0.0340111
0.280461
29
0.192428
0.315041
12.9687
0.838557
0.0396351
0.0779381
25
0.00643492
0.613002
0.0800047
0.191556
72
0.143088
0.261923
87.5092
0.87536
0.0221333
0.227733
2
0.00681231
0.357391
0.0392406
0.395407
26
0.168862
0.621326
15.867
0.825645
0.0256224
0.280169
4
0.00520418
0.670719
0.024509
0.130337
22
0.0909164
0.57549
26.9876
0.955726
0.075713
0.418674
38
0.00169627
0.909674
0.0483033
0.32084
32
0.163873
0.555024
48.3302
0.91942
0.028274
0.333325
51
0.00377674
0.0104945
0.0110119
0.481783
32
0.04195
0.124257
5.62516
0.767976
0.0210534
0.452974
44
0.00381216
0.659008
0.0464432
0.0452712
58
0.0983542
0.783323
11.5459
0.994988
0.0864656
0.114225
10
0.00571645
0.266145
0.077378
0.420349
37
0.0817514
0.226022
72.9304
0.861335
0.0520783
0.226115
14
0.00727997
0.654404
0.0179165
0.446861
84
0.123883
0.692232
47.9367
0.857808
0.0624396
0.136153
83
0.00827316
0.373775
0.0750052
0.322399
37
0.169735
0.548731
10.9894
0.89314
0.0712098
0.18156
94
0.00101182
0.937636
0.0197509
0.411206
31
0.023225
0.946583
84.6436
0.942526
0.0597159
0.159387
1
0.00872641
0.899226
0.0500749
0.241982
48
0.0214346
0.232575
53.3052
0.806193
0.0386269
0.26369
36
0.00239363
0.65823
0.0787804
0.200631
21
0.183402
0.854319
31.0181
0.931038
0.0279467
0.279035
48
0.00552866
0.319886
0.0490466
0.389053
8
0.00908719
0.323191
83.1936
0.95463
0.0946217
0.035736
91
0.00619433
0.557818
0.0749746
0.168798
45
0.0129525
0.623255
20.4757
0.739873
0.0214341
0.404199
47
0.00479052
0.359992
0.0169386
0.404192
98
0.170604
0.396342
46.0845
0.960142
0.059981
0.204959
46
0.00484565
0.435092
0.0512816
0.334331
31
0.0246403
0.0734047
89.3066
0.951734
0.0527412
0.225157
88
0.000686872
0.153619
0.0690719
0.0900505
27
0.161422
0.349785
84.5465
0.889541
0.0979019
0.00656416
21
0.00722969
0.540337
0.097172
0.373373
94
0.185024
0.306626
67.1113
0.753817
0.0897451
0.146582
48
0.00906122
0.115731
0.0348876
0.324684
69
0.167203
0.717586
16.5611
0.827739
0.0388597
0.0907311
45
0.00261441
0.0962831
0.0893438
0.495381
55
0.02055
0.538349
23.2018
0.994351
0.0525088
0.337575
33
0.00797369
0.861952
0.0535285
0.471984
42
0.181661
0.887086
72.0097
0.854797
0.0649271
0.170007
21
0.00482946
0.547562
0.0523391
0.105562
15
0.149774
0.767703
23.1452
0.893666
0.079007
0.492855
25
0.00793164
0.225845
0.0337702
0.159633
60
0.105202
0.161419
94.4271
0.792153
0.0410355
0.0236505
31
0.00212676
0.214497
0.0948246
0.121277
82
0.0945888
0.192348
16.8412
0.940605
0.0207117
0.376735
36
0.00317976
0.116404
0.0129279
0.0135727
3
0.0857858
0.86533
99.9661
0.981811
0.0202308
0.445806
14
0.00208293
0.170634
0.020048
0.338234
35
0.0651221
0.386292
49.143
0.718854
0.0940561
0.195362
7
0.00912264
0.918462
0.062926
0.176104
69
0.153919
0.685612
50.7781
0.735377
0.0603676
0.398962
89
0.00103969
0.465217
0.0357691
0.0650443
37
0.106201
0.981202
30.4595
0.707498
0.0381686
0.317956
86
0.00272365
0.132265
0.0646972
0.480021
100
0.109051
0.143874
36.1256
0.812567
0.0175234
0.272102
72
0.00661587
0.445558
0.0695046
0.114176
73
0.125213
0.373742
35.0247
0.993826
0.0632565
0.106455
76
0.00502935
0.631726
0.0588318
0.330491
64
0.0997842
0.338599
43.0094
0.936635
0.0660849
0.389482
15
0.00868245
0.706721
0.0458716
0.189771
73
0.0563592
0.393779
24.9586
0.977521
0.0291513
0.484319
73
0.00367946
0.778561
0.0965875
0.484447
96
0.0969684
0.95752
50.0759
0.831885
0.077643
0.368221
78
0.00978607
0.326674
0.0719474
0.450284
82
0.184469
0.87635
68.0163
0.896701
0.0437269
0.31405
49
0.000903096
0.626013
0.08156
0.489001
10
0.00432471
0.908757
70.0194
0.902921
0.045645
0.328168
27
0.00704396
0.695737
0.096819
0.467992
33
0.134877
0.137672
54.7329
0.706007
0.0871335
0.325206
25
0.00399958
0.93417
0.0219721
0.486858
43
0.089449
0.672985
77.9512
0.714305
0.0313574
0.414613
56
0.0060825
0.0454727
0.0603307
0.413458
42
0.0985481
0.18752
44.8949
0.774187
0.0842456
0.0726838
38
0.00452099
0.0204563
0.0118973
0.418004
18
0.0639241
0.776801
98.5484
0.760604
0.0522169
0.444028
9
0.00241142
0.349534
0.0818513
0.0054649
76
0.0614432
0.252168
86.5836
0.794267
0.0877226
0.115645
2
0.00680385
0.80255
0.0680309
0.331401
69
0.117544
0.140313
30.8548
0.997047
0.046555
0.213559
59
0.00337109
0.283562
0.05604
0.177103
60
0.0804414
0.975802
7.325
0.855471
0.0774901
0.22337
41
0.00439011
0.945102
0.0622528
0.498304
93
0.0471282
0.12211
22.0902
0.731877
0.0148505
0.366218
93
0.00264092
0.168045
0.0205841
0.228802
73
0.121392
0.424074
15.5891
0.702427
0.0419991
0.233927
51
0.00884036
0.784379
0.032811
0.0109427
98
0.08804
0.0297008
71.7151
0.885086
0.0857735
0.135471
81
0.00851802
0.347265
0.0664866
0.408485
91
0.00809365
0.472508
62.9087
0.968785
0.0646549
0.0911857
43
0.000143491
0.047323
0.0571242
0.0752799
98
0.139546
0.466991
96.7317
0.911587
0.0793842
0.429284
40
0.00908634
0.895654
0.0857727
0.391259
30
0.052798
0.919399
57.289
0.78278
0.0839745
0.430937
97
0.00597222
0.821764
0.0640719
0.291175
85
0.188194
0.729241
32.2812
0.73908
0.0554408
0.212132
84
0.0010764
0.621781
0.0113229
0.363598
6
0.011912
0.207951
18.5471
0.751449
0.022318
0.494443
78
0.00217445
0.087964
0.0758473
0.0146132
77
0.065535
0.488503
75.5904
0.779631
0.010198
0.00462994
34
0.00409171
0.691606
0.0207283
0.266097
31
0.171077
0.624769
96.2406
0.873411
0.0229539
0.351845
99
0.00115282
0.201129
0.0328926
0.441959
78
0.0624772
0.0427551
36.4638
0.921444
0.0834693
0.487875
96
0.000642458
0.224048
0.0943208
0.0710727
40
0.156711
0.601374
70.4684
0.713516
0.0650837
0.417009
58
0.00559534
0.846432
0.0159685
0.357234
15
0.0729514
0.763713
18.7981
0.819359
0.0293252
0.236646
39
0.00363415
0.0174664
0.0173959
0.163008
20
0.134659
0.110217
36.9611
0.906142
0.0887911
0.437832
16
0.00174145
0.339176
0.0993925
0.364695
67
0.0304583
0.915852
4.53098
0.705557
0.0121414
0.132541
59
0.000403718
0.774214
0.0620909
0.496121
74
0.0302602
0.469707
61.6121
0.700867
0.0720093
0.143757
29
0.00403643
0.0186076
0.0875482
0.198772
49
0.0473746
0.746195
60.4563
0.98989
0.0309249
0.267378
91
0.00368931
0.408782
0.0183133
0.34635
12
0.122514
0.994242
52.0006
0.947231
0.0619041
0.359714
33
0.00166964
0.258407
0.0141666
0.136283
49
0.137565
0.0440386
89.1282
0.833965
0.0380147
0.215847
93
0.00810952
0.313016
0.0491765
0.480619
16
0.130375
0.130828
95.2491
0.708268
0.0785617
0.165743
98
0.00252267
0.140653
0.0946461
0.494208
9
0.00171357
0.429249
69.6657
0.928268
0.0745131
0.345865
94
0.0044534
0.929747
0.0313552
0.124737
46
0.0412156
0.727672
42.4484
0.939779
0.0957011
0.0954592
8
0.00790579
0.554965
0.0233904
0.434923
86
0.116363
0.892154
65.5068
0.835717
0.0261596
0.427827
10
0.00266317
0.663422
0.0191211
0.483879
44
0.173035
0.346122
41.8989
0.838915
0.0241541
0.185686
27
0.00124777
0.644925
0.0287856
0.0977296
69
0.154925
0.788995
87.3121
0.840927
0.0189229
0.364808
4
0.00230855
0.497162
0.0290266
0.42264
33
0.186306
0.589992
45.0892
0.995592
0.0401538
0.348184
96
0.00761783
0.535201
0.0406373
0.0165975
77
0.0784912
0.454081
77.0029
0.888093
0.0872891
0.218074
55
0.000170253
0.922547
0.0320775
0.452362
11
0.0283732
0.582247
86.1357
0.876791
0.0393338
0.0363256
89
0.00379381
0.751107
0.0898178
0.256077
96
0.0573704
0.753813
32.9744
0.804998
0.0289958
0.41722
50
0.00465352
0.357121
0.0883075
0.247806
47
0.173268
0.515537
98.2127
0.8868
0.0376444
0.378778
16
0.00751588
0.257349
0.0684237
0.151447
40
0.0889788
0.563646
44.0655
0.998029
0.0952124
0.481295
34
0.00701784
0.702515
0.0547912
0.0720822
89
0.0861267
0.787082
45.8442
0.810991
0.0317432
0.294111
44
0.00623768
0.0356006
0.0908721
0.00873507
23
0.100551
0.8332
19.4993
0.84764
0.0601078
0.0598192
15
0.00645079
0.904983
0.082321
0.0115711
39
0.155438
0.215217
17.8161
0.891749
0.0820491
0.141855
17
0.00567098
0.939736
0.0997335
0.17235
81
0.0294358
0.297409
10.4451
0.783958
0.0750256
0.335813
75
0.00332479
0.858747
0.0511401
0.00970251
2
0.0446663
0.337398
17.1505
0.766909
0.0412147
0.489735
82
0.00560808
0.807578
0.013211
0.31194
57
0.186979
0.986543
9.34607
0.706698
0.0672777
0.499161
98
0.0019441
0.771322
0.0663154
0.399618
67
0.0277384
0.890747
33.3829
0.724836
0.033828
0.486414
60
0.00140086
0.508604
0.0304078
0.319903
12
0.128796
0.440001
25.4455
0.788125
0.0445106
0.0345862
62
0.00664737
0.759377
0.0465723
0.208954
36
0.0617202
0.51117
40.5086
0.98813
0.0113109
0.076762
4
0.00476054
0.486757
0.0677907
0.182755
86
0.0192563
0.540821
1.08731
0.92697
0.0375279
0.348451
59
0.000565475
0.59742
0.0433201
0.268044
57
0.167752
0.340365
50.2073
0.966551
0.0294891
0.473735
13
0.00584628
0.86748
0.0417778
0.225911
63
0.188799
0.973429
96.5965
0.853784
0.053929
0.0715936
80
0.00890637
0.348859
0.0648502
0.46592
89
0.0142661
0.324848
38.1917
0.760117
0.0464659
0.104906
84
0.00202873
0.743236
0.0229866
0.367372
65
0.10695
0.950416
74.4561
0.879428
0.0938355
0.039372
63
0.00635495
0.249895
0.025471
0.101983
33
0.195706
0.895103
25.1694
0.969412
0.0909673
0.288283
42
0.00404546
0.962646
0.0299077
0.462135
65
0.108307
0.659143
85.0234
0.858129
0.0126047
0.067909
100
0.00467377
0.422924
0.0768443
0.0441178
99
0.129941
0.715378
37.8667
0.871969
0.0296253
0.198644
16
0.00862569
0.524399
0.084572
0.370591
84
0.124122
0.0105883
62.6965
0.732842
0.0556112
0.0120008
61
0.00138557
0.274289
0.042506
0.125231
10
0.0507395
0.44201
75.189
0.949833
0.0371458
0.330695
13
0.00291971
0.60035
0.0261189
0.0632477
21
0.0186678
0.725016
34.1059
0.809447
0.0831457
0.295789
53
0.00972132
0.0383078
0.0798292
0.366797
4
0.00132089
0.360566
34.9499
0.85621
0.0324467
0.422283
56
0.0073404
0.0515255
0.0517681
0.0838966
48
0.0664798
0.194625
21.9844
0.894754
0.0337469
0.358932
68
0.00904858
0.99474
0.0226566
0.419605
88
0.150006
0.626622
83.2891
0.899825
0.0226684
0.230164
87
0.000190326
0.230413
0.0590453
0.352305
9
0.0381637
0.566751
62.0714
0.75614
0.0347042
0.077244
68
0.00765291
0.694559
0.0585368
0.212532
99
0.186577
0.808603
91.2128
0.988313
0.0913014
0.234762
58
0.00985265
0.529996
0.0386356
0.347376
26
0.137734
0.247568
32.56
0.898523
0.0318359
0.490028
83
0.00074032
0.604333
0.076286
0.26422
38
0.114973
0.0504084
40.9874
0.846829
0.0953313
0.0311632
26
0.00321855
0.624197
0.0677093
0.169796
78
0.0317147
0.422872
78.4458
0.87474
0.0350478
0.461204
5
0.00114748
0.3012
0.0268573
0.12344
16
0.16516
0.819775
4.82946
0.956007
0.0212923
0.413488
37
0.0037072
0.0840233
0.0657397
0.428889
68
0.0376757
0.414028
39.8902
0.980845
0.0251761
0.161356
8
0.00878647
0.727115
0.0384857
0.244798
22
0.0841527
0.814417
26.6932
0.76116
0.0310636
0.444276
65
0.00920447
0.817211
0.0593484
0.294383
10
0.0597321
0.0902496
79.5315
0.782204
0.0461195
0.0440621
64
0.00809081
0.279612
0.0575953
0.355631
75
0.157126
0.264344
44.5022
0.840143
0.0717689
0.215294
63
0.00549037
0.640798
0.093338
0.165279
44
0.0436698
0.873755
29.6916
0.776119
0.0184381
0.113761
66
0.00149772
0.761636
0.0595204
0.383968
74
0.114636
0.759359
76.2835
0.81869
0.0260022
0.462712
41
0.00963152
0.0225113
0.0830537
0.3078
80
0.00379681
0.436565
46.282
0.859919
0.0154763
0.20849
21
0.00219121
0.0582477
0.0153969
0.383016
81
0.188996
0.863942
74.1466
0.957782
0.0190951
0.0425082
64
0.002229
0.551564
0.0986238
0.0501116
9
0.158542
0.179563
92.4735
0.862292
0.0326641
0.451164
81
0.00770608
0.481842
0.0885176
0.143008
58
0.10379
0.700618
55.2759
0.897654
0.0365787
0.196048
89
0.00611762
0.245827
0.0854018
0.0312456
99
0.0160668
0.411517
15.7289
0.948631
0.0432783
0.313227
81
0.00833544
0.850472
0.0687546
0.384673
30
0.176653
0.236772
28.3602
0.796998
0.0249082
0.31079
2
0.00580779
0.880444
0.0361133
0.315194
95
0.0751094
0.220513
86.6795
0.868018
0.0408405
0.173138
51
0.00989745
0.0979683
0.0316197
0.0737483
65
0.0516805
0.0656249
93.2927
0.814605
0.0700229
0.435354
63
0.00730018
0.178612
0.0365619
0.353948
8
0.0850945
0.3842
48.078
0.717837
0.0642954
0.328843
29
0.00603314
0.137376
0.0144101
0.193884
62
0.142606
0.816276
63.1618
0.986831
0.0356932
0.477824
93
0.00652402
0.964802
0.046751
0.261968
79
0.0489583
0.300825
23.8982
0.788705
0.0111544
0.240272
85
0.00936013
0.980703
0.0224307
0.0818731
64
0.153077
0.151319
18.8692
0.904403
0.0206171
0.0055201
24
0.00191395
0.871715
0.0733619
0.194877
62
0.0783602
0.556644
81.8602
0.869138
0.0390323
0.199845
51
0.00526971
0.184132
0.0196909
0.144488
19
0.131431
0.962624
65.776
0.944003
0.0890597
0.303419
49
0.00423393
0.310381
0.0557679
0.352062
24
0.166279
0.32014
87.9352
0.858493
0.0697598
0.262515
14
0.00955168
0.503642
0.0766468
0.179079
18
0.00926513
0.305811
8.9428
0.703352
0.0915528
0.38808
82
0.0050535
0.196561
0.0237663
0.398507
75
0.181546
0.0615594
80.9612
0.813053
0.094222
0.0468551
83
0.00921022
0.0538597
0.0791786
0.43376
88
0.000187257
0.331488
90.7894
0.771174
0.0107497
0.134373
69
0.000631291
0.235624
0.0811671
0.0947609
53
0.0600849
0.713109
17.6964
0.828933
0.079846
0.139657
71
0.00592863
0.88361
0.0447282
0.101608
38
0.0580844
0.720521
14.843
0.991218
0.0340028
0.267567
53
0.00706808
0.80076
0.0410065
0.16818
87
0.180283
0.903262
82.6862
0.977444
0.0679407
0.262065
30
0.00853583
0.811596
0.0915256
0.340978
2
0.152258
0.761231
92.7479
0.747325
0.0837685
0.133046
56
0.0047517
0.520897
0.0896301
0.41678
55
0.0325414
0.5999
24.5002
0.850438
0.096415
0.42653
12
0.00133794
0.455838
0.0779513
0.233916
17
0.168565
0.370786
0.563261
0.862735
0.0743618
0.00342499
55
0.0031142
0.901352
0.0928707
0.360489
60
0.120341
0.595025
46.9182
0.918609
0.0927275
0.0966941
70
0.00624437
0.341151
0.058009
0.35091
4
0.17511
0.794332
83.619
0.834712
0.0136113
0.479174
23
0.00699389
0.220879
0.0872092
0.36547
68
0.0621969
0.936307
68.7398
0.967606
0.0765569
0.179362
95
0.00965275
0.733162
0.0553692
0.171537
52
0.00673796
0.978387
22.8325
0.93708
0.042999
0.168265
6
0.000881595
0.123288
0.0264211
0.218703
19
0.135598
0.845325
32.7359
0.906532
0.0786971
0.0877999
31
0.002877
0.608346
0.0810744
0.0681983
88
0.0641403
0.821775
76.6279
0.97925
0.0636394
0.0486086
63
0.0052445
0.515224
0.083709
0.426308
23
0.0592126
0.217106
79.2623
0.76474
0.0378573
0.495909
54
0.00254818
0.35438
0.0243558
0.0700362
57
0.0356037
0.329008
55.8177
0.713106
0.0675146
0.309952
54
0.00931417
0.836981
0.048789
0.0803467
71
0.198842
0.695615
52.9973
0.941259
0.0275742
0.192381
30
0.00820465
0.822359
0.0824557
0.235618
47
0.165945
0.446201
72.7433
0.704962
0.0407215
0.451001
1
0.00923498
0.596595
0.0157514
0.432235
89
0.163574
0.77217
8.0186
0.900894
0.0734453
0.386839
45
0.00573429
0.855148
0.0239637
0.313723
71
0.0715041
0.869143
6.6377
0.895915
0.0990066
0.0259986
84
0.0066564
0.687584
0.054035
0.485913
54
0.144536
0.461258
7.59622
0.741924
0.0538398
0.277498
20
0.00540293
0.48933
0.0642053
0.120528
85
0.190013
0.649995
74.3489
0.991991
0.0828641
0.439722
70
0.00570073
0.218899
0.0369902
0.435982
39
0.0773555
0.311365
44.3432
0.937587
0.0714768
0.318861
50
0.00284829
0.703894
0.0294903
0.0298094
51
0.0464674
0.602007
16.6849
0.922403
0.084598
0.472237
19
0.00874989
0.869131
0.0598195
0.0175751
50
0.0398972
0.483953
40.6361
0.762739
0.0867019
0.420055
64
0.00944737
0.731031
0.0516659
0.218371
90
0.0799163
0.375285
7.7124
0.95366
0.0995427
0.049986
37
0.00076483
0.292948
0.0682843
0.186826
87
0.137176
0.139984
41.0585
0.709027
0.0476924
0.397268
65
0.00750445
0.754165
0.0984158
0.402381
84
0.056935
0.0799811
94.0031
0.861926
0.0934789
0.491062
88
0.00514148
0.989106
0.0530078
0.239597
17
0.0218151
0.344778
19.2869
0.772466
0.0896107
0.251188
18
0.00136617
0.75018
0.090222
0.126022
52
0.10647
0.527746
99.772
0.914941
0.082184
0.0111221
28
0.00710297
0.309017
0.0770068
0.453762
51
0.0792665
0.831068
25.2711
0.74136
0.0858691
0.388276
7
0.00748357
0.853905
0.0990973
0.492309
35
0.139859
0.462947
65.8888
0.730321
0.0843839
0.0544903
44
0.00460912
0.827947
0.0710397
0.338943
42
0.0347787
0.605618
91.1998
0.7145
0.0237862
0.190112
35
0.0059198
0.533177
0.0599541
0.148684
28
0.0309844
0.569777
73.1797
0.839459
0.0677254
0.399318
46
0.000211122
0.747191
0.0107228
0.275799
46
0.146966
0.177474
84.8785
0.932729
0.0853509
0.0100921
69
0.00261751
0.648073
0.0786049
0.375355
19
0.0839055
0.518677
75.3739
0.885421
0.0920941
0.0406126
12
0.00463402
0.364694
0.052555
0.290229
7
0.050234
0.353199
66.6358
0.803421
0.0528672
0.401273
32
0.00301144
0.984294
0.0103908
0.201645
72
0.00313524
0.529499
53.7057
0.797787
0.0287061
0.412907
12
0.00695251
0.825539
0.0587248
0.469913
68
0.190633
0.00525705
41.46
0.962532
0.0686253
0.163009
64
0.000726262
0.94921
0.0111487
0.499863
13
0.108549
0.222525
85.5407
0.931453
0.0177165
0.331583
45
0.0089441
0.382417
0.0616146
0.152763
71
0.193974
0.0362377
39.2994
0.849143
0.0268108
0.394616
65
0.00304303
0.770247
0.0472019
0.0616463
16
0.198313
0.565295
80.1511
0.934058
0.0474695
0.442372
60
0.00270325
0.0674951
0.0660693
0.0603079
89
0.185503
0.64525
1.36726
0.701673
0.0548357
0.360461
54
0.00393609
0.164651
0.0479607
0.477972
13
0.0144577
0.875823
44.6134
0.964235
0.0244563
0.467889
67
0.00433677
0.413376
0.0899836
0.274137
94
0.0742716
0.405733
58.8619
0.91609
0.0739341
0.0830854
92
0.00333657
0.926335
0.0514279
0.46415
18
0.044123
0.42655
67.8142
0.865195
0.0575315
0.357808
8
0.00286936
0.580684
0.0794452
0.390934
75
0.183065
0.920774
1.82238
0.959841
0.0968504
0.0847723
90
0.00375154
0.926122
0.0432457
0.431929
34
0.0678329
0.134332
24.3605
0.8645
0.062705
0.204584
10
0.00535982
0.764667
0.0216902
0.222652
12
0.157647
0.580167
43.2066
0.93584
0.0117958
0.31531
85
0.0045781
0.86489
0.0419757
0.330048
66
0.00546974
0.255902
58.4129
0.87046
0.0728191
0.143713
40
0.00637012
0.795552
0.043542
0.147287
41
0.0182225
0.671665
10.7217
0.965445
0.0235852
0.0731616
79
0.00876506
0.0479885
0.0376559
0.212774
63
0.107222
0.73896
88.5178
0.791381
0.0788093
0.118613
33
0.00066642
0.400684
0.0201668
0.436976
32
0.141431
0.395384
35.4266
0.865983
0.0571852
0.103485
77
0.000991778
0.578287
0.0445029
0.205911
49
0.011424
0.691618
5.58203
0.909807
0.0328085
0.252859
97
0.0098689
0.8576
0.0741906
0.400246
23
0.0901855
0.381444
3.20778
0.778911
0.0140718
0.411831
74
0.00165173
0.342212
0.0137347
0.284596
70
0.0172011
0.317268
25.6687
0.779005
0.0166341
0.157041
30
0.00835331
0.974417
0.0582783
0.27006
40
0.0122153
0.113291
64.6193
0.773177
0.0264914
0.175723
40
0.00411613
0.573484
0.0455544
0.127371
11
0.161
0.525624
99.4532
0.756625
0.0746986
0.320201
42
0.00973118
0.299029
0.0880039
0.198501
56
0.0087624
0.369206
30.2996
0.915632
0.0970113
0.381494
97
0.00395337
0.241339
0.0726912
0.135153
64
0.0865757
0.801291
49.8873
0.972656
0.0383457
0.281719
66
0.00235129
0.979911
0.0937259
0.343103
35
0.0764717
0.0986212
99.1041
0.92274
0.0589569
0.344566
13
0.000597241
0.0751083
0.067378
0.0223382
13
0.197417
0.848905
95.8239
0.913188
0.0171951
0.280758
72
0.00788743
0.831314
0.0721128
0.345921
67
0.158233
0.938388
34.4132
0.780243
0.0703319
0.460251
76
0.00740635
0.286092
0.0282379
0.196633
98
0.112103
0.997476
90.8161
0.8372
0.0142151
0.374944
75
0.00957341
0.892585
0.0343758
0.039051
52
0.0965669
0.459751
71.5209
0.70864
0.040251
0.190794
84
0.00837873
0.203478
0.0274226
0.156236
80
0.110429
0.27591
68.5593
0.859401
0.0574314
0.138314
48
0.0027599
0.148334
0.0485745
0.394577
15
0.130886
0.559369
17.3595
0.920049
0.0722456
0.206653
81
0.00469141
0.933778
0.0996063
0.223555
37
0.0170627
0.492293
27.4432
0.709713
0.0681143
0.156306
9
0.004496
0.591163
0.0814453
0.489862
55
0.126903
0.419494
88.1694
0.860637
0.0144672
0.363446
47
0.00384708
0.96058
0.0666038
0.0879753
27
0.123182
0.294776
76.8499
0.787693
0.0988953
0.425682
49
0.00627647
0.887619
0.0510163
0.0860448
27
0.121117
0.79954
89.9256
0.758226
0.0276655
0.260281
69
0.00960691
0.216667
0.0314964
0.17967
90
0.122088
0.439163
93.9726
0.907063
0.0847313
0.269027
75
0.00434865
0.306638
0.0735737
0.230363
72
0.0323526
0.0225677
59.0103
0.83006
0.0513694
0.374184
73
0.00273987
0.204027
0.0116798
0.257153
21
0.0657513
0.477316
29.0996
0.711424
0.0881854
0.436891
87
0.00412029
0.79922
0.0543457
0.382023
44
0.184068
0.932038
43.7515
0.87623
0.0551887
0.242283
45
0.00225668
0.378193
0.0256148
0.328276
66
0.0332831
0.504868
82.3826
0.804613
0.0239933
0.361283
66
0.00126761
0.559374
0.085122
0.227201
68
0.0124112
0.561883
48.8182
0.848319
0.0498452
0.308067
67
0.00576327
0.419467
0.0228539
0.283694
16
0.169571
0.861859
77.2361
0.842076
0.0195669
0.353959
96
0.00547556
0.758219
0.0670984
0.267303
30
0.134016
0.912749
31.381
0.991532
0.0483448
0.0338015
60
0.00649501
0.943828
0.0806959
0.275286
73
0.18099
0.249554
9.76146
0.733709
0.0695525
0.123367
29
0.00674852
0.379264
0.0904743
0.425999
50
0.0364047
0.154798
37.1186
0.903874
0.0815522
0.370084
99
0.00805087
0.366866
0.0693751
0.100343
14
0.151245
0.617372
67.765
0.961318
0.0404867
0.316993
19
0.00540792
0.475551
0.0235346
0.31013
97
0.0972214
0.543717
47.2516
0.996194
0.0508244
0.379876
29
0.00968806
0.0773818
0.0618542
0.368374
65
0.0340798
0.335134
36.785
0.807767
0.0110284
0.336747
36
0.0027785
0.777689
0.0719137
0.0193403
27
0.0051343
0.925341
81.5351
0.880775
0.062323
0.385153
29
0.00534561
0.930981
0.0438453
0.221514
34
0.1153
0.189653
6.56153
0.769341
0.0715632
0.301145
43
0.000340605
0.207201
0.0390406
0.137633
41
0.0844119
0.837757
2.80706
0.824602
0.0982852
0.0575329
7
0.00556237
0.276175
0.0862685
0.455024
23
0.0263788
0.710467
11.2359
0.820717
0.0570332
0.167079
42
0.00575262
0.042784
0.0705758
0.035533
53
0.196393
0.719376
95.7977
0.815627
0.0492132
0.00803849
16
0.00120035
0.602
0.0251224
0.478605
57
0.183964
0.843823
54.91
0.921059
0.0218579
0.177184
84
0.00579038
0.210641
0.0617584
0.0255945
83
0.0803194
0.533033
15.1783
0.912417
0.0263185
0.482234
69
0.001709
0.318865
0.0652576
0.208259
29
0.198523
0.0318432
94.9782
0.892011
0.0284806
0.287079
77
0.00249926
0.89688
0.0645214
0.00206692
90
0.0733739
0.709421
51.7197
0.844322
0.0472443
0.221557
58
0.00952193
0.00697493
0.0878308
0.0997744
11
0.0918756
0.299777
19.1159
0.740884
0.0448076
0.447114
23
0.00131475
0.157189
0.0441277
0.318968
5
0.119571
0.478814
86.9131
0.79321
0.028859
0.455735
19
0.00823864
0.208586
0.0532134
0.160975
47
0.0886696
0.78436
25.8807
0.744882
0.0914163
0.0183132
99
0.00807676
0.781552
0.0384253
0.0694811
92
0.00353814
0.0710701
29.2767
0.883144
0.0801943
0.397123
57
0.00779232
0.494318
0.0473887
0.0574465
6
0.0809007
0.416306
58.6404
0.845274
0.0439109
0.469393
93
0.00897251
0.176581
0.0496442
0.405412
63
0.0933334
0.885538
14.3037
0.938414
0.0628881
0.423733
62
0.00860603
0.969444
0.0217253
0.033837
52
0.0635126
0.238049
63.9443
0.924366
0.0179013
0.275161
22
0.00382629
0.463777
0.0611146
0.385558
64
0.100354
0.495839
93.4679
0.911021
0.0272322
0.402332
4
0.00563464
0.237725
0.0274696
0.0964482
38
0.133371
0.704472
76.5116
0.808438
0.0894815
0.0758259
7
0.000283696
0.321952
0.0567544
0.325642
14
0.071807
0.982101
21.2555
0.842464
0.0640551
0.341894
15
0.00774793
0.791905
0.0865691
0.415678
93
0.140043
0.166795
56.7636
0.789479
0.0104895
0.291078
77
0.00880992
0.253466
0.0858935
0.48796
86
0.160432
0.780066
56.8383
0.747035
0.0441238
0.424916
35
0.00836084
0.471177
0.0461657
0.490222
29
0.194829
0.922816
26.5294
0.895243
0.0416493
0.209216
100
0.00153972
0.634084
0.0551954
0.0286414
63
0.0137321
0.641098
95.1678
0.866392
0.0592174
0.206313
46
0.00944453
0.195082
0.0333524
0.242547
57
0.178422
0.0538783
65.2296
0.852018
0.0825221
0.179902
6
0.00365045
0.492698
0.0561142
0.297006
83
0.00761367
0.391208
42.0242
0.720729
0.0349321
0.155005
96
0.00175376
0.952067
0.0422519
0.321719
60
0.125867
0.1906
36.3495
0.791946
0.0611389
0.33849
64
0.00628446
0.411152
0.0322203
0.109962
18
0.16164
0.128927
80.5439
0.985726
0.0159657
0.110248
28
0.00348168
0.130136
0.0957382
0.0598137
91
0.077009
0.0845488
95.4848
0.750057
0.047957
0.16021
95
0.00210088
0.572047
0.017126
0.449753
61
0.0197682
0.754962
88.713
0.986024
0.0795812
0.438842
44
0.00456758
0.998994
0.0954424
0.401832
83
0.175365
0.358609
85.9284
0.983538
0.0586986
0.356113
80
0.00671423
0.244962
0.0355353
0.378419
12
0.0920327
0.656267
94.7209
0.71061
0.0530783
0.255173
38
0.00192986
0.435604
0.0352055
0.0276133
19
0.0290644
0.357755
72.2946
0.880499
0.034273
0.0794606
36
0.00840283
0.27319
0.0449908
0.412243
66
0.0259197
0.0569751
14.6688
0.768529
0.0803582
0.232863
39
0.000446114
0.756115
0.0106543
0.348588
43
0.195494
0.517251
50.4305
0.758746
0.0209292
0.0536583
39
0.000931111
0.682331
0.0572002
0.299155
86
0.0990467
0.174996
27.9196
0.783254
0.054639
0.0810161
47
0.00197232
0.128903
0.0866956
0.369413
22
0.097671
0.21327
79.1762
0.764224
0.0809559
0.371278
80
0.00925361
0.913158
0.0611842
0.0426361
14
0.0105913
0.183751
11.6566
0.701876
0.0543043
0.0436294
100
0.00489644
0.33123
0.0155776
0.191806
29
0.138243
0.534007
22.6513
0.901776
0.0959077
0.483773
84
0.00787491
0.630347
0.0176911
0.0432884
75
0.0738322
0.287229
74.8888
0.971458
0.0422868
0.434896
32
0.0041886
0.402836
0.0752263
0.291919
60
0.0410127
0.635927
12.6672
0.757546
0.0273287
0.464132
63
0.00770147
0.271262
0.0508324
0.0588182
21
0.000640488
0.0833582
41.6851
0.912017
0.0353888
0.0580574
40
0.000934049
0.581374
0.0404913
0.105985
41
0.0591312
0.81268
63.5977
0.897072
0.0902287
0.396011
44
0.00247092
0.649996
0.0122824
0.103561
62
0.0609296
0.944514
54.5413
0.872351
0.0761186
0.0252213
62
0.00601965
0.232804
0.0389176
0.133516
49
0.0536136
0.506132
21.7077
0.82509
0.04905
0.0656846
98
0.00698565
0.495278
0.082086
0.299621
35
0.199292
0.993027
27.6701
0.908125
0.0639335
0.370575
30
0.00564557
0.916884
0.0172542
0.349948
79
0.17011
0.127902
91.4359
0.967101
0.0874561
0.401084
78
0.00967794
0.290069
0.0828367
0.037088
78
0.148609
0.948991
13.6851
0.76574
0.0748054
0.39145
22
0.00350849
0.453298
0.0915845
0.444239
19
0.111119
0.544301
71.0082
0.97683
0.0812685
0.286377
32
0.00142893
0.332465
0.089458
0.292715
11
0.111369
0.498859
70.8913
0.98022
0.0100998
0.385758
20
0.0081501
0.543157
0.0881479
0.145073
9
0.15757
0.399177
5.95978
0.899627
0.0865013
0.0247492
17
0.00759934
0.10482
0.0102161
0.0927334
78
0.0228065
0.0488404
81.3961
0.795228
0.0594167
0.342931
91
0.00486024
0.957501
0.0772958
0.203447
72
0.173682
0.153111
81.0326
0.969984
0.0385501
0.183802
96
0.000421967
0.403613
0.0538967
0.112991
17
0.153313
0.866442
72.5058
0.843979
0.0242516
0.1453
6
0.00655703
0.39873
0.0833653
0.0813108
93
0.0238355
0.0802016
3.84011
0.799967
0.0665125
0.288639
91
0.0047299
0.952785
0.0960977
0.295584
82
0.0271774
0.196931
97.8722
0.715735
0.0559336
0.33968
98
0.00298042
0.586119
0.061474
0.0621153
62
0.072789
0.48094
69.4751
0.877759
0.0567433
0.22713
50
0.000701539
0.10978
0.0606157
0.0151901
58
0.171803
0.878031
51.1254
0.790873
0.0453144
0.382419
60
0.00660335
0.903562
0.0992499
0.362665
5
0.121953
0.420637
80.6072
0.970754
0.0139166
0.309322
24
0.00439926
0.993494
0.0582102
0.0517113
54
0.0477536
0.0748439
26.3104
0.869255
0.0234752
0.316008
27
0.00974762
0.675186
0.0979851
0.173825
70
0.0940684
0.666636
0.630143
0.943169
0.0986437
0.329999
74
0.00259319
0.0366799
0.0951199
0.278303
55
0.19358
0.901105
38.2511
0.957075
0.049677
0.104728
91
0.00345696
0.879518
0.0537201
0.0363059
18
0.127604
0.835379
61.4537
0.750864
0.0590198
0.0939519
81
0.00588591
0.590366
0.0708803
0.248948
22
0.138625
0.856651
59.5671
0.975121
0.0924367
0.415824
86
0.00755494
0.849369
0.028587
0.172749
30
0.196762
0.285757
99.2703
0.812369
0.0781227
0.0620384
38
0.00864334
0.666532
0.0211217
0.107744
1
0.124805
0.200609
30.1114
0.923778
0.063071
0.0690109
94
0.00349707
0.00301005
0.0742795
0.185823
25
0.141055
0.208105
87.1448
0.851723
0.0928658
0.272735
6
0.0073553
0.412784
0.0276413
0.220468
93
0.196976
0.293005
16.3195
0.974992
0.0618397
0.149715
99
0.00801024
0.592928
0.0845055
0.269084
29
0.0831457
0.451581
10.2941
0.813711
0.0486796
0.0199298
55
0.00110767
0.724735
0.042989
0.47587
10
0.0459494
0.0243387
84.1978
0.873754
0.0510271
0.265739
33
0.00990848
0.570585
0.0962823
0.00107835
71
0.0352862
0.896127
39.5699
0.950451
0.0305611
0.0895989
13
0.00632912
0.885509
0.0150361
0.47275
56
0.033976
0.242034
53.1266
0.704276
0.0892996
0.304884
61
0.00189416
0.351903
0.0920171
0.0561243
43
0.126704
0.930484
83.4466
0.929957
0.0524171
0.0849487
40
0.00281479
0.513848
0.0876552
0.234945
91
0.132254
0.734225
18.1382
0.749118
0.0883372
0.325616
79
0.00204956
0.345206
0.0842739
0.224899
24
0.0541448
0.850319
97.3316
0.728071
0.0194195
0.140776
9
0.00918369
0.198495
0.0733405
0.3981
100
0.193169
0.485686
3.00673
0.717217
0.0107051
0.431617
72
0.00357391
0.426873
0.0162257
0.249664
2
0.132572
0.733337
1.62041
0.863681
0.0488045
0.428737
6
0.00521033
0.46131
0.0685769
0.0913953
20
0.101333
0.181262
39.1223
0.836939
0.0967108
0.409019
95
0.00892866
0.478221
0.0133919
0.372026
81
0.147751
0.889903
57.6021
0.930695
0.0742139
0.0226363
18
0.0024475
0.878214
0.0125121
0.160295
2
0.109771
0.0865403
27.2119
0.893951
0.0187453
0.454737
50
0.00470504
0.0554196
0.0980616
0.318037
17
0.0788865
0.779756
20.9176
0.7661
0.0779171
0.115873
67
0.00732434
0.431093
0.0869769
0.0761035
3
0.103009
0.241895
23.6223
0.726526
0.0504528
0.333866
3
0.00545597
0.832801
0.014616
0.0408005
51
0.0405142
0.546508
42.688
0.941673
0.0818409
0.149425
92
0.00977111
0.982931
0.0782598
0.131684
45
0.0101769
0.234332
90.3726
0.945297
0.0542384
0.0288476
8
0.00300064
0.638311
0.0873298
0.0187008
81
0.0450111
0.169705
12.1056
0.929117
0.0494808
0.0321061
42
0.00927272
0.921725
0.071669
0.246147
67
0.054755
0.682949
76.1595
0.743995
0.0900654
0.261368
25
0.00515622
0.941432
0.0504508
0.287275
78
0.145009
0.291077
47.5791
0.798902
0.0501931
0.285217
24
0.000776714
0.56703
0.0120051
0.187949
16
0.0267371
0.132972
37.2031
0.736789
0.0936715
0.169325
66
0.00295722
0.450218
0.0747625
0.116574
54
0.0957565
0.401982
70.7665
0.740571
0.0682304
0.446677
90
0.00315934
0.0330802
0.0126475
0.45718
92
0.159
0.0668165
4.39436
0.907911
0.0584756
0.468174
71
0.00455074
0.107009
0.0911298
0.251897
58
0.194705
0.159297
66.3543
0.761729
0.0352495
0.403479
68
0.00621549
0.690396
0.0505057
0.460637
30
0.0705944
0.702643
56.425
0.775667
0.0550598
0.245185
68
0.00980349
0.776127
0.0150615
0.0871248
92
0.0109294
0.871934
85.2197
0.822211
0.026593
0.21448
18
0.0018047
0.127441
0.0425899
0.424115
99
0.112523
0.508127
73.2546
0.928576
0.0569755
0.45665
13
0.00352939
0.186479
0.0841275
0.215178
77
0.0835676
0.272126
62.3451
0.722105
0.0449982
0.0997311
41
0.00232561
0.384773
0.0568818
0.406293
39
0.151797
0.553443
31.8496
0.917778
0.0330355
0.470485
79
0.0077329
0.149925
0.0371783
0.237231
42
0.146553
0.730332
81.6231
0.753935
0.0932301
0.265452
1
0.00847384
0.0950922
0.0397126
0.343581
39
0.0421293
0.205894
2.52074
0.984727
0.0907679
0.354637
94
0.00290373
0.469363
0.0639296
0.44605
53
0.0699547
0.0639911
27.047
0.752046
0.0518559
0.297639
43
0.000810845
0.74182
0.0658205
0.439273
49
0.0330646
0.464458
6.07443
0.943773
0.0246092
0.390508
27
0.0088309
0.188569
0.017928
0.020805
97
0.0132794
0.697545
13.9425
0.830671
0.0414645
0.463461
50
0.00294441
0.180812
0.0484865
0.448883
76
0.0159958
0.77469
54.3836
0.972073
0.0647328
0.0928875
85
0.00416021
0.0400335
0.0306661
0.132455
55
0.115631
0.203244
93.6958
0.784981
0.0364546
0.164659
36
0.00742627
0.234387
0.0803317
0.393319
50
0.113855
0.642203
63.3422
0.93251
0.0826428
0.334603
94
0.0038793
0.0146738
0.0941836
0.0669152
68
0.0993108
0.929258
85.7548
0.965688
0.0998374
0.271311
41
0.00848558
0.42851
0.0562802
0.306072
7
0.009765
0.0899764
50.8207
0.727456
0.0943266
0.410311
26
0.00678942
0.634966
0.0913567
0.493275
79
0.127233
0.245801
57.5056
0.954871
0.0398468
0.00203444
70
0.00543774
0.315723
0.0704306
0.0837819
10
0.0869566
0.224071
13.2301
0.722136
0.096369
0.174316
58
0.00691293
0.192859
0.0958727
0.344464
64
0.143482
0.841135
2.64976
0.763267
0.0301945
0.0987186
94
0.00441975
0.639515
0.0891226
0.10924
41
0.103395
0.288201
70.272
0.703799
0.0905534
0.282702
59
0.000258148
0.0607801
0.0738449
0.261356
66
0.0351875
0.109044
92.2762
0.913508
0.0172959
0.498729
46
0.00415511
0.642837
0.05272
0.373207
44
0.0384485
0.655118
35.9642
0.752797
0.0729247
0.307365
34
0.000461583
0.62691
0.0781021
0.497713
42
0.15435
0.102212
32.0065
0.882972
0.0123642
0.0455184
87
0.0014808
0.416228
0.0945018
0.328722
12
0.107684
0.757095
33.853
0.700441
0.09567
0.187412
89
0.00531414
0.991885
0.0760057
0.112705
32
0.0607444
0.736126
51.9264
0.843136
0.088947
0.0636462
26
0.0008382
0.714951
0.0330847
0.301083
6
0.187943
0.251454
20.6772
0.923139
0.0607076
0.49705
15
0.00142361
0.575449
0.0548913
0.181224
85
0.00466688
0.433336
61.2791
0.982558
0.0314471
0.181837
76
0.00959437
0.51818
0.030726
0.034867
58
0.00703386
0.677623
61.8634
0.750629
0.0533536
0.297374
74
0.000100442
0.159882
0.0605654
0.335536
25
0.109275
0.44513
91.7406
0.984528
0.0473501
0.231776
56
0.00745292
0.314975
0.0453055
0.111235
95
0.136521
0.632044
40.2144
0.958865
0.0670936
0.323299
61
0.00361892
0.10146
0.0148557
0.216583
85
0.0855041
0.988205
56.1331
0.952608
0.0666624
0.210365
30
0.0048011
0.890315
0.0346735
0.452066
51
0.0222956
0.31208
97.4427
0.833738
0.0656915
0.223698
67
0.00310696
0.38614
0.0889528
0.185248
6
0.104085
0.116551
5.35646
0.769804
0.0168855
0.34662
39
0.00598251
0.973207
0.0541347
0.162572
51
0.0758834
0.881598
71.3754
0.877177
0.0134862
0.32415
11
0.00736676
0.125431
0.0831069
0.0523391
67
0.0578638
0.448302
10.1907
0.990091
0.0735486
0.434067
93
0.00178373
0.709251
0.0756312
0.327301
24
0.164632
0.916958
78.8768
0.91458
0.0320986
0.453124
55
0.00670967
0.677238
0.0697604
0.259442
46
0.116584
0.0165764
63.6674
0.846481
0.0993908
0.301731
22
0.00112221
0.619921
0.0258576
0.386305
79
0.0299166
0.0359363
93.1866
0.976071
0.0981704
0.197768
52
0.00689496
0.371854
0.0415896
0.294661
95
0.0931171
0.00657985
56.2602
0.905015
0.036932
0.052455
43
0.00646601
0.967359
0.0903504
0.463731
25
0.141673
0.906429
98.6837
0.816114
0.042128
0.157717
85
0.000330653
0.745342
0.0670206
0.108734
22
0.102079
0.00101599
26.0175
0.868555
0.0582633
0.372656
97
0.00915879
0.719997
0.092494
0.387615
66
0.0952142
0.838002
15.3056
0.793777
0.0985077
0.249767
17
0.00157025
0.483977
0.0213964
0.250708
96
0.162628
0.256079
64.0064
0.728465
0.069779
0.128919
72
0.00538108
0.162837
0.037483
0.429605
11
0.146172
0.0159419
87.6799
0.719948
0.0455128
0.459239
15
0.0068485
0.527072
0.0760871
0.458094
13
0.182455
0.858922
86.3059
0.714988
0.083991
0.248143
11
0.00437059
0.538363
0.0550936
0.0477393
70
0.110322
0.219248
12.4599
0.886278
0.0368179
0.493658
16
0.000965501
0.809222
0.0396517
0.297492
5
0.119768
0.536777
55.1595
0.8745
0.0537189
0.258641
83
0.00657504
0.959445
0.0649098
0.117385
27
0.0925914
0.388451
92.1642
0.997369
0.0949846
0.112711
11
0.000527482
0.137787
0.0294118
0.456073
59
0.12626
0.43128
16.0398
0.945952
0.0868952
0.306275
24
0.00488483
0.441612
0.0241305
0.00621496
94
0.102718
0.148414
52.6592
0.988858
0.0230576
0.164966
78
0.00151655
0.370315
0.0565563
0.358557
38
0.149208
0.471287
98.0103
0.743472
0.0609775
0.188711
78
0.00198783
0.0251416
0.0988265
0.260405
41
0.185737
0.661019
73.8196
0.887717
0.0655882
0.0925953
5
0.00849722
0.262866
0.0555685
0.376978
46
0.0820554
0.804584
12.331
0.925727
0.0564607
0.0664462
18
0.00783546
0.070696
0.0437567
0.359608
3
0.172268
0.807201
77.7238
0.735916
0.0447161
0.131688
43
0.00130005
0.511446
0.0675748
0.379258
43
0.0558687
0.669315
34.773
0.944886
0.0930933
0.201108
90
0.00843268
0.120083
0.0157929
0.20481
88
0.144073
0.513713
69.969
0.724104
0.0961234
0.321515
63
0.00146585
0.143801
0.0166204
0.0307741
48
0.163091
0.977327
8.73934
0.927395
0.0772801
0.496057
88
0.00675562
0.030271
0.0601621
0.00702941
81
0.189241
0.0400259
49.7418
0.820022
0.0304049
0.448854
12
0.00812704
0.764127
0.0624761
0.0790658
70
0.0209306
0.185673
80.2553
0.748215
0.0924972
0.107636
39
0.00996161
0.394844
0.0707387
0.184284
14
0.19219
0.00226977
49.3358
0.916722
0.0131041
0.152942
28
0.00518529
0.611338
0.0805393
0.257541
5
0.0877071
0.607675
68.9329
0.832816
0.0300854
0.269974
14
0.00313223
0.191275
0.0413807
0.192661
97
0.0529947
0.2591
64.9398
0.771155
0.0879782
0.0169361
56
0.00855625
0.56169
0.0592449
0.282296
87
0.0872361
0.825488
4.69532
0.82833
0.0807966
0.375904
70
0.0040778
0.479699
0.0231477
0.128149
91
0.118221
0.722604
58.2027
0.799599
0.0972636
0.476427
80
0.00614535
0.50634
0.0784825
0.361701
26
0.142196
0.262689
54.1856
0.947829
0.0331384
0.120594
12
0.00686962
0.673959
0.0266206
0.0645433
40
0.0812285
0.576959
29.4133
0.807011
0.0164746
0.294732
69
0.00606922
0.0125191
0.037913
0.312984
50
0.0566762
0.935014
73.5325
0.784894
0.0219687
0.148351
59
0.00281148
0.0719976
0.033645
0.271113
94
0.138839
0.173012
4.13262
0.795924
0.0753645
0.25656
99
0.00183688
0.0636063
0.0186896
0.141279
46
0.0950213
0.610348
96.0104
0.719303
0.0830522
0.236224
46
0.00201735
0.52559
0.0402093
0.09844
84
0.113091
0.118266
77.4254
0.818239
0.0511824
0.242822
73
0.00612363
0.171991
0.0731428
0.459348
53
0.128989
0.571423
66.8739
0.738798
0.0202623
0.406018
86
0.00594392
0.448508
0.0545617
0.149276
48
0.114291
0.630546
23.592
0.826523
0.066738
0.00944619
87
0.00721797
0.182889
0.0475196
0.421771
55
0.162374
0.882126
91.9676
0.884064
0.0777856
0.409657
23
0.00177182
0.819896
0.0522381
0.396513
5
0.0483318
0.0946597
14.4355
0.981111
0.0805999
0.137033
34
0.00117188
0.0260619
0.0139898
0.354838
2
0.155791
0.66515
2.28427
0.785926
0.068899
0.257752
20
0.000299718
0.735894
0.0309388
0.389571
83
0.0191337
0.0381844
24.0081
0.91766
0.0458654
0.0298992
57
0.00638899
0.797258
0.0934815
0.17512
34
0.0179958
0.365913
43.5988
0.712166
0.0216192
0.457115
61
0.00993547
0.14326
0.0501724
0.306486
92
0.176183
0.521288
61.1663
0.710898
0.0973652
0.24685
42
0.00163067
0.0818661
0.0373139
0.216384
61
0.129594
0.0468318
5.11426
0.864255
0.0707783
0.0823564
4
0.00400764
0.906998
0.0221906
0.310562
20
0.187416
0.680918
9.85075
0.968214
0.0343269
0.478398
74
0.0086567
0.767279
0.0860548
0.24372
7
0.0461871
0.165509
8.42968
0.807365
0.0482862
0.253998
32
0.00909837
0.841014
0.0377542
0.265344
13
0.0938199
0.0961859
28.4671
0.836204
0.0730344
0.302573
33
0.00430285
0.829158
0.0194178
0.177695
22
0.0689091
0.408829
0.801362
0.890864
0.0579084
0.0384947
49
0.000133648
0.07948
0.093606
0.167298
69
0.156161
0.26864
9.03674
0.979307
0.0813496
0.0077507
77
0.00420812
0.502171
0.0271508
0.0854208
82
0.174442
0.145342
17.4771
0.878239
0.0426339
0.381056
46
0.00324206
0.00472303
0.0185159
0.316142
4
0.0250467
0.0266183
13.0888
0.723479
0.0451912
0.243579
75
0.00552021
0.264276
0.0850108
0.301804
28
0.159599
0.943905
83.813
0.817653
0.037321
0.0201592
37
0.00507649
0.723865
0.0402661
0.303243
59
0.191879
0.985204
19.972
0.959188
0.0180875
0.0134433
76
0.0039785
0.452352
0.069035
0.246531
31
0.199939
0.961056
78.1769
0.837757
0.0653087
0.0805323
89
0.00530172
0.368147
0.0887148
0.304483
61
0.0685844
0.75148
18.202
0.938865
0.0633702
0.0212227
32
0.00499671
0.0932284
0.0382309
0.163751
21
0.036223
0.743044
57.8087
0.798197
0.0709205
0.0552462
95
0.00447665
0.615303
0.0115857
0.196262
77
0.123207
0.162822
47.706
0.901405
0.0725798
0.0705754
77
0.00815926
0.728602
0.0262176
0.221635
90
0.031394
0.366377
38.7517
0.744565
0.0434651
0.420474
21
0.00896248
0.112622
0.0817342
0.342119
70
0.0435137
0.106883
52.2042
0.735258
0.0861054
0.353263
51
0.00845159
0.549671
0.0350879
0.138105
17
0.0550894
0.793414
22.504
0.801649
0.0852392
0.116825
47
0.00241981
0.73974
0.0930022
0.409462
43
0.0755314
0.636036
24.7552
0.721132
0.0609162
0.192761
74
0.00708745
0.834909
0.080758
0.427171
79
0.19403
0.402707
21.1187
0.963515
0.0516619
0.127464
87
0.0049438
0.977374
0.0246116
0.055159
87
0.0426758
0.267817
79.9949
0.961418
0.0752384
0.237821
5
0.00215645
0.606579
0.0443123
0.0953987
5
0.052013
0.95333
11.8611
0.8813
0.0918748
0.0671334
10
0.000484784
0.146828
0.0325351
0.118054
61
0.00750033
0.999334
97.6485
0.847804
0.0636568
0.276402
8
0.00712679
0.281482
0.0249001
0.240528
25
0.104628
0.969054
53.4489
0.763555
0.0991552
0.125123
62
0.000498115
0.54527
0.062833
0.476248
26
0.025271
0.170552
45.6591
0.731095
0.0197318
0.202301
18
0.00796022
0.617399
0.0578583
0.357787
1
0.119056
0.646778
90.5214
0.890481
0.0763713
0.377253
25
0.00372366
0.406567
0.0492456
0.404945
97
0.0961269
0.66364
20.2487
0.737877
0.0307905
0.171323
53
0.00654204
0.468673
0.0520511
0.339547
74
0.143637
0.277666
9.55057
0.935545
0.0400346
0.0491983
71
0.00828401
0.87492
0.0918452
0.280208
74
0.0372697
0.077012
38.5479
0.805369
0.0427879
0.030771
9
0.00186351
0.0094462
0.0191843
0.139226
84
0.174275
0.905734
30.6116
0.786493
0.0910474
0.229272
3
0.00496729
0.686011
0.0655439
0.289047
36
0.105181
0.100844
41.2609
0.974232
0.0192966
0.119629
52
0.00221409
0.787724
0.0208235
0.27252
62
0.0514468
0.308873
64.2994
0.946512
0.0919219
0.40768
65
0.00767572
0.863948
0.076586
0.158384
14
0.0493758
0.475446
38.987
0.827084
0.0669105
0.407127
88
0.00953286
0.228068
0.0367542
0.23107
61
0.0455877
0.114922
58.032
0.951933
0.014624
0.292813
58
0.000220886
0.785858
0.0479856
0.474225
73
0.179246
0.282179
0.173656
0.737487
0.0658163
0.210745
35
0.00354968
0.47427
0.0729912
0.491555
95
0.164088
0.487014
48.7264
0.909174
0.0280685
0.130387
26
0.00999469
0.440029
0.0801307
0.443359
7
0.182325
0.74873
82.8105
0.9645
0.0424711
0.362953
72
0.00823229
0.912036
0.0138326
0.0544478
3
0.147449
0.19802
11.0746
0.734225
0.0562861
0.102461
61
0.0018425
0.584254
0.070026
0.189515
19
0.0647256
0.955145
43.8511
0.933506
0.0687469
0.152179
66
0.00308556
0.153734
0.070201
0.377325
36
0.068375
0.628006
60.1782
0.823327
0.0533842
0.0517998
26
0.00605345
0.336056
0.0794901
0.33701
44
0.151199
0.612479
37.6445
0.953249
0.0595688
0.0415988
71
0.000588464
0.889201
0.0667396
0.0889731
38
0.00595979
0.503926
73.7326
0.920652
0.0362743
0.343986
91
0.0052631
0.268467
0.090644
0.0932818
15
0.0628597
0.281158
28.7315
0.742862
0.0184889
0.153786
73
0.0093992
0.737553
0.0163357
0.470139
34
0.135866
0.745909
60.7196
0.755324
0.0884905
0.441967
90
0.00762422
0.247619
0.0712183
0.374289
34
0.0287155
0.829209
71.9515
0.821302
0.0996772
0.474261
14
0.00128588
0.706243
0.0952562
0.157393
91
0.0274487
0.76958
92.9557
0.857086
0.0298967
0.341139
34
0.000975122
0.697828
0.0181786
0.0210739
82
0.178192
0.791601
74.7059
0.801893
0.0494114
0.421955
9
0.00446354
0.794203
0.0188253
0.207166
61
0.145907
0.740583
20.0417
0.796306
0.0557818
0.366923
73
0.00900583
0.0285632
0.0978257
0.0488723
28
0.11174
0.764002
28.0276
0.992762
0.0335222
0.108296
53
0.000869993
0.562981
0.0463065
0.304141
45
0.100854
0.522509
8.29303
0.978335
0.0975732
0.221656
22
0.00713587
0.0652458
0.0608861
0.43058
6
0.12451
0.354789
60.9777
0.809136
0.0816871
0.0608824
97
0.00121446
0.21341
0.0280203
0.0247779
8
0.165564
0.0326833
94.2652
0.852545
0.0861734
0.175412
28
0.00235851
0.955567
0.094029
0.231827
100
0.0487976
0.771423
78.6826
0.905294
0.0833298
0.121518
20
0.00651451
0.119713
0.0921937
0.26269
52
0.0154013
0.332933
40.0229
0.889963
0.0978177
0.466679
79
0.0071957
0.438558
0.0723133
0.308925
45
0.133963
0.58568
59.8727
0.723015
0.0467412
0.276637
7
0.00504083
0.295015
0.0127368
0.254892
36
0.105961
0.96679
45.5943
0.867004
0.0756486
0.252035
48
0.0058246
0.222853
0.0740056
0.33245
48
0.0824014
0.707868
33.7908
0.787132
0.0118978
0.458411
6
0.00941744
0.721262
0.0976476
0.0385684
90
0.145336
0.146861
82.5436
0.845483
0.0644704
0.0371564
38
0.00902851
0.418605
0.0319128
0.272085
76
0.197865
0.687686
7.94541
0.814875
0.0733045
0.139786
66
0.00106069
0.328613
0.0632103
0.239285
25
0.0914719
0.0593551
33.5863
0.962323
0.0547517
0.480899
3
0.00161975
0.304281
0.0470439
0.0415251
46
0.152487
0.899911
59.6592
0.780748
0.0684488
0.0152037
62
0.00983273
0.296908
0.0973042
0.324134
48
0.0224115
0.0122729
6.39881
0.871104
0.0181612
0.21753
98
0.00160304
0.0569944
0.0955434
0.151788
64
0.177817
0.959457
31.5259
0.76715
0.0323162
0.127833
2
0.00689038
0.278277
0.0633513
0.140085
32
0.179625
0.910639
78.3335
0.983089
0.0759363
0.0470242
11
0.00817902
0.166895
0.0394679
0.461529
7
0.159991
0.587792
0.201746
0.902567
0.035824
0.298884
44
0.00330078
0.661634
0.0134852
0.19976
9
0.117786
0.377827
82.1746
0.855835
0.0693037
0.485873
47
0.00869435
0.541845
0.0855355
0.410681
92
0.00253785
0.550804
88.2545
0.718276
0.0562408
0.392481
59
0.00391945
0.509034
0.0270175
0.227918
96
0.128134
0.22932
69.068
0.823059
0.0797396
0.172376
4
0.0061746
0.714464
0.036335
0.0534858
26
0.17266
0.823507
3.70469
0.816795
0.0581003
0.299933
82
0.00256136
0.946702
0.0301393
0.442295
47
0.14048
0.971475
46.4586
0.745737
0.0769212
0.0559236
92
0.00229384
0.970284
0.0452199
0.154126
76
0.0669063
0.318159
21.4231
0.794579
0.0436536
0.384019
52
0.00359821
0.915274
0.0212597
0.150236
84
0.13636
0.827777
14.0391
0.948892
0.085554
0.151179
85
0.0079912
0.566009
0.0848726
0.115761
37
0.0010641
0.270449
35.638
0.829295
0.0442738
0.183377
75
0.00803324
0.424226
0.062595
0.27677
33
0.175615
0.678357
46.7931
0.993238
0.0269455
0.0647418
11
0.00425775
0.387731
0.0301836
0.166423
80
0.178931
0.342556
42.2106
0.7768
0.0705901
0.290229
17
0.00155957
0.667413
0.0101499
0.119717
2
0.0762335
0.279232
3.52472
0.770344
0.0199267
0.100663
71
0.00888606
0.716923
0.0778486
0.122288
97
0.191345
0.619123
48.5473
0.778271
0.033374
0.109541
48
0.0069419
0.587999
0.0399037
0.252735
56
0.117059
0.120277
34.2184
0.849869
0.0153469
0.074303
35
0.00887016
0.397017
0.0202866
0.0328818
15
0.0388128
0.0203462
59.367
0.772134
0.0469704
0.440303
86
0.00343268
0.158082
0.0982885
0.41906
88
0.177047
0.802409
89.4299
0.802407
0.0605367
0.0139902
69
0.00785341
0.872688
0.0279823
0.438464
59
0.0587575
0.231776
90.0429
0.973392
0.0702346
0.32076
57
0.00336665
0.24278
0.0745406
0.0492312
31
0.118545
0.579171
37.5421
0.850738
0.0878331
0.219613
78
0.00724867
0.805928
0.0839452
0.0770255
81
0.0401512
0.413739
69.3017
0.754628
0.0122254
0.0170643
23
0.00716861
0.460807
0.063595
0.154767
9
0.0509157
0.350979
96.8299
0.781902
0.0161457
0.465473
36
0.00269311
0.324243
0.0447529
0.438022
24
0.039341
0.639003
55.7843
0.821783
0.0346386
0.368463
88
0.00226101
0.443727
0.0429259
0.42487
35
0.189742
0.37901
13.4937
0.998599
0.0770137
0.0864336
37
0.00510108
0.110889
0.0412245
0.233404
76
0.0203474
0.651242
29.899
0.884504
0.0514325
0.432352
31
0.00757698
0.375907
0.0790244
0.0259547
28
0.148032
0.157978
39.7085
0.789931
0.0615511
0.219485
82
0.00248052
0.522935
0.049592
0.392988
80
0.0720443
0.383967
57.0457
0.934735
0.0767369
0.121991
54
0.000541146
0.814173
0.0477534
0.440298
77
0.120678
0.573921
88.9407
0.879345
0.085008
0.239124
54
0.00995578
0.499741
0.0284162
0.253798
54
0.0674251
0.0923835
47.046
0.774786
0.011461
0.475396
70
0.00640233
0.334335
0.0408116
0.466579
28
0.166714
0.453409
51.2673
0.72622
0.0394677
0.394179
92
0.00714961
0.553232
0.0420515
0.203718
20
0.00626678
0.698269
33.1477
0.777603
0.01676
0.23097
90
0.00325594
0.84003
0.0222597
0.214393
74
0.0906092
0.531331
98.9606
0.803752
0.0945231
0.0604841
19
0.0049249
0.711527
0.0356072
0.285997
37
0.037044
0.36258
52.4084
0.7294
0.0710983
0.12601
2
0.00328692
0.845966
0.0334149
0.00362337
4
0.0776067
0.591179
60.2448
0.731144
0.0151608
0.101428
31
0.00938602
0.287764
0.0653497
0.288256
94
0.0747708
0.615958
65.009
0.811762
0.0359938
0.197188
80
0.0075447
0.254846
0.0969905
0.0465004
39
0.149072
0.326484
75.8396
0.910308
0.061338
0.471351
52
0.00511331
0.302715
0.03239
0.211281
59
0.0243185
0.853096
62.5235
0.733086
0.0159049
0.35102
76
0.00342493
0.986665
0.0531746
0.282603
86
0.0496672
0.303304
97.0126
0.841722
0.0133648
0.449183
82
0.00739682
0.684247
0.0775741
0.0668427
93
0.150651
0.597186
66.1795
0.926565
0.041749
0.284115
49
0.0077663
0.39003
0.0755151
0.482986
36
0.154709
0.210308
51.5564
0.757045
0.0129214
0.350112
53
0.00668469
0.997912
0.0359631
0.414933
41
0.00237824
0.608515
55.4458
0.89877
0.0463065
0.0277632
80
0.00930343
0.844081
0.0251068
0.380965
96
0.113357
0.926104
35.2726
0.773638
0.0783248
0.311635
20
0.00340146
0.668972
0.034232
0.0781072
98
0.0534257
0.105376
19.6096
0.950574
0.0256869
0.146854
39
0.00831611
0.135029
0.0344976
0.279094
4
0.190965
0.675795
1.54951
0.748652
0.0225542
0.184924
27
0.0055761
0.458149
0.0864515
0.447845
59
0.177343
0.0543342
7.16289
0.85368
0.0723469
0.00121085
24
0.00207641
0.0817359
0.0291615
0.209597
56
0.016526
0.847495
6.82896
0.746323
0.0903164
0.24554
20
0.00305134
0.656096
0.083505
0.12965
66
0.131785
0.456965
28.8115
0.729096
0.0250557
0.194121
28
0.00388481
0.259725
0.0998333
0.181822
54
0.0663357
0.593123
31.6636
0.725393
0.0578221
0.0885876
57
0.00586249
0.608979
0.0964649
0.00464926
85
0.102
0.964719
84.3958
0.832557
0.0150104
0.0975222
17
0.000395329
0.531876
0.0574299
0.456607
87
0.167054
0.00944517
42.9957
0.888943
0.0480806
0.291522
52
0.00427377
0.0869134
0.0826728
0.104496
98
0.0553531
0.941045
49.4248
0.882122
0.02546
0.249042
3
0.00497808
0.102381
0.0168344
0.238517
71
0.0693099
0.434991
45.3357
0.824126
0.0156206
0.273613
19
0.00630111
0.652455
0.0637205
0.145993
72
0.171509
0.0193577
68.2364
0.75956
0.0691647
0.2406
68
0.00859051
0.680578
0.029792
0.134444
89
0.0703729
0.811313
53.8112
0.940392
0.0803914
0.178553
56
0.00949879
0.487554
0.072628
0.407671
78
0.0711122
0.689571
79.7086
0.870181
0.0499714
0.256458
21
0.00781463
0.431916
0.0311609
0.0236965
74
0.18049
0.497926
64.5471
0.800974
0.0947862
0.203557
24
0.00912896
0.392018
0.0696838
0.473312
33
0.0428084
0.40676
89.7748
0.987204
0.0737549
0.488896
31
0.00934553
0.788938
0.0498979
0.0744391
53
0.0150699
0.990462
75.664
0.957185
0.0505896
0.110982
55
0.0094756
0.814883
0.0457292
0.142675
95
0.0896251
0.068571
66.5336
0.925155
0.0621118
0.162331
35
0.000816552
0.0906265
0.0924009
0.468812
50
0.16035
0.490935
67.553
0.810086
0.023185
0.357219
22
0.000264044
0.362909
0.0714408
0.335142
8
0.132863
0.501002
67.2021
0.716524
0.0792457
0.124584
10
0.00036181
0.700134
0.0927228
0.317284
24
0.130614
0.797826
22.3475
0.831233
0.0661791
0.326525
5
0.00319002
0.0685812
0.0257492
0.0124699
23
0.168044
0.653957
2.18064
