82
1
0.0263244
0.858014
189
1
2
3
78
1
0.0140085
0.946513
140
2
2
1
32
2
0.0423315
0.869842
160
3
2
2
76
2
0.0288476
0.892037
168
1
2
1
74
3
0.0619419
0.862497
104
3
1
2
24
1
0.0643472
0.934996
184
1
1
2
45
2
0.0898052
0.941807
106
2
3
3
56
3
0.0477197
0.940296
125
2
3
2
10
2
0.0214038
0.892564
137
2
1
1
81
3
0.0386146
0.896438
163
3
2
2
57
3
0.083127
0.948612
193
2
2
2
50
1
0.081925
0.901629
118
1
2
1
37
2
0.0500919
0.895517
122
2
2
2
83
3
0.0929357
0.906543
103
3
3
3
83
1
0.0155253
0.923904
120
2
2
3
46
2
0.0982996
0.93966
193
2
2
2
54
2
0.00386897
0.920807
155
3
1
2
89
2
0.073735
0.860041
131
2
1
1
98
3
0.00552128
0.911941
130
2
3
3
31
3
0.0435765
0.916002
143
3
2
1
41
1
0.0217113
0.911281
143
3
2
1
53
2
0.0777494
0.887803
153
3
1
3
6
1
0.0030994
0.870049
111
2
1
2
69
2
0.0373176
0.947905
173
3
2
2
90
1
0.00264162
0.893838
146
1
1
1
96
3
0.0536693
0.865156
146
2
2
1
59
1
0.00464025
0.89619
120
1
2
2
12
2
0.0555108
0.866607
166
2
3
1
91
1
0.0875486
0.898686
110
2
1
1
40
1
0.0119883
0.883954
155
2
3
2
61
2
0.0957375
0.94313
178
3
1
2
74
1
0.018575
0.852687
194
2
2
3
19
1
0.0244228
0.88097
193
2
2
2
90
1
0.0417301
0.868125
141
3
2
2
51
2
0.0447284
0.945707
164
3
2
1
88
1
0.0813522
0.892287
196
2
2
2
20
1
0.00854586
0.947029
126
1
3
3
92
1
0.0355327
0.938058
168
2
2
3
47
1
0.0323287
0.8837
126
2
2
2
27
3
0.0271266
0.893224
101
2
3
3
7
1
0.0694052
0.854313
134
2
3
1
98
3
0.0169459
0.882894
119
2
3
1
72
3
0.0103855
0.94009
175
2
2
3
15
2
0.0228357
0.928674
153
1
2
3
82
3
0.0109683
0.933721
120
1
2
1
57
3
0.0220731
0.915758
191
1
1
3
55
2
0.00511136
0.919331
146
2
3
1
39
2
0.0223705
0.906664
169
1
1
2
9
2
0.0874132
0.922284
127
3
2
1
53
2
0.0229884
0.855828
171
3
1
1
64
2
0.0591432
0.875364
116
3
2
2
3
2
0.0141598
0.886143
164
2
3
1
99
2
0.0915058
0.915965
128
3
2
2
65
2
0.0433979
0.890462
123
2
2
2
52
1
0.00785067
0.884501
140
2
2
2
89
1
0.0183548
0.863769
166
3
2
3
62
2
0.0886323
0.900027
161
3
1
2
14
1
0.0292606
0.92324
154
2
2
1
94
3
0.0649018
0.874601
134
2
2
3
54
2
0.0771862
0.940693
165
2
2
2
46
2
0.0344724
0.949773
200
1
2
2
58
2
0.0610232
0.868621
115
2
2
1
29
1
0.0879501
0.900257
160
1
2
2
3
2
0.0509026
0.885254
194
2
1
1
49
2
0.0932594
0.880132
147
3
1
3
70
1
0.0365114
0.851897
127
3
1
2
46
2
0.0340589
0.918722
190
1
2
2
60
1
0.093678
0.877827
165
3
3
3
63
2
0.0623207
0.885743
184
2
3
2
83
2
0.0564891
0.943282
121
2
3
3
78
1
0.0257236
0.911459
111
2
3
2
39
2
0.0112534
0.914118
104
3
1
2
81
2
0.063968
0.88062
132
1
2
1
52
3
0.0272457
0.902415
190
3
2
2
45
3
0.0467384
0.894468
164
1
2
2
65
2
0.0656547
0.866061
143
3
2
1
96
3
0.0389133
0.870893
182
1
2
1
87
1
0.0579915
0.866389
199
2
1
2
91
3
0.0769008
0.91061
199
3
2
2
12
2
0.0275324
0.929918
115
3
2
2
44
2
0.0698222
0.889373
173
2
3
1
58
2
0.0161132
0.92501
114
3
3
2
29
1
0.0311867
0.870426
166
2
2
2
43
1
0.062175
0.941252
100
2
2
3
25
2
0.0692576
0.850488
133
2
2
2
67
3
0.0146537
0.857873
193
3
2
2
33
2
0.0683353
0.943946
158
1
1
2
9
3
0.0587766
0.859592
180
1
1
3
69
1
0.0784
0.862301
150
2
2
2
17
3
0.0360236
0.873836
118
1
3
2
29
2
0.0376868
0.898589
147
2
2
2
100
2
0.0984479
0.869164
150
1
3
3
71
1
0.0810397
0.864422
182
3
2
2
45
2
0.00422903
0.933883
192
2
2
3
60
3
0.0530836
0.890699
144
3
2
3
24
1
0.0748755
0.897083
133
3
2
2
5
3
0.0485771
0.860912
124
1
2
2
8
2
0.0718346
0.942685
135
2
1
1
67
2
0.00902426
0.91098
182
3
1
3
64
1
0.0934009
0.905485
190
1
2
3
74
1
0.0317543
0.936255
142
2
3
3
47
2
0.0796174
0.875529
195
2
1
1
86
2
0.0322724
0.872565
198
1
1
2
10
2
0.0774989
0.87229
159
3
2
3
1
2
0.090633
0.911093
186
2
2
3
35
1
0.0614506
0.900695
165
2
2
1
20
2
0.0458525
0.867815
185
3
2
1
1
2
0.0341951
0.916754
170
2
1
2
23
2
0.00967739
0.901828
115
2
1
1
94
2
0.0248551
0.916262
101
2
2
1
28
2
0.0449867
0.898219
169
2
2
3
14
2
0.0724852
0.852906
111
2
3
2
55
2
0.0101019
0.893448
189
2
2
3
39
1
0.0582256
0.864747
138
2
3
2
73
2
0.0188665
0.853849
104
3
3
3
62
1
0.0940394
0.896652
107
1
3
2
85
1
0.0996506
0.927062
132
2
2
2
8
2
0.0848233
0.865749
168
2
2
2
37
3
0.0557658
0.933534
122
1
1
2
56
2
0.0210461
0.928585
162
2
3
3
97
2
0.0150343
0.871464
118
3
2
1
47
3
0.00437617
0.860341
136
3
1
3
25
1
0.0786071
0.929596
191
3
2
2
70
2
0.0834185
0.92832
133
2
3
3
71
1
0.0193285
0.94689
129
2
2
2
23
2
0.0352659
0.862165
140
3
2
1
21
2
0.0604661
0.879496
147
1
1
2
19
1
0.0337389
0.886509
134
2
2
1
24
3
0.0253636
0.942814
106
2
2
2
44
1
0.0325598
0.918209
130
2
3
3
35
1
0.0282116
0.91996
116
2
3
3
61
3
0.0936149
0.93051
176
2
3
2
26
2
0.0869935
0.923485
126
1
2
2
95
1
0.0170632
0.922012
197
2
3
2
26
2
0.0729619
0.932057
139
1
1
2
12
3
0.0786403
0.850181
186
2
1
2
35
2
0.076056
0.875094
121
2
2
3
16
3
0.0951726
0.934621
198
2
1
2
32
2
0.00231855
0.9301
158
2
2
2
37
2
0.0767491
0.866976
133
2
1
3
20
3
0.0973475
0.903887
184
1
1
3
3
3
0.039362
0.882646
131
3
2
2
62
3
0.0517297
0.881881
149
3
2
1
49
2
0.00249383
0.923698
105
2
2
3
52
2
0.0720282
0.869718
145
2
3
3
37
1
0.0652344
0.922473
156
3
1
3
85
1
0.0425048
0.856955
177
3
2
2
10
2
0.0296677
0.890207
154
2
2
2
96
1
0.0515345
0.870346
197
3
3
1
6
2
0.0202433
0.930612
163
2
2
1
27
3
0.0532989
0.940916
189
2
2
1
93
2
0.0528114
0.926226
151
1
1
3
48
2
0.0480583
0.941638
174
2
2
2
97
1
0.00941092
0.876798
181
2
3
2
66
1
0.0379759
0.856342
160
2
2
3
89
3
0.0992789
0.938833
178
1
2
1
92
3
0.0115296
0.859726
195
2
3
2
42
2
0.0702684
0.865371
180
3
3
3
60
2
0.0386996
0.949342
110
2
2
2
78
2
0.0962606
0.872898
130
2
3
2
5
1
0.0760415
0.882297
114
1
3
3
31
1
0.0405753
0.921682
185
1
2
2
43
2
0.0101911
0.856746
112
1
1
3
20
2
0.00209288
0.92599
183
2
2
3
65
2
0.0123834
0.896387
183
3
3
1
38
3
0.0658862
0.94947
144
1
1
2
54
1
0.0224865
0.936133
171
2
2
2
72
3
0.0266037
0.87314
151
2
2
1
35
2
0.0019371
0.935755
142
2
3
2
57
1
0.0363792
0.918094
200
2
2
2
80
2
0.0750663
0.879016
156
2
2
2
17
2
0.0599754
0.866438
194
2
2
1
65
2
0.0462819
0.88412
136
3
2
3
7
2
0.0959139
0.878347
109
1
2
2
16
2
0.0165988
0.935244
122
1
2
2
87
2
0.0853503
0.887079
152
2
2
3
52
2
0.0334338
0.900808
114
1
3
2
9
3
0.012156
0.931467
148
1
2
2
95
3
0.0600302
0.897782
174
3
3
2
13
1
0.0839072
0.907704
198
1
3
1
8
3
0.0628867
0.913943
106
2
2
1
66
1
0.022624
0.889873
165
1
2
2
43
2
0.0410553
0.886683
153
1
1
2
27
2
0.027761
0.86757
154
2
2
3
16
3
0.00124957
0.861643
148
2
2
2
75
3
0.0474766
0.87347
104
1
2
1
25
3
0.00724018
0.868251
127
1
3
2
34
2
0.0944602
0.903306
119
2
2
1
30
2
0.0826396
0.857518
161
2
2
1
61
3
0.084205
0.896886
184
3
3
2
99
2
0.0911481
0.851161
110
1
2
2
48
3
0.0608347
0.938411
113
1
2
3
28
2
0.0913926
0.933131
101
2
1
2
21
2
0.0382692
0.883186
103
2
2
1
46
2
0.0893746
0.874084
108
2
1
1
62
3
0.0295087
0.879395
156
3
1
2
51
1
0.0520745
0.881725
136
1
3
1
12
2
0.024104
0.904506
167
3
2
3
5
3
0.0448459
0.897358
172
2
3
2
36
2
0.077385
0.854546
183
1
3
1
21
2
0.0419737
0.935953
122
2
1
2
15
1
0.0031899
0.932712
119
2
2
2
28
1
0.0413382
0.94493
177
3
3
3
54
2
0.052622
0.854015
170
3
2
2
36
2
0.0252109
0.881534
107
2
1
3
13
2
0.079341
0.885438
124
1
2
2
33
2
0.00408773
0.913513
121
1
3
3
44
2
0.0351397
0.925746
122
2
3
3
50
2
0.0176928
0.91494
161
2
3
2
40
2
0.0174427
0.924914
162
1
2
2
3
2
0.0283415
0.945817
168
1
3
1
42
2
0.0207986
0.940427
134
3
1
3
32
3
0.0453899
0.871227
188
2
2
2
27
2
0.0429183
0.946018
128
1
2
1
3
2
0.0741928
0.901553
159
2
2
2
91
1
0.0132959
0.909097
198
3
1
2
96
2
0.0460028
0.885047
112
2
2
3
48
3
0.054776
0.878946
157
3
3
3
16
2
0.0062185
0.87067
148
3
1
1
10
3
0.0865665
0.850924
187
1
2
1
6
3
0.0964561
0.919537
113
3
2
2
41
1
0.0753313
0.910552
172
2
3
3
91
3
0.0303958
0.892746
195
2
3
2
64
3
0.0887608
0.904721
131
3
3
2
59
3
0.0128928
0.894356
196
1
1
3
38
3
0.096931
0.878518
189
1
2
2
84
2
0.0313337
0.901239
108
3
1
2
14
3
0.071294
0.910104
172
2
2
2
27
2
0.0966953
0.877786
161
2
3
3
81
2
0.0157134
0.908663
138
3
2
3
81
1
0.051376
0.872161
157
2
1
3
53
2
0.0979112
0.917664
186
1
2
3
12
3
0.00283504
0.857307
157
2
3
2
85
1
0.0521853
0.94779
191
2
2
1
17
3
0.00650579
0.936571
158
1
2
2
42
1
0.0650948
0.912273
184
1
2
3
23
3
0.0444953
0.931025
198
2
1
2
19
2
0.0543567
0.904132
127
2
2
2
29
2
0.0204757
0.943482
143
2
2
2
51
2
0.0593801
0.861394
164
3
2
2
11
3
0.0108614
0.934322
164
2
3
2
45
3
0.0606675
0.939905
181
2
2
2
52
2
0.00598239
0.94362
136
3
2
2
47
1
0.0347253
0.915142
137
1
2
2
80
2
0.0552206
0.877122
116
2
3
2
33
2
0.0817503
0.871001
179
2
3
1
77
2
0.0647092
0.865897
112
3
2
2
77
2
0.0163905
0.852245
186
1
2
3
21
2
0.0113968
0.916872
109
2
2
2
84
3
0.0998869
0.906981
158
1
2
3
39
2
0.0257504
0.908048
175
1
2
1
86
3
0.0360534
0.855225
191
1
2
3
45
1
0.0779296
0.882017
133
2
1
3
5
2
0.053056
0.905071
171
3
2
2
42
1
0.0790059
0.948988
140
2
3
2
23
2
0.0390344
0.883368
129
2
1
2
99
2
0.0209509
0.924513
108
1
3
3
89
2
0.0327301
0.90566
158
2
2
3
77
2
0.0660313
0.855007
103
3
2
2
33
2
0.0232432
0.907151
175
1
1
1
18
2
0.076541
0.858248
135
2
2
1
2
2
0.0708156
0.90343
166
1
2
2
74
3
0.0380278
0.926642
163
1
1
2
85
2
0.0368309
0.915505
141
2
2
2
94
2
0.0758228
0.949091
118
2
2
3
8
1
0.0552739
0.855761
174
2
2
3
88
1
0.0465721
0.874488
171
2
2
1
34
3
0.018789
0.932594
157
3
1
2
30
1
0.061678
0.921446
172
1
2
2
32
3
0.0464934
0.924109
179
2
2
2
93
3
0.0742842
0.877514
172
1
2
2
75
2
0.0831898
0.897902
187
2
1
2
8
2
0.0632699
0.902623
123
1
1
2
32
2
0.0490393
0.887408
123
2
2
2
40
2
0.0541249
0.923145
192
3
3
1
7
3
0.06904
0.899589
178
2
1
2
61
2
0.0631166
0.889687
142
2
1
2
86
2
0.0402509
0.905886
107
1
1
1
68
2
0.0763852
0.899811
149
2
1
2
73
2
0.0562867
0.850362
161
2
1
2
72
3
0.0755647
0.912428
121
3
2
1
78
1
0.0731788
0.914742
188
2
2
1
56
1
0.0902271
0.937664
197
2
3
2
38
3
0.0400561
0.931968
156
2
3
2
22
1
0.0559764
0.919035
163
2
2
2
48
2
0.0301997
0.936868
168
2
2
2
68
2
0.0921042
0.876172
170
1
1
1
79
3
0.0199884
0.854819
105
2
2
1
96
1
0.0137379
0.862848
152
3
2
2
90
2
0.0626201
0.919748
129
3
3
1
30
1
0.0721385
0.944631
113
2
2
2
72
1
0.0167112
0.912688
195
1
3
1
97
2
0.0494098
0.921253
132
2
2
2
34
2
0.0678006
0.924607
138
2
1
3
2
1
0.0409102
0.895345
182
1
1
2
92
3
0.0986935
0.853257
120
2
3
3
64
2
0.00925926
0.935415
180
3
2
3
90
3
0.0637662
0.854771
121
1
1
1
43
2
0.00973046
0.946645
117
3
1
3
19
3
0.00837722
0.890845
196
3
1
1
83
1
0.0234564
0.925445
180
2
3
2
78
1
0.0356914
0.87371
108
2
1
2
89
2
0.0197555
0.903101
109
2
2
1
88
1
0.0705971
0.909364
187
2
1
3
2
2
0.0673725
0.895144
196
3
2
1
95
3
0.0235911
0.891106
178
1
1
1
22
1
0.0828675
0.935159
157
3
3
3
80
1
0.0545033
0.881196
124
1
1
1
4
2
0.0863111
0.876887
135
2
2
2
88
2
0.026136
0.898965
126
2
2
2
36
2
0.0747897
0.901112
116
2
1
2
96
2
0.0654659
0.887613
179
1
2
1
69
1
0.00594746
0.867372
155
2
1
2
9
1
0.0666914
0.891498
170
3
2
2
66
2
0.00105453
0.922636
169
2
3
3
7
2
0.0432053
0.917553
145
1
3
2
67
2
0.0246511
0.891744
181
3
1
2
54
2
0.0506212
0.867687
112
1
2
1
71
1
0.0585672
0.850613
187
3
2
3
100
1
0.0319281
0.906096
156
2
3
3
68
1
0.0570898
0.944278
139
2
2
2
18
1
0.0470016
0.94156
181
2
2
2
76
2
0.086855
0.909416
140
2
3
2
66
2
0.048503
0.907376
149
2
2
1
33
3
0.0920262
0.92008
184
2
2
2
50
2
0.0306855
0.88037
177
2
1
2
59
3
0.036958
0.876217
173
3
2
2
82
2
0.00750093
0.856059
167
2
2
1
69
3
0.0308828
0.891889
176
3
1
2
49
3
0.00494885
0.927901
152
2
1
1
35
2
0.00804204
0.864384
143
2
2
1
56
2
0.0780391
0.88823
106
2
2
2
58
3
0.0398269
0.948149
139
1
1
3
44
2
0.0441398
0.948303
141
1
3
3
41
1
0.0477615
0.926455
115
2
2
1
37
2
0.0815471
0.894051
127
2
2
3
31
2
0.0899138
0.853502
160
1
1
1
41
2
0.0723635
0.874856
129
1
1
1
91
2
0.0924188
0.889444
178
1
2
2
67
1
0.00562349
0.859833
148
3
1
2
82
2
0.0734645
0.857706
137
3
2
3
87
1
0.0438561
0.931669
149
2
2
1
55
2
0.0612301
0.851592
195
2
3
3
24
3
0.0300327
0.879905
176
3
2
2
86
1
0.00343513
0.902184
194
1
2
2
48
2
0.0841182
0.852142
134
3
1
2
79
3
0.0808718
0.888089
185
3
1
3
4
1
0.0453407
0.944467
178
3
3
2
67
3
0.0696704
0.884843
183
1
3
2
85
3
0.0662749
0.879685
174
3
2
2
6
3
0.00161049
0.853062
175
2
2
2
79
1
0.0159253
0.930825
136
3
2
2
16
2
0.0573558
0.925242
133
3
2
2
39
2
0.0865197
0.887278
199
2
3
2
57
2
0.0954167
0.86715
102
1
2
2
98
2
0.0172627
0.895789
105
3
2
2
71
2
0.0298737
0.883493
102
3
2
2
34
2
0.079806
0.948476
116
2
2
2
84
3
0.0595739
0.859024
151
2
3
2
49
2
0.0153129
0.87335
142
1
2
1
41
2
0.0406605
0.915239
120
2
2
3
44
2
0.0835939
0.903733
100
1
2
1
64
3
0.0823584
0.889194
138
2
2
1
84
3
0.0415161
0.929219
154
3
3
2
90
2
0.0704035
0.947267
152
2
1
3
18
3
0.0191818
0.872799
157
2
3
2
17
1
0.0331444
0.875883
117
2
3
2
98
2
0.0891833
0.933374
159
2
1
2
76
3
0.0279597
0.895831
149
2
1
3
38
2
0.0844832
0.90494
192
3
1
3
95
1
0.068521
0.891346
179
2
2
2
14
3
0.0699994
0.939407
190
1
2
2
59
3
0.0872082
0.920711
112
2
1
2
73
3
0.0670336
0.899606
153
1
2
3
57
2
0.026917
0.888788
160
3
1
1
70
2
0.0577283
0.917247
177
1
1
3
41
3
0.0711339
0.884638
170
1
2
1
70
2
0.0800635
0.93749
124
2
3
1
40
2
0.0263817
0.928956
114
2
3
1
73
1
0.0803421
0.939126
107
1
3
1
18
1
0.0948959
0.947542
136
2
2
3
46
1
0.0496592
0.860787
117
2
2
2
15
3
0.0250632
0.908424
111
3
2
1
72
2
0.057456
0.860546
118
2
1
3
42
1
0.0512459
0.917824
189
2
3
2
15
3
0.0857836
0.85378
188
2
3
1
87
1
0.0970676
0.926937
132
3
3
2
63
2
0.0883429
0.898121
161
2
2
2
51
2
0.0926039
0.927219
144
1
1
2
68
3
0.0524616
0.938652
189
3
1
1
14
3
0.0596658
0.893667
139
2
1
3
98
1
0.015154
0.942462
141
2
2
2
19
1
0.0200149
0.937937
129
3
2
1
28
2
0.0117189
0.927709
150
1
3
3
56
2
0.0961623
0.914431
103
1
3
2
76
1
0.0821406
0.912145
175
3
3
1
30
3
0.0955565
0.920437
106
1
3
2
80
2
0.0890304
0.934035
126
1
1
1
44
2
0.0944532
0.94402
185
2
2
2
98
2
0.0568079
0.858519
105
2
3
3
36
2
0.0274077
0.936643
194
1
2
2
49
2
0.0580406
0.911777
123
2
1
2
34
2
0.0535966
0.90222
124
3
3
2
75
2
0.00659166
0.926004
140
2
2
2
71
3
0.0994772
0.894751
172
3
2
2
58
2
0.018135
0.865428
144
3
3
2
82
3
0.00765451
0.897432
167
1
2
3
6
2
0.079091
0.868806
102
2
2
2
76
2
0.0682752
0.942371
104
3
1
2
63
2
0.0883012
0.852577
145
3
2
3
4
2
0.0132214
0.945514
102
3
1
2
80
2
0.0981697
0.857114
146
1
3
2
73
2
0.0136517
0.92759
200
1
1
1
100
1
0.050229
0.929709
111
2
3
2
75
3
0.0739351
0.851363
147
2
3
1
28
2
0.0507933
0.855478
191
2
2
1
87
1
0.0824662
0.868516
152
2
1
1
11
2
0.0492159
0.888876
113
3
1
3
26
2
0.0456378
0.863555
109
2
2
1
93
2
0.0927287
0.861955
192
3
1
3
13
1
0.0482174
0.918498
108
2
3
2
69
2
0.0637367
0.928001
151
3
2
2
18
2
0.0194803
0.858791
151
3
1
2
13
1
0.058953
0.863269
109
2
1
2
5
3
0.0847033
0.90528
115
1
2
3
59
2
0.0726879
0.949961
146
1
3
2
79
2
0.0603207
0.85659
145
2
2
3
60
1
0.0487844
0.921178
176
1
3
3
31
3
0.0918517
0.876429
163
2
1
2
84
3
0.0947494
0.910259
199
3
3
1
63
2
0.0441723
0.917004
193
2
1
2
55
1
0.056976
0.874235
150
1
3
1
83
2
0.0709453
0.877398
125
2
1
3
88
2
0.0856556
0.864975
105
3
1
3
38
3
0.0147756
0.886895
141
1
2
2
11
2
0.0904442
0.864028
130
2
2
2
11
3
0.0344184
0.922838
119
3
2
3
77
2
0.034942
0.9451
152
2
2
3
15
2
0.0689113
0.932915
125
2
3
3
94
1
0.0335694
0.861537
115
2
2
1
26
1
0.00529745
0.902872
131
2
1
2
92
1
0.00143316
0.939384
190
2
2
2
26
2
0.0667404
0.916424
118
2
1
2
10
2
0.0850711
0.937197
155
3
2
1
93
2
0.0859463
0.863052
137
2
2
2
19
3
0.0550171
0.918897
162
1
1
1
57
2
0.0991057
0.894944
139
3
3
1
23
3
0.0143573
0.871975
147
2
2
1
51
3
0.00880502
0.871629
196
2
2
2
59
1
0.0472254
0.875768
146
2
2
2
7
2
0.0643638
0.913239
125
3
3
1
73
3
0.0394692
0.909727
174
3
1
1
97
2
0.0907703
0.893059
110
2
2
3
77
3
0.0716552
0.882498
135
3
3
2
55
2
0.021946
0.945357
177
1
2
3
80
3
0.0289913
0.90742
130
2
3
1
95
2
0.0310849
0.859253
166
1
2
3
30
3
0.0242921
0.934403
163
2
1
2
21
2
0.0679244
0.8885
125
2
2
2
94
3
0.0370943
0.946397
128
2
2
3
40
2
0.0896749
0.907805
150
2
2
2
62
3
0.0989483
0.908911
142
1
2
2
87
1
0.0125441
0.912937
187
1
1
2
84
1
0.0286562
0.858935
137
2
2
3
60
2
0.0430208
0.914277
167
1
2
2
48
3
0.0498165
0.920265
169
2
3
3
65
3
0.0036492
0.878654
186
3
3
1
65
2
0.0676882
0.913629
167
2
2
3
25
3
0.0127977
0.929024
173
3
3
2
99
2
0.0081534
0.886275
196
2
3
2
50
3
0.0427511
0.881313
181
2
2
2
2
1
0.0397258
0.87809
102
1
3
2
17
1
0.0329018
0.938321
180
2
1
1
11
1
0.0807439
0.908288
112
3
2
1
22
1
0.023898
0.885939
174
2
1
2
24
1
0.0420877
0.899158
197
3
1
1
31
1
0.0316885
0.909897
117
2
3
1
26
2
0.0664009
0.924393
197
2
2
3
22
2
0.00685536
0.88054
188
1
3
2
70
3
0.0974315
0.913009
131
2
3
2
3
1
0.0976815
0.921811
109
1
2
1
36
2
0.00702335
0.932274
167
1
2
3
29
2
0.0745444
0.942114
101
2
2
2
66
1
0.0877685
0.890198
162
2
3
2
91
2
0.0851782
0.931222
144
2
2
3
62
3
0.0504187
0.899344
188
3
2
2
50
2
0.0804242
0.851766
181
2
3
2
4
1
0.0909095
0.862755
154
2
3
1
93
2
0.0942371
0.863974
127
1
2
2
52
2
0.0212906
0.904255
170
3
1
2
4
2
0.0735984
0.941023
101
1
1
2
2
2
0.0673146
0.906287
123
1
1
2
13
2
0.0105081
0.884389
159
2
2
3
53
2
0.0623826
0.861164
113
2
2
1
75
1
0.0560927
0.89297
155
2
3
1
21
3
0.0795964
0.900568
128
2
1
1
69
3
0.0539263
0.869475
182
1
3
2
9
3
0.0375917
0.869273
103
3
3
3
23
2
0.0178836
0.937268
104
2
2
2
79
2
0.0634065
0.930218
131
2
1
2
