0.752491
0.0528959
0.387032
55
0.00243476
0.353329
0.0803275
0.467955
87
35.1975
0.916907
0.0973717
0.0664319
33
0.00119985
0.713227
0.0522368
0.212842
53
14.0988
0.987632
0.0509753
0.280667
39
0.0072969
0.0984348
0.0669392
0.0872463
41
17.393
0.808187
0.0375095
0.345389
87
0.00915565
0.901341
0.0453098
0.298826
6
27.9128
0.912026
0.0535601
0.399321
71
0.0033656
0.243841
0.0362266
0.173003
3
29.356
0.939747
0.072057
0.166611
98
0.00855203
0.883757
0.07177
0.218662
72
62.6016
0.924833
0.0896466
0.449235
88
0.00700117
0.911712
0.0757621
0.308148
47
32.5457
0.991307
0.0915098
0.143021
95
0.00893744
0.13276
0.0484444
0.098688
49
65.3389
0.953874
0.0378221
0.297444
37
0.00329309
0.981728
0.0773115
0.340935
53
49.9164
0.816075
0.0109463
0.0777115
58
0.0021628
0.436538
0.0677615
0.0947673
66
5.88222
0.792722
0.0879065
0.375276
34
0.00583955
0.185085
0.0121
0.25498
1
25.2113
0.950665
0.0524053
0.494449
64
0.0014578
0.433451
0.0135335
0.397173
41
16.0201
0.828277
0.0963927
0.13494
28
0.0068743
0.525242
0.062186
0.290608
81
66.5522
0.716883
0.04447
0.214744
20
0.00617982
0.115898
0.0681888
0.127918
75
86.4261
0.865824
0.0521422
0.290889
94
0.00788988
0.0481713
0.0505996
0.274491
31
70.3178
0.748334
0.0150544
0.171241
77
0.00199316
0.274063
0.0336074
0.232705
79
6.60568
0.743896
0.0793558
0.341818
99
0.00161838
0.611927
0.0294657
0.491579
84
92.3223
0.856443
0.0395444
0.427736
40
0.0028335
0.406476
0.0886604
0.497097
69
54.4487
0.789261
0.0441505
0.401589
77
0.00931359
0.12042
0.0248842
0.460754
39
52.1102
0.804395
0.0323791
0.0815106
47
0.000479217
0.571658
0.0456539
0.437802
22
35.9644
0.961413
0.0290841
0.224406
91
0.00574634
0.66539
0.0575197
0.121199
18
74.1172
0.713508
0.0748471
0.0149746
75
0.00674697
0.935375
0.0356338
0.108394
21
1.04676
0.700692
0.0702575
0.266409
76
0.00482648
0.784433
0.0952872
0.228398
76
83.6734
0.984285
0.054969
0.499734
1
0.00246441
0.296876
0.0219991
0.132321
94
56.4638
0.835431
0.0210614
0.313722
12
0.0046179
0.0403897
0.0401731
0.216846
10
54.3188
0.896762
0.0897623
0.475259
34
0.000171275
0.508677
0.0584442
0.257783
55
56.0493
0.716517
0.0259019
0.114725
76
0.00293247
0.995141
0.0407889
0.379964
8
42.7086
0.764723
0.0610002
0.12514
58
0.00565186
0.472537
0.0465069
0.0128449
13
63.775
0.731017
0.0271886
0.123434
57
0.000744628
0.103185
0.0566551
0.302678
95
8.20444
0.989864
0.0213892
0.0634256
14
0.00599101
0.389809
0.0414579
0.102631
85
21.7786
0.70774
0.0903483
0.471883
36
0.00327056
0.0674324
0.0550927
0.493238
5
42.269
0.781907
0.0679117
0.487501
14
0.00300771
0.43895
0.038442
0.274019
83
41.9208
0.913084
0.0194374
0.127646
44
0.00704419
0.126236
0.0812515
0.301472
40
35.3943
0.817966
0.0123457
0.266788
72
0.000800188
0.158189
0.024283
0.106274
55
58.5349
0.882971
0.0931628
0.343294
95
0.0022432
0.34812
0.0714802
0.0861724
87
67.8579
0.831761
0.0601474
0.0247601
18
0.000816791
0.352246
0.0213458
0.461879
42
62.531
0.763772
0.0186067
0.418794
70
0.00867434
0.0193045
0.081922
0.308424
30
23.8523
0.813984
0.0835888
0.295938
84
0.00863531
0.271425
0.0489959
0.371138
38
97.493
0.825631
0.0120775
0.164731
7
0.00902945
0.465607
0.0150601
0.0847825
86
30.2512
0.998381
0.0437565
0.230121
11
0.00241495
0.96225
0.0607378
0.160424
78
69.6822
0.918775
0.0575057
0.360408
45
0.00132545
0.0425491
0.0190285
0.451517
98
9.34085
0.908129
0.0413545
0.0500859
43
0.00513298
0.621201
0.0137098
0.315976
41
52.5745
0.953515
0.0820409
0.22586
69
0.00351621
0.0252019
0.062425
0.066235
23
82.8854
0.758752
0.0543614
0.476524
68
0.00750514
0.222223
0.0663796
0.255856
80
69.9385
0.917821
0.0717608
0.242199
59
0.00160424
0.708015
0.0279833
0.424231
19
40.0819
0.828904
0.0105403
0.485289
64
0.000974664
0.454155
0.0982219
0.311911
48
55.259
0.797707
0.0568519
0.169573
46
0.00899701
0.092431
0.0862965
0.0198793
61
73.6878
0.706843
0.0526775
0.0965898
59
0.00277672
0.344599
0.0441424
0.417712
94
33.4257
0.96628
0.062916
0.0379209
97
0.00388842
0.803223
0.0878694
0.309615
20
12.9436
0.87232
0.0860173
0.0794661
25
0.0083716
0.536597
0.0972408
0.423743
93
29.1443
0.769017
0.070785
0.155411
98
0.00281962
0.847722
0.0744911
0.359956
20
63.9417
0.931796
0.0776119
0.159938
88
0.00886009
0.492644
0.0483323
0.405882
32
79.1035
0.873542
0.0625848
0.334155
5
0.00531468
0.477504
0.0371381
0.0574085
20
84.1613
0.712303
0.0429652
0.386062
76
0.000354752
0.648491
0.0703385
0.0348332
87
48.6296
0.724007
0.0354663
0.162359
26
0.00181216
0.727255
0.055968
0.0628269
27
38.7301
0.98766
0.0691549
0.0527481
97
0.00060528
0.969537
0.0616404
0.23984
24
41.5286
0.866772
0.0338421
0.363406
15
0.00612614
0.19128
0.031917
0.326201
45
96.8763
0.919752
0.0464149
0.244819
92
0.00404707
0.724557
0.0806091
0.39468
30
4.14276
0.769478
0.0329081
0.254208
58
0.00509422
0.476666
0.0913853
0.144424
31
96.3232
0.880217
0.0457497
0.452278
62
0.00624023
0.236832
0.0712189
0.143179
41
99.4984
0.702936
0.0526532
0.278833
11
0.00906664
0.0688907
0.0261375
0.463036
16
89.0422
0.731415
0.0242269
0.229459
85
0.00755767
0.48502
0.049447
0.139752
41
42.5978
0.939966
0.0947996
0.44081
70
0.00837657
0.591413
0.0928703
0.371907
25
45.1029
0.832402
0.0563958
0.368189
10
0.00629017
0.219728
0.087705
0.278503
47
28.9672
0.966833
0.051429
0.449098
59
0.00760804
0.574382
0.0576439
0.211403
87
91.4705
0.721032
0.0888018
0.294104
65
0.00977975
0.854559
0.066171
0.421105
14
15.7385
0.937171
0.0976333
0.368311
56
0.00634139
0.488173
0.0924761
0.24404
79
81.0921
0.747616
0.0538502
0.372036
31
0.00639678
0.558655
0.0410886
0.4661
5
20.5412
0.732577
0.0735019
0.105183
50
0.00852028
0.173768
0.0967483
0.301165
42
13.9029
0.776303
0.0532977
0.486309
62
0.00545108
0.854026
0.0523308
0.288561
65
16.2573
0.748873
0.0790654
0.121036
3
0.00785691
0.0277102
0.0823323
0.149353
12
78.6506
0.844587
0.0340543
0.406497
84
0.00891801
0.722763
0.098483
0.257055
41
13.096
0.949826
0.0759065
0.495195
94
0.00942155
0.50299
0.0900516
0.118567
96
58.1461
0.963029
0.0624805
0.00267714
89
0.0018241
0.139939
0.047403
0.00585944
99
62.915
0.876819
0.0688414
0.0540713
54
0.00659093
0.851192
0.0672355
0.45668
23
73.4593
0.874057
0.0499547
0.254604
56
0.000991518
0.230732
0.0992927
0.475067
11
87.6154
0.804904
0.0808738
0.282222
55
0.00245374
0.347295
0.0461531
0.0500068
51
21.2491
0.942599
0.0286322
0.0363461
11
0.00570296
0.0967313
0.0545257
0.419451
70
49.1836
0.830842
0.0175772
0.300501
17
0.000710659
0.468062
0.0232376
0.39861
98
25.7875
0.741378
0.0461977
0.20844
53
0.00516374
0.169307
0.0352806
0.247835
60
25.1398
0.824721
0.0918811
0.108042
19
0.00418634
0.755534
0.010342
0.348461
64
67.2744
0.868215
0.0551385
0.0059443
4
0.00495015
0.331036
0.0236319
0.268715
24
76.2184
0.964971
0.0258391
0.311266
43
0.00411079
0.100598
0.0626273
0.161461
80
89.6458
0.959087
0.057146
0.0687981
93
0.00813552
0.0770098
0.0691692
0.354389
2
52.8334
0.834295
0.0772367
0.0743659
77
0.00208
0.836387
0.0109656
0.318371
94
12.7637
0.890624
0.0410953
0.412065
56
0.00475973
0.285461
0.0223335
0.170404
2
32.6572
0.948783
0.0288735
0.4703
90
0.00735047
0.246276
0.0127889
0.113458
84
81.5015
0.958546
0.0902642
0.0470668
80
0.00670222
0.909349
0.0829851
0.159618
43
26.576
0.719757
0.0658262
0.176
49
0.00742506
0.859903
0.0788543
0.485775
29
91.2167
0.982102
0.0409212
0.0452592
51
0.00109349
0.585171
0.0208772
0.196144
11
78.3328
0.849066
0.0398742
0.0333978
45
0.00323034
0.201112
0.0563256
0.238758
69
17.5482
0.982364
0.0956049
0.380682
47
0.006555
0.892836
0.0838726
0.041558
32
81.2208
0.708752
0.0159708
0.398335
38
0.00075952
0.922839
0.0533095
0.27111
13
15.9055
0.795303
0.0356259
0.480438
13
0.00987671
0.640622
0.0501208
0.0218472
81
57.4609
0.718248
0.0246655
0.258989
79
0.00313317
0.0754554
0.072479
0.246067
63
96.5249
0.837443
0.0728179
0.351783
80
0.00645981
0.52868
0.0870415
0.408916
35
98.7819
0.883345
0.0982636
0.290161
66
0.00964428
0.0523842
0.0918853
0.453573
4
60.3756
0.772077
0.0225519
0.138866
38
0.00777871
0.504704
0.0658252
0.412337
44
10.2452
0.844827
0.0299088
0.233689
96
0.0031527
0.186532
0.0325849
0.377286
42
24.8216
0.809454
0.0738266
0.324614
17
0.0082884
0.544472
0.0131774
0.0823001
28
60.8511
0.806234
0.0823404
0.129174
82
0.00357835
0.371665
0.0939529
0.0254961
91
0.530042
0.852643
0.0827971
0.0109002
34
0.00912494
0.124656
0.0883732
0.0920999
8
85.4179
0.905699
0.0843668
0.239817
84
0.000148861
0.292637
0.0873571
0.443017
52
7.15833
0.762182
0.0164395
0.0917561
77
0.0030793
0.705676
0.0846933
0.262443
1
5.2925
0.820447
0.0480113
0.488477
25
0.00937899
0.0736112
0.0396403
0.0709669
12
51.0793
0.706165
0.0555037
0.136613
42
0.00414305
0.947157
0.0569399
0.402846
58
38.3591
0.884078
0.084746
0.0384807
7
0.00197448
0.782013
0.0841625
0.24078
21
31.743
0.744378
0.0306194
0.286661
61
0.00239284
0.166829
0.0610324
0.473969
63
57.3614
0.976689
0.0602957
0.138692
32
0.00796908
0.340173
0.0857074
0.329342
31
8.72996
0.962094
0.0682068
0.112854
37
0.00468068
0.205736
0.035478
0.105421
90
11.159
0.904013
0.0516003
0.0724515
95
0.00567887
0.546569
0.0162232
0.0563578
26
66.1216
0.815513
0.0531688
0.00606545
34
0.00258274
0.895223
0.041562
0.190368
75
39.8594
0.841215
0.0966295
0.410862
23
0.00772432
0.451384
0.029773
0.32443
15
97.6824
0.736513
0.0100188
0.233324
42
0.00790602
0.0237311
0.0371842
0.314964
84
56.6822
0.78013
0.0832076
0.435886
28
0.00855512
0.991487
0.0257428
0.103545
50
11.4738
0.920402
0.0756037
0.221373
93
0.00804396
0.305405
0.0792046
0.0884854
90
31.8074
0.774711
0.0156132
0.152938
78
0.0030962
0.999128
0.0347676
0.0588337
79
71.4272
0.964449
0.0863245
0.409291
96
0.00121299
0.294598
0.0907215
0.00155959
36
57.1959
0.721626
0.0667552
0.298596
74
0.00501713
0.153278
0.0637425
0.0232886
38
40.9343
0.836023
0.0365517
0.236718
31
0.00831553
0.869267
0.0841014
0.382779
89
10.1188
0.751598
0.0319401
0.0163944
51
0.00705596
0.67391
0.0908593
0.187438
37
37.577
0.972936
0.0798248
0.0535347
21
0.00629919
0.251924
0.0919035
0.366884
85
15.5891
0.823137
0.0330927
0.100847
57
0.00166884
0.771153
0.0693824
0.33859
26
46.8014
0.826463
0.0490439
0.456494
68
0.00584563
0.607863
0.047629
0.354115
63
44.0673
0.785071
0.0881099
0.31729
98
0.00620809
0.67475
0.045958
0.393529
67
20.2318
0.75141
0.059609
0.283887
19
0.00135462
0.163353
0.0442299
0.479358
23
44.3164
0.902403
0.0114238
0.319924
15
0.00263111
0.920683
0.0364177
0.093403
77
43.2497
0.903019
0.0865841
0.496605
66
0.0059374
0.967262
0.0387718
0.352117
17
48.9108
0.766211
0.0838777
0.323484
55
0.00426654
0.301088
0.0801026
0.399203
89
99.7548
0.983441
0.0935855
0.446609
47
0.00371119
0.150549
0.0153467
0.0407398
97
48.5375
0.728262
0.0232663
0.336258
20
0.00438422
0.547598
0.0953297
0.138994
57
87.3773
0.947609
0.067642
0.350636
38
0.00162748
0.462786
0.0747961
0.131127
81
82.6109
0.847773
0.0777713
0.246494
59
0.00062482
0.375968
0.0973995
0.0891161
33
35.4543
0.864911
0.0481725
0.463129
52
0.00920736
0.629582
0.0837108
0.4558
85
52.7565
0.948238
0.097119
0.373494
90
0.00157717
0.925693
0.0170209
0.286852
16
30.0659
0.740222
0.095756
0.120462
62
0.00967657
0.512819
0.041832
0.162002
3
64.0356
0.89356
0.0732199
0.4914
71
0.00382182
0.18164
0.018555
0.122652
2
69.0058
0.842742
0.0830756
0.186913
31
0.00748207
0.0292542
0.0149602
0.00852207
62
40.2843
0.790967
0.0341579
0.403477
99
0.00981644
0.811804
0.0298712
0.140748
14
97.3667
0.767702
0.0369894
0.158305
18
0.0091342
0.701333
0.0963254
0.210225
56
41.6325
0.759584
0.0220694
0.192655
9
0.00973211
0.795341
0.0225684
0.44997
53
58.8109
0.730383
0.0208014
0.318465
4
0.000304354
0.393722
0.0455825
0.26317
82
22.1637
0.734616
0.0586319
0.212095
11
0.00154137
0.247712
0.0427433
0.283492
33
3.01089
0.735812
0.0511937
0.469583
58
0.0076586
0.127955
0.0216997
0.0698798
49
21.4581
0.805839
0.0279652
0.430849
41
0.0039505
0.257534
0.0160305
0.0243066
67
97.8405
0.70795
0.0435338
0.050972
3
0.0081033
0.602214
0.0204602
0.234043
58
34.8984
0.808503
0.0929762
0.214198
17
0.00587072
0.36565
0.0388428
0.330708
28
65.9766
0.81197
0.0267164
0.464681
91
0.00463741
0.232876
0.056253
0.123782
48
71.9499
0.900715
0.0212165
0.4256
6
0.0045626
0.659327
0.0305727
0.205935
69
2.47532
0.914611
0.0622174
0.381374
98
0.00827329
0.361282
0.0319969
0.432956
54
81.8474
0.87296
0.0496609
0.222875
97
0.00221401
0.889143
0.0419556
0.247186
38
38.8162
0.856021
0.0952318
0.472969
27
0.0088189
0.290383
0.0749116
0.27008
81
79.3428
0.891029
0.0133501
0.0618978
12
0.00489741
0.265691
0.0122123
0.311278
8
18.1322
0.784671
0.0358133
0.231349
58
0.00562122
0.681142
0.0768466
0.44765
40
60.1945
0.905923
0.0229157
0.433742
87
0.000433612
0.698334
0.0895246
0.482771
19
27.6892
0.901957
0.0264433
0.408629
8
0.000563554
0.13791
0.0303554
0.214564
4
91.6738
0.820999
0.0765876
0.379042
69
0.00130399
0.45949
0.0187714
0.428343
78
78.1511
0.81774
0.026095
0.268914
30
0.00124939
0.628254
0.0213006
0.273133
18
45.2162
0.815191
0.0834285
0.405672
64
0.004592
0.742585
0.0804242
0.421919
33
44.8465
0.703064
0.0618886
0.218023
30
0.00280783
0.145955
0.0696285
0.337709
68
31.2199
0.711689
0.0303084
0.221881
60
0.00610941
0.493271
0.0393391
0.0338517
92
66.6238
0.974838
0.0321882
0.256268
100
0.000376805
0.333204
0.0762877
0.430186
61
33.7874
0.718857
0.0934828
0.420359
39
0.00659999
0.689147
0.046891
0.345449
52
13.5961
0.869387
0.0762565
0.328239
90
0.00636193
0.599686
0.0978727
0.0135349
27
75.4189
0.852247
0.0158078
0.225104
56
0.00549671
0.670124
0.02
0.391094
49
58.2544
0.778942
0.0907367
0.305484
28
0.000934654
0.623908
0.0715883
0.486485
91
65.7551
0.754922
0.0724796
0.421206
16
0.00609334
0.823232
0.0447691
0.316457
43
20.6581
0.956584
0.0984581
0.21939
21
0.000398847
0.957117
0.0708256
0.151788
67
11.3151
0.904718
0.0751533
0.352346
99
0.00783205
0.0303653
0.082613
0.406674
56
77.9576
0.990082
0.0140178
0.334879
1
0.00597476
0.653076
0.025985
0.321022
90
23.6262
0.782412
0.038319
0.239265
18
0.00571588
0.685153
0.0117797
0.335832
92
43.7319
0.929445
0.0922702
0.0189892
19
0.00137117
0.260871
0.0228828
0.361522
79
40.4798
0.741248
0.0188823
0.498891
50
0.0019298
0.757625
0.028339
0.149719
73
76.1574
0.967447
0.0334133
0.304238
23
0.00521834
0.982474
0.0172094
0.0681531
96
71.6394
0.821945
0.0477002
0.0114041
75
0.00019516
0.85811
0.0598711
0.495527
97
2.22165
0.937676
0.0350633
0.434405
61
0.00961993
0.312024
0.0450388
0.387426
43
74.5237
0.792287
0.0696589
0.314471
65
0.00994257
0.619169
0.0103814
0.223827
22
77.3182
0.801692
0.099882
0.437707
95
0.00817556
0.161582
0.013344
0.00936685
34
36.277
0.959911
0.0700304
0.403093
53
0.00472666
0.782464
0.0635351
0.0441129
60
24.3584
0.794323
0.0653905
0.248947
31
0.00499717
0.953855
0.0517998
0.0647795
11
47.1806
0.70018
0.0655646
0.330193
93
0.00331076
0.0704003
0.0926613
0.280934
65
84.5747
0.845863
0.081777
0.0877147
51
0.00484155
0.342103
0.0684552
0.163002
34
57.7442
0.878605
0.0613928
0.227498
72
0.00397298
0.373915
0.0865873
0.388327
77
92.0166
0.860376
0.0117133
0.171919
90
0.00306465
0.413925
0.0581513
0.426277
74
89.283
0.963966
0.0943987
0.043265
75
0.00715695
0.396175
0.0322544
0.00402598
75
84.8751
0.777531
0.0715473
0.483614
60
0.000497907
0.732731
0.0770895
0.373679
91
16.5507
0.731931
0.0296829
0.142038
86
0.000526011
0.838454
0.0921198
0.480154
54
29.9821
0.717403
0.0728302
0.429875
5
0.00632743
0.216334
0.0935197
0.236017
55
65.007
0.818621
0.0739895
0.273199
35
0.00751122
0.398551
0.0144523
0.0100914
86
8.88369
0.98092
0.0275812
0.23525
53
0.00800992
0.172341
0.0411655
0.409639
29
94.073
0.936705
0.0432587
0.186035
9
0.00686921
0.0911584
0.0276271
0.401168
88
45.5185
0.756266
0.07124
0.331316
94
0.00398568
0.560237
0.0207626
0.0697576
32
72.361
0.70217
0.0186984
0.323201
53
0.00189358
0.00304744
0.0265868
0.34781
83
95.7448
0.841117
0.0883436
0.0862627
49
0.00989026
0.429054
0.0732004
0.261207
44
73.3593
0.895165
0.023592
0.481151
13
0.00681715
0.277919
0.0699242
0.048049
37
50.2361
0.723188
0.0843214
0.379973
74
0.0027648
0.93385
0.0737128
0.250277
35
30.5405
0.88704
0.0800887
0.105884
7
0.00106126
0.309412
0.0432783
0.250981
97
12.3379
0.881688
0.0453374
0.110164
29
0.00929504
0.219436
0.0346528
0.251712
9
59.5481
0.969945
0.0347021
0.0186693
70
0.00938888
0.225101
0.0240869
0.344727
66
55.5329
0.799366
0.0577008
0.110959
14
0.00223578
0.73809
0.0868079
0.469905
57
83.3128
0.875119
0.0181021
0.261794
63
0.000644539
0.943173
0.0556135
0.391572
76
66.3496
0.814646
0.0385167
0.490784
12
0.00551629
0.035517
0.0723722
0.496384
17
64.7705
0.73501
0.0375663
0.109364
59
0.00591956
0.605233
0.0855031
0.343705
32
12.156
0.981514
0.0944585
0.262697
5
0.0045137
0.144348
0.0990227
0.332102
52
15.2031
0.978264
0.0495601
0.312449
81
0.00710237
0.328016
0.0496191
0.465222
27
98.5627
0.722363
0.0173595
0.0807624
96
0.00771117
0.479188
0.0210693
0.341484
95
59.6377
0.925579
0.0604965
0.0783327
33
0.00420595
0.518516
0.0491368
0.0169567
59
18.3619
0.894788
0.0753559
0.439659
50
0.00218092
0.84447
0.0731634
0.1017
9
32.3466
0.970725
0.0459137
0.130356
91
0.00607565
0.234041
0.0687399
0.0173557
44
19.8229
0.783043
0.0254021
0.193844
3
0.0052524
0.176814
0.0251174
0.305031
20
93.5847
0.761451
0.0389139
0.147088
69
0.00834912
0.00600286
0.016636
0.037363
35
88.2127
0.934762
0.0227091
0.292473
21
0.0087586
0.305216
0.0176809
0.293027
70
47.236
0.926411
0.0699088
0.0751799
71
0.00333008
0.323434
0.0425449
0.454102
33
9.17986
0.969345
0.0617191
0.0555502
7
0.00862424
0.814159
0.0300354
0.0185245
52
41.3096
0.795908
0.0539344
0.49259
6
0.00722194
0.456796
0.0767432
0.228764
46
95.272
0.896061
0.0650771
0.42467
48
0.00946964
0.370007
0.0968742
0.0327274
86
99.2193
0.955206
0.0874716
0.244
65
0.0048012
0.576284
0.0470048
0.383479
45
21.1894
0.77845
0.0766234
0.328945
63
0.0099019
0.881955
0.011356
0.202335
62
19.4477
0.888668
0.0245794
0.361463
57
0.00615927
0.802095
0.0316876
0.319588
46
67.7133
0.96129
0.0641897
0.14107
94
0.00360711
0.59707
0.0741269
0.13735
39
74.8555
0.787115
0.0852708
0.0841453
5
0.00176171
0.529199
0.0978206
0.415855
20
22.8327
0.83393
0.086709
0.348716
22
0.00889317
0.540593
0.0603887
0.232443
38
43.9276
0.974123
0.02179
0.00753042
16
0.00206685
0.760886
0.0987483
0.174233
19
26.9963
0.896201
0.012685
0.201807
89
0.00429405
0.746291
0.0237916
0.17972
28
2.85545
0.858375
0.0382178
0.271417
71
0.00880224
0.579921
0.0864782
0.2955
23
20.855
0.753136
0.0392963
0.432262
37
0.00147811
0.592924
0.0397007
0.392858
49
61.0506
0.786593
0.011924
0.382453
26
0.00270943
0.364471
0.0816491
0.147241
42
87.4975
0.922317
0.0588959
0.309668
35
0.000874255
0.178454
0.0180333
0.347304
93
54.6754
0.737326
0.0308385
0.353477
80
0.00487462
0.830443
0.0981346
0.44341
24
79.4481
0.880686
0.0128029
0.20294
94
0.00518978
0.596553
0.0835339
0.464571
83
47.7093
0.724569
0.042125
0.497257
83
0.00168949
0.624922
0.0433115
0.0357533
8
37.8821
0.801081
0.0280731
0.118219
20
0.00430373
0.215235
0.0583274
0.119246
45
49.5605
0.889929
0.057971
0.312022
49
0.00654998
0.788007
0.0590095
0.0367151
48
70.1918
0.998533
0.0746551
0.13135
99
0.00875027
0.808674
0.0644006
0.145005
2
36.0365
0.796809
0.019196
0.13411
80
0.00378896
0.537701
0.0579104
0.46357
17
53.8464
0.72964
0.0150369
0.198211
85
0.00923469
0.95818
0.0373662
0.431307
45
27.3343
0.746202
0.028461
0.339656
42
0.00155847
0.871001
0.0234845
0.0657221
48
25.9443
0.90935
0.0146044
0.189978
19
0.00680759
0.637788
0.0498388
0.487495
45
90.2071
0.745647
0.045026
0.357561
92
0.00664888
0.822024
0.0309099
0.439246
8
49.7688
0.726539
0.0937169
0.0857035
87
0.00840135
0.873248
0.0428328
0.0291738
50
29.7701
0.812624
0.0502415
0.212751
39
0.00202849
0.385149
0.0799526
0.313623
39
84.6799
0.854714
0.032139
0.362329
9
0.00352958
0.10918
0.0694953
0.127215
71
31.1622
0.861364
0.075274
0.06741
74
0.00732403
0.861161
0.0996404
0.0995301
4
23.2464
0.816915
0.0971323
0.284932
67
0.00963337
0.741458
0.0451808
0.0154673
87
18.9256
0.819258
0.096184
0.178655
66
0.00909882
0.996721
0.0891421
0.241577
12
75.1764
0.847393
0.0803909
0.0906428
53
0.0099229
0.884573
0.0404506
0.201285
11
34.1385
0.72888
0.0147407
0.473721
72
0.000125972
0.403012
0.0711256
0.330129
75
38.4287
0.94359
0.0849626
0.199231
86
0.00948767
0.616879
0.0898337
0.422799
6
50.9321
0.954587
0.0599875
0.238035
8
0.00985446
0.464138
0.0328209
0.165134
7
99.9541
0.741927
0.0590545
0.0484982
84
0.00377409
0.767958
0.0633964
0.0805644
76
67.0033
0.910627
0.027449
0.0397793
81
0.0078792
0.764346
0.0343187
0.0558763
21
43.5852
0.70583
0.040688
0.132216
24
0.00819078
0.485909
0.0955611
0.0421217
75
76.617
0.870486
0.0552278
0.466879
99
0.00287434
0.350432
0.0398837
0.0746477
69
94.8907
0.775332
0.0448032
0.0269075
43
0.00639424
0.553214
0.0217638
0.278163
92
46.6577
0.952222
0.094111
0.344117
45
0.00712032
0.119652
0.0366033
0.368132
90
45.962
0.894231
0.0716333
0.263907
73
0.00338177
0.97572
0.0287966
0.21802
65
51.5483
0.933245
0.0282072
0.415734
11
0.00435438
0.6873
0.0530138
0.156749
95
99.1702
0.870264
0.0144232
0.191114
60
0.00813908
0.849519
0.084507
0.207262
47
88.6108
0.971702
0.0791846
0.196781
36
0.00271372
0.156571
0.0552056
0.360531
59
19.3592
0.881939
0.042935
0.0204398
79
0.000960262
0.542729
0.0264221
0.0279095
87
80.8878
0.849747
0.0593661
0.0297329
34
0.00252986
0.971072
0.070076
0.136389
88
90.5808
0.89254
0.0959701
0.0949161
86
0.00983075
0.490917
0.0754358
0.44193
5
55.7201
0.875945
0.0891543
0.447136
46
0.000869704
0.828713
0.0901567
0.15481
46
83.8419
0.957329
0.0423411
0.395416
57
0.0056252
0.357703
0.0486565
0.028694
89
64.3211
0.892861
0.0737024
0.432126
38
0.0087256
0.14219
0.032463
0.0789639
72
37.1411
0.997055
0.0695394
0.256514
62
0.00614524
0.89093
0.0334161
0.0299821
89
3.69017
0.98622
0.0575899
0.0401508
30
0.00201585
0.749245
0.0130417
0.129937
8
84.2245
0.983953
0.0294631
0.291701
82
0.00289492
0.717109
0.0537133
0.235471
73
91.0559
0.843345
0.0608835
0.384551
18
0.00798732
0.131667
0.0527605
0.440255
85
82.1973
0.932113
0.0416733
0.42675
85
0.00478285
0.315345
0.0118209
0.135438
1
86.2323
0.912302
0.0478717
0.017213
71
0.00903681
0.60955
0.0381598
0.290066
76
61.7835
0.797208
0.0562447
0.286003
85
0.0060587
0.204423
0.0262454
0.253784
29
68.8527
0.767149
0.0111127
0.112031
6
0.0006603
0.447128
0.0164133
0.114463
72
7.78087
0.928255
0.0402763
0.454683
93
0.00543449
0.945207
0.0586793
0.411955
99
82.4658
0.947451
0.080622
0.325913
14
0.00577021
0.875042
0.0613196
0.237382
56
28.2528
0.928836
0.0862033
0.204033
13
0.00250492
0.0880406
0.0782939
0.177762
98
39.1201
0.929806
0.0401047
0.0995178
96
0.00668062
0.416147
0.0368693
0.317384
79
51.2778
0.919464
0.0910855
0.305315
22
0.00952042
0.827743
0.0174302
0.208331
19
14.6232
0.834622
0.0345003
0.139774
13
0.001741
0.505633
0.0328928
0.175233
13
39.5045
0.891861
0.0634568
0.18865
41
0.00368096
0.655473
0.0407316
0.44447
51
98.9417
0.739718
0.0368021
0.39628
63
0.00579838
0.265356
0.0587969
0.276571
58
78.5187
0.867782
0.0722747
0.404823
26
0.0084208
0.651921
0.0203905
0.00316413
17
85.7116
0.725767
0.0964292
0.394581
43
0.000281217
0.273166
0.0641818
0.285262
96
5.13933
0.955432
0.0555486
0.243328
3
0.00440014
0.939694
0.0611712
0.477289
74
74.2061
0.742531
0.0412939
0.383726
32
0.00957432
0.28457
0.0572102
0.0808668
12
2.02358
0.710385
0.0328169
0.474814
26
0.00386875
0.657654
0.0652965
0.38675
88
0.325489
0.992639
0.0637977
0.378207
81
0.00452062
0.918184
0.0667623
0.474312
38
25.5808
0.914935
0.0326115
0.0271693
47
0.00375091
0.148368
0.0777149
0.287825
15
29.4136
0.838073
0.0771148
0.461007
68
0.00364539
0.95429
0.0902808
0.0392472
90
3.97139
0.82759
0.0841123
0.151061
83
0.0067277
0.789159
0.0549213
0.148033
92
83.0722
0.836576
0.0904991
0.338936
29
0.00918485
0.549609
0.0640993
0.395748
2
22.4449
0.957795
0.0795148
0.308069
21
0.00265003
0.930688
0.0607744
0.225353
28
61.2028
0.764043
0.0238084
0.0836085
19
0.000545813
0.790736
0.0447005
0.196659
64
24.4142
0.857368
0.0812458
0.295128
32
0.00832086
0.728859
0.0933264
0.120088
27
4.457
0.771186
0.0868898
0.149029
74
0.00866211
0.317973
0.0507404
0.414196
70
72.0038
0.908849
0.0951083
0.459371
9
0.00492831
0.645405
0.0685541
0.0778258
19
77.7291
0.956052
0.0916828
0.429025
72
0.00320031
0.187934
0.0892912
0.110002
72
75.6266
0.861876
0.0468915
0.0310257
67
0.00132816
0.0450834
0.0534054
0.478605
17
43.1549
0.897405
0.0349975
0.0943018
50
0.00548098
0.122403
0.0474605
0.225827
57
44.696
0.807262
0.0558693
0.191879
64
0.00311337
0.250135
0.0911888
0.0316711
13
60.5022
0.975192
0.0679916
0.15632
55
0.00558805
0.985248
0.0828638
0.300171
70
31.5369
0.943095
0.044307
0.0758799
20
0.0092194
0.474466
0.0946838
0.215722
40
6.40771
0.915851
0.0129538
0.00438248
16
0.00149601
0.211071
0.0778688
0.498412
61
8.05464
0.927114
0.0472552
0.438832
24
0.00697513
0.766199
0.0463255
0.333984
85
1.88691
0.757804
0.0171197
0.268128
61
0.00227332
0.555852
0.0291861
0.337299
76
1.20277
0.988676
0.0979219
0.391455
30
0.00299012
0.666776
0.0331119
0.303837
71
5.66889
0.860256
0.0293619
0.282897
60
0.0076736
0.937467
0.088912
0.185515
18
72.756
0.940958
0.0196246
0.0413949
30
0.00737869
0.570318
0.0192412
0.374294
97
62.1378
0.792039
0.0154839
0.416902
52
0.00417559
0.907487
0.094876
0.427191
57
90.7531
0.858609
0.0645986
0.0689827
9
0.000775548
0.815484
0.0338822
0.248516
67
76.4136
0.710095
0.0108116
0.240831
16
0.00372433
0.0459188
0.0246554
0.151352
23
14.3183
0.762648
0.0174472
0.181052
46
0.00506805
0.965915
0.0629647
0.0470955
27
56.9831
0.799104
0.0710521
0.158755
61
0.00665829
0.378711
0.0809122
0.429677
3
64.5961
0.714586
0.0399516
0.484101
35
0.00775928
0.499085
0.0313315
0.305711
36
33.2882
0.944657
0.039356
0.102675
21
0.00342838
0.915071
0.0227567
0.115155
18
88.145
0.920939
0.0664898
0.0140398
23
0.00142121
0.510713
0.0726789
0.132766
96
17.8553
0.826898
0.0986129
0.179726
24
0.00363884
0.194942
0.0197903
0.292281
99
63.3975
0.783242
0.0786623
0.0258868
49
0.00267735
0.633044
0.0868925
0.116591
94
66.9928
0.806692
0.063835
0.33234
33
0.00758025
0.0212526
0.0526274
0.165704
84
53.4694
0.794874
0.0255575
0.144985
86
0.000724073
0.440902
0.0656533
0.481435
58
59.9834
0.91647
0.0488512
0.44151
2
0.00762986
0.165562
0.0222158
0.0606323
5
34.2204
0.842297
0.0660211
0.376567
79
0.00689664
0.776487
0.0509776
0.264948
31
36.777
0.703728
0.0673543
0.445917
96
0.00696043
0.753318
0.0466417
0.198547
43
76.8063
0.755547
0.0426923
0.458375
22
0.00317423
0.515764
0.0348669
0.488909
93
59.1683
0.886481
0.0703106
0.0927942
8
0.00530213
0.903943
0.0832424
0.0768248
83
17.132
0.749331
0.0206434
0.216599
40
0.00933951
0.886745
0.0512943
0.413718
36
88.5568
0.780234
0.020089
0.216158
25
0.00802754
0.896541
0.0764493
0.0456654
13
93.972
0.945257
0.0657149
0.0120982
29
0.008219
0.262949
0.0743891
0.296926
10
90.1784
0.995067
0.0535077
0.168194
80
0.0062355
0.832427
0.0652282
0.264369
94
42.093
0.824215
0.0757715
0.231817
65
0.00536259
0.399205
0.0813343
0.334541
36
68.6494
0.725291
0.0900566
0.250404
97
0.00935211
0.672144
0.039505
0.123363
46
90.887
0.879521
0.0877584
0.455789
46
0.00758501
0.333714
0.0302084
0.306561
69
21.9876
0.862598
0.0315357
0.208689
6
0.00187255
0.112249
0.0114649
0.19363
26
58.7206
0.810991
0.0513161
0.390636
54
0.00143456
0.816838
0.0794635
0.276178
68
4.94512
0.757399
0.0167262
0.177405
69
0.000679056
0.0573077
0.0815542
0.0436028
34
86.0485
0.921843
0.0670632
0.450972
4
0.00233613
0.66306
0.0281355
0.459873
30
85.3834
0.840296
0.0433972
0.148365
82
0.00924847
0.240836
0.014149
0.0118585
77
40.7121
0.903441
0.0992184
0.119724
25
0.00969288
0.495224
0.0269679
0.494071
66
96.13
0.971303
0.0137376
0.128186
25
0.00878217
0.561921
0.088063
0.355568
99
28.5115
0.851104
0.0363118
0.211518
22
0.00117032
0.793463
0.0885082
0.470074
63
13.3221
0.763371
0.0689844
0.18201
29
0.0054108
0.0628918
0.0430911
0.0545688
59
13.6637
0.941315
0.0663208
0.184287
14
0.00295394
0.338819
0.0422886
0.00769324
16
35.6111
0.991204
0.0813053
0.412421
37
0.000104373
0.769765
0.0733844
0.0201612
7
89.9563
0.809002
0.0989609
0.392413
44
0.00642586
0.423889
0.0168693
0.182259
85
4.73613
0.745244
0.0270325
0.122656
23
0.00433353
0.841733
0.0239951
0.125601
49
71.1012
0.946002
0.0165572
0.0217532
45
0.00649418
0.279923
0.0673465
0.0496466
51
80.2799
0.760613
0.0762313
0.388333
52
0.00540213
0.989435
0.0540498
0.490282
42
91.9283
0.788497
0.0353049
0.0564654
37
0.00349013
0.715914
0.0656104
0.322447
57
34.65
0.989257
0.0998094
0.477311
68
0.000276264
0.0125566
0.0178016
0.126547
96
83.4036
0.75831
0.0988064
0.0587654
98
0.00402621
0.532095
0.0784275
0.282786
64
50.7749
0.877044
0.0799838
0.123872
82
0.00676786
0.19723
0.0594386
0.339334
38
80.4367
0.884344
0.0337058
0.187865
81
0.00228002
0.420328
0.0942017
0.0267937
9
18.5933
0.770386
0.0390701
0.277206
81
0.00138991
0.709546
0.0350385
0.164486
98
75.8958
0.855441
0.0473906
0.0349443
52
0.00538081
0.578438
0.0436003
0.458839
61
17.6059
0.87895
0.0686178
0.00382775
10
0.0035883
0.0781011
0.097015
0.452728
56
63.4764
0.777881
0.0892409
0.153735
97
0.00897261
0.355606
0.0825286
0.243428
46
1.65032
0.781192
0.0508465
0.462355
2
0.00211013
0.863797
0.0786718
0.182804
100
53.687
0.720429
0.0262225
0.479513
20
0.00342023
0.993797
0.0617042
0.0950014
51
20.1507
0.871334
0.0370274
0.493059
92
0.00754087
0.632364
0.0271265
0.203628
28
77.4012
0.705194
0.0137951
0.30324
25
0.00523585
0.587777
0.0578669
0.153956
21
32.8914
0.831141
0.0122097
0.199686
35
0.00959766
0.644435
0.088138
0.321553
60
53.3371
0.727538
0.0773973
0.11672
28
0.00527981
0.229369
0.085946
0.401484
54
98.299
0.935884
0.0247829
0.454048
8
0.00650036
0.867832
0.0996356
0.499207
44
8.52441
0.978956
0.0977192
0.365871
17
0.000903509
0.154967
0.0945649
0.0065238
55
19.1369
0.736471
0.0456376
0.167281
40
0.00339319
0.552455
0.0196049
0.410181
34
73.0922
0.743223
0.0386305
0.260423
10
0.0097133
0.170946
0.0605124
0.434322
53
39.272
0.996042
0.0541567
0.46108
88
0.00368775
0.30218
0.0720598
0.448576
62
86.8767
0.925295
0.0559216
0.307283
27
0.00495419
0.0145974
0.070915
0.342861
15
5.5033
0.952521
0.0768365
0.0735367
64
0.00945905
0.380508
0.0504079
0.18857
32
95.9178
0.832765
0.0921269
0.107546
67
0.00744658
0.807866
0.0101579
0.267799
34
70.4596
0.868935
0.0995073
0.442542
87
0.00779503
0.720181
0.0789919
0.295172
7
34.4303
0.848479
0.0582583
0.152298
56
0.00603855
0.441794
0.0531879
0.483779
70
0.617968
0.863781
0.0304717
0.150044
72
0.00793563
0.0386887
0.0937044
0.209045
60
14.8483
0.92752
0.0845976
0.0132335
37
0.00589116
0.819288
0.08106
0.192273
33
1.42254
0.993851
0.0343556
0.387293
12
0.00345369
0.107754
0.0964497
0.192688
50
19.733
0.853726
0.0854663
0.36428
60
0.00469648
0.425515
0.0751265
0.169505
73
93.0373
0.960695
0.0190268
0.315943
51
0.00702021
0.0504068
0.0437182
0.375715
82
63.1141
0.980146
0.0647618
0.327006
78
0.00744304
0.403326
0.0760976
0.297552
79
3.52258
0.715104
0.0836991
0.0891381
40
0.00195354
0.514949
0.0821235
0.10919
50
95.0083
0.871787
0.0179929
0.272219
49
0.00733993
0.987261
0.0253145
0.359158
59
68.4908
0.770678
0.0981773
0.468199
77
0.00322137
0.565937
0.0383396
0.0618678
72
9.70243
0.78873
0.0894898
0.349781
65
0.00926751
0.411596
0.051082
0.266852
4
79.8306
0.963283
0.0101863
0.420005
84
0.00845607
0.269082
0.0538418
0.0634176
37
74.6079
0.984808
0.0881341
0.104522
39
0.00573483
0.978576
0.0229787
0.111113
77
67.5955
0.800786
0.0912779
0.451292
50
0.00304789
0.135694
0.0202025
0.380285
31
96.7108
0.766413
0.0620588
0.33204
62
0.00442966
0.31643
0.0333632
0.447089
76
57.9592
0.830123
0.0203998
0.2747
47
0.0055375
0.254526
0.0737892
0.106888
6
48.0318
0.875709
0.0818618
0.42355
51
0.00107281
0.0807838
0.0957039
0.489237
68
26.3382
0.907193
0.0788891
0.0307227
34
0.00944529
0.972786
0.0931505
0.167753
40
24.6744
0.944526
0.0573186
0.269524
8
0.00906952
0.589351
0.0601051
0.253059
10
16.634
0.930366
0.0104869
0.0489609
70
0.0069304
0.522157
0.0923732
0.219714
35
12.531
0.910424
0.0946053
0.478283
92
0.00285223
0.0656996
0.0315948
0.379214
92
45.6074
0.715793
0.0565769
0.177716
35
0.00714539
0.750805
0.0797914
0.20491
66
9.83102
0.923241
0.0114625
0.137198
41
0.00437084
0.24282
0.0542097
0.146556
21
92.5606
0.938187
0.0930556
0.33777
27
0.00517296
0.458335
0.0276423
0.222343
7
78.8888
0.997451
0.0372339
0.257551
78
0.00292192
0.115652
0.0638438
0.397292
3
27.0311
0.738331
0.0485765
0.397637
88
0.000593027
0.381975
0.0679694
0.129425
82
69.3635
0.760221
0.026819
0.0615421
74
0.00301169
0.335636
0.0107246
0.266104
54
65.5382
0.93547
0.0993633
0.372432
1
0.00212935
0.912371
0.0665351
0.00287358
82
69.4502
0.711072
0.0968506
0.172733
26
0.00887419
0.0359478
0.0677857
0.352496
25
88.8236
0.823395
0.0909191
0.422237
55
0.00825604
0.225606
0.0481453
0.326713
29
64.8417
0.877823
0.0783092
0.289062
54
0.00678758
0.469929
0.0847871
0.17629
91
51.7978
0.749849
0.064144
0.160915
95
0.0042375
0.183458
0.0774166
0.0912316
54
70.7879
0.802803
0.0597687
0.264944
91
0.000841092
0.564637
0.0292681
0.153607
64
41.1782
0.867362
0.0873861
0.357034
13
0.0080701
0.977959
0.0519826
0.327942
19
61.51
0.719292
0.054807
0.0325598
48
0.000216671
0.703771
0.0756224
0.333197
55
11.984
0.889139
0.0418191
0.0999723
54
0.00819909
0.864722
0.0488507
0.38587
82
6.96495
0.91145
0.0871775
0.45728
67
0.00454532
0.0860217
0.0631112
0.220762
39
7.90276
0.839472
0.0585669
0.0984521
66
0.00555526
0.642165
0.0850847
0.416354
68
10.4139
0.737822
0.0289859
0.175341
16
0.0099668
0.137258
0.0998375
0.384756
62
7.25245
0.950403
0.0693591
0.346686
42
0.00325553
0.0586641
0.0546465
0.0723915
16
94.5847
0.941947
0.0684476
0.207377
15
0.00859855
0.940828
0.012593
0.189496
58
44.4867
0.932974
0.0709811
0.205625
67
0.00409927
0.32181
0.0147402
0.170777
43
18.6632
0.978054
0.0744739
0.341051
48
0.0035506
0.776404
0.0307087
0.419049
54
47.5111
0.72383
0.0815133
0.0658092
40
0.00215517
0.927121
0.0646889
0.0831921
78
93.3566
0.938705
0.0636371
0.393683
2
0.00116311
0.524213
0.0145576
0.43383
88
11.6623
0.775589
0.0439961
0.17454
3
0.0072558
0.949678
0.0340422
0.223363
99
59.2965
0.899806
0.0313776
0.482702
61
0.00185226
0.602871
0.0284461
0.185916
5
55.8277
0.885794
0.072356
0.43622
23
0.00662517
0.498042
0.0289706
0.0675606
52
23.078
0.851549
0.0652476
0.279645
24
0.00127829
0.583627
0.043931
0.199224
16
50.0881
0.709544
0.064491
0.299485
33
0.0085139
0.798293
0.0728387
0.279578
26
27.4454
0.739217
0.0785635
0.261123
4
0.00717991
0.950118
0.0598422
0.472713
78
0.950622
0.747194
0.0469893
0.337243
38
0.0046096
0.212569
0.0252603
0.258704
29
79.7627
0.90657
0.0218887
0.400307
22
0.00235683
0.699964
0.0403483
0.362716
80
52.3757
0.727465
0.046542
0.274225
36
0.000394465
0.691979
0.0689315
0.212173
9
6.07564
0.977195
0.0506561
0.354907
44
0.00393131
0.0337571
0.0675644
0.0787659
22
54.9484
0.863029
0.045165
0.0570249
41
0.00627535
0.615856
0.0860873
0.183681
61
81.7111
0.985274
0.0503779
0.408136
83
0.00446763
0.367283
0.0195077
0.158272
92
72.4995
0.822428
0.0567583
0.321927
36
0.00190785
0.843949
0.0916725
0.172527
17
38.1844
0.838888
0.0938864
0.369936
24
0.00999489
0.257449
0.018114
0.200493
73
46.1779
0.922829
0.0177692
0.247844
32
0.00595604
0.429891
0.0166897
0.0384546
25
46.2893
0.846926
0.0239771
0.308801
6
0.00473426
0.0101748
0.0380492
0.438935
24
28.678
0.789717
0.0332749
0.157511
7
0.00978816
0.327251
0.0591925
0.370144
30
30.9256
0.887829
0.0669426
0.444049
75
0.00170721
0.417898
0.0341215
0.100018
67
61.9228
0.773484
0.0615618
0.36633
89
0.00413339
0.105052
0.0367366
0.0591018
83
22.7144
0.755663
0.0675311
0.0446464
78
0.00794241
0.00869677
0.0111865
0.133873
53
2.67925
0.887289
0.0926244
0.0421994
15
0.00503461
0.61341
0.0515951
0.0460941
95
86.6851
0.901065
0.0888721
0.37052
46
0.00720132
0.712336
0.0502996
0.363388
91
10.9813
0.951374
0.0216322
0.0968597
66
0.00645119
0.0938498
0.0705952
0.389621
37
36.9571
0.967937
0.0518738
0.251756
84
0.00844602
0.387866
0.0389981
0.0730775
12
49.3845
0.973356
0.0446006
0.0608078
75
0.008478
0.680009
0.0154691
0.457225
61
85.9462
0.898116
0.0359579
0.00921793
41
0.00884257
0.359837
0.0701374
0.231285
66
42.846
0.976107
0.0240987
0.287952
79
0.000248717
0.0544986
0.0378386
0.0755844
62
80.6444
0.81128
0.0250168
0.348078
44
0.00651757
0.773706
0.0273498
0.116801
15
93.7349
0.898774
0.0920543
0.389234
10
0.00953605
0.878101
0.0596794
0.14232
64
26.7448
0.773804
0.023485
0.417352
79
0.0038503
0.308932
0.0557252
0.376813
22
68.1183
0.750306
0.092444
0.277769
91
0.00508816
0.197965
0.037715
0.203358
80
48.2023
0.979812
0.0546384
0.414074
29
0.00739451
0.835951
0.0138531
0.0145237
78
87.1139
0.776833
0.0731308
0.14658
89
0.00955372
0.446807
0.0852785
0.156453
100
51.8852
0.798601
0.0500101
0.195601
12
0.000318799
0.0604008
0.0158687
0.407463
65
3.26371
0.859152
0.0316718
0.163409
98
0.00486279
0.0838642
0.012403
0.403215
33
54.1379
0.800376
0.0419263
0.0710229
48
0.00266379
0.408987
0.0360334
0.368298
11
71.3949
0.787353
0.0825557
0.0018309
10
0.000446939
0.0164699
0.0445138
0.372306
89
95.5736
0.754217
0.0197992
0.204689
65
0.00557888
0.443676
0.0244297
0.0538177
48
50.4328
0.819779
0.0152616
0.0878363
80
0.00533268
0.683649
0.0255773
0.229972
37
60.6432
0.991946
0.0953618
0.18332
72
0.00580692
0.692917
0.0958704
0.167141
94
22.3987
0.986635
0.0424557
0.250895
3
0.00684447
0.928395
0.0896234
0.0227749
30
56.2082
0.78591
0.0404691
0.10356
88
0.00768348
0.432246
0.0942448
0.286268
93
33.9774
0.733879
0.0134801
0.355602
73
0.00708362
0.799018
0.0478316
0.096249
13
70.8883
0.790842
0.0379286
0.210382
89
0.0089649
0.759036
0.0950695
0.313149
98
16.8331
0.829746
0.0362652
0.30155
43
0.00178031
0.00503961
0.0514757
0.492034
74
33.1419
0.768422
0.0161535
0.195708
52
0.00723048
0.960958
0.026746
0.446034
23
47.8685
0.846
0.0229791
0.465622
27
0.00180152
0.67722
0.0622793
0.281978
73
94.2798
0.765518
0.0606458
0.0825322
87
0.00447601
0.736101
0.0492688
0.0971283
10
39.7458
0.843948
0.0491703
0.34516
43
0.00204072
0.520188
0.0312101
0.260269
36
10.7758
0.899289
0.0184122
0.219619
57
0.000224945
0.192447
0.0991387
0.238141
65
68.2511
0.885069
0.0809469
0.0702613
27
0.00401629
0.319383
0.0936335
0.404903
80
24.0811
0.813464
0.0206175
0.317698
70
0.00498175
0.410126
0.0986651
0.0525297
6
28.0331
0.704549
0.0199006
0.252722
83
0.00694393
0.662342
0.0139964
0.349307
59
62.2328
0.810244
0.0631946
0.358491
73
0.00512575
0.732005
0.0721434
0.435663
74
4.38286
0.933879
0.0781715
0.164402
86
0.00424038
0.283227
0.0564456
0.179611
14
98.0213
0.864343
0.0611944
0.275502
39
0.00347966
0.111303
0.0188946
0.215214
47
87.8883
0.838549
0.0520239
0.0639999
28
0.00255231
0.747967
0.0850305
0.323629
71
89.5365
0.793818
0.0312368
0.0598161
31
0.00391499
0.73929
0.090562
0.476889
6
0.0780916
0.825437
0.0581231
0.170417
17
0.00114242
0.53415
0.0647743
0.0849709
40
32.0811
0.803227
0.0131163
0.133229
32
0.00808361
0.297929
0.0760143
0.450933
26
80.1207
0.917285
0.0802198
0.320433
90
0.00166411
0.780234
0.0472437
0.425263
9
37.3392
0.907888
0.074348
0.115336
45
0.00123974
0.805075
0.0975585
0.365165
63
37.678
0.965639
0.0300025
0.0283027
85
0.00112256
0.904508
0.0619252
0.472021
71
9.54741
0.803641
0.0741801
0.467767
76
0.00858817
0.392259
0.0875345
0.191308
86
77.1019
0.783944
0.0484068
0.246583
69
0.002366
0.203433
0.015758
0.381939
83
30.6801
0.772868
0.0780132
0.200962
75
0.00728583
0.56855
0.0570613
0.244563
71
14.5074
0.972243
0.0591721
0.117154
15
0.00601117
0.23803
0.0910052
0.180774
99
75.2137
0.914037
0.0824583
0.0230613
48
0.00103108
0.722545
0.0834388
0.436518
68
15.1911
0.993457
0.0666214
0.00842522
78
0.00150891
0.28927
0.0752047
0.11221
57
26.0037
0.857049
0.0223962
0.444406
5
0.000468102
0.649376
0.0962031
0.357748
50
73.8726
0.865393
0.0277381
0.0348514
73
0.00465607
0.481822
0.0106452
0.19508
25
7.56772
0.946868
0.0309338
0.0462616
2
0.00248471
0.695443
0.0184306
0.35103
4
55.1596
0.713137
0.0858307
0.144142
44
0.00444768
0.277076
0.0781484
0.271969
25
23.4258
0.995967
0.0252901
0.414553
82
0.00274651
0.450302
0.0543524
0.0512422
14
92.6427
0.733443
0.0705675
0.489594
93
0.000915659
0.581499
0.0420653
0.138532
74
82.2685
0.969066
0.0493077
0.0936566
63
0.00406338
0.386574
0.0650593
0.0904581
88
92.8074
0.70151
0.0169632
0.374835
4
0.00382646
0.82515
0.035869
0.103917
25
6.34698
0.850475
0.0142031
0.228271
33
0.00102151
0.422688
0.0628694
0.177075
47
53.1759
0.714118
0.0886455
0.0224127
54
0.00255666
0.635099
0.0555201
0.227355
4
85.0635
0.753717
0.0856012
0.359631
100
0.00975768
0.879705
0.0286941
0.484907
15
46.4463
0.994264
0.0475956
0.236415
92
0.0078118
0.0822904
0.0775894
0.468892
44
72.9848
0.853415
0.0460466
0.126532
15
0.00869892
0.917967
0.0795115
0.356962
96
94.6298
0.931251
0.0851725
0.297039
61
0.00230809
0.898884
0.0660827
0.294296
51
97.0119
0.924098
0.0630061
0.185045
68
0.00260407
0.207669
0.0740596
0.365919
10
36.4155
