0.742177
0.0751725
0.47584
100
0.00770532
0.182599
0.031805
0.477977
14
15.4149
0.782725
0.0763573
0.205449
77
0.0057374
0.0401284
0.0620921
0.205055
96
12.3187
0.957164
0.0831152
0.23496
17
0.00282973
0.966891
0.0671613
0.112848
35
37.0746
0.852059
0.0205639
0.479061
72
0.00193178
0.201629
0.018739
0.123258
94
29.3553
0.907954
0.0800938
0.229425
30
0.00655491
0.03204
0.083947
0.480487
22
20.3923
0.722889
0.0333596
0.255398
67
0.00999377
0.862579
0.0378286
0.0301169
36
71.3752
0.775052
0.0650267
0.484399
61
0.0011346
0.427983
0.0980522
0.340841
99
66.9805
0.830613
0.0163759
0.213141
40
0.00594085
0.451034
0.0426625
0.374279
69
46.954
0.839894
0.0608168
0.286013
14
0.000469818
0.973878
0.055551
0.0229019
1
20.7442
0.704176
0.050474
0.193804
35
0.00786414
0.768775
0.0566203
0.117738
59
1.91604
0.835898
0.0949122
0.0453414
4
0.0090964
0.783376
0.0793353
0.241386
92
8.38915
0.787112
0.0633044
0.168104
38
0.00135328
0.82686
0.0664423
0.323954
71
14.417
0.8498
0.0755604
0.320067
79
0.00755447
0.855964
0.0863117
0.443827
37
51.5323
0.974585
0.0335277
0.347825
66
0.00127824
0.665444
0.0855409
0.185425
38
40.1363
0.87798
0.0512969
0.275605
27
0.00160559
0.789143
0.0816204
0.382222
38
23.7855
0.87977
0.0133459
0.14377
33
0.00776217
0.171043
0.0334655
0.497694
40
58.0565
0.924806
0.0151694
0.30865
45
0.008178
0.141822
0.0627082
0.0375711
19
61.6743
0.792505
0.0274817
0.304495
99
0.00447539
0.636989
0.0467052
0.175429
43
22.3083
0.818374
0.051486
0.416871
24
0.00546165
0.93761
0.0545917
0.172576
49
12.7055
0.713222
0.0559302
0.148177
44
0.0036012
0.302688
0.0764738
0.0451474
50
88.2163
0.864491
0.0536215
0.32489
86
0.00556094
0.221298
0.0964295
0.135215
60
6.19556
0.765506
0.0903056
0.378482
3
0.00936911
0.612542
0.0906046
0.252831
80
30.6663
0.826035
0.0965423
0.392005
11
0.00728087
0.0901201
0.0741419
0.194443
75
43.12
0.702165
0.0394588
0.217281
36
0.00179749
0.581248
0.0351341
0.210329
8
97.9538
0.708914
0.0325058
0.25767
20
0.00430454
0.477051
0.0296096
0.418293
51
32.7096
0.946014
0.0243098
0.403606
95
0.00799302
0.66021
0.077854
0.260288
12
78.1756
0.935825
0.0319584
0.35368
93
0.00532874
0.616859
0.0141007
0.10918
67
39.0861
0.733109
0.0846542
0.0940499
13
0.0094329
0.54983
0.0871038
0.16901
94
29.3239
0.925806
0.0458598
0.00227097
84
0.00950795
0.180632
0.0699629
0.277042
32
73.446
0.888092
0.0374974
0.29585
29
0.00582727
0.995888
0.0472703
0.167198
58
85.7811
0.738199
0.0817982
0.280028
50
0.00868389
0.0111056
0.0989822
0.300144
28
24.7392
0.962325
0.0982361
0.453604
3
0.000100886
0.0643308
0.0876511
0.265146
45
87.2727
0.953952
0.0906806
0.462164
91
0.00249139
0.238031
0.0892407
0.334236
55
95.1299
0.98061
0.0683971
0.463542
63
0.00308839
0.843089
0.0732246
0.383582
56
55.1869
0.849163
0.035231
0.442257
62
0.00905998
0.921243
0.093777
0.359435
41
31.8681
0.885259
0.0175782
0.248333
35
0.000917366
0.259346
0.0776458
0.0388808
9
32.6326
0.990235
0.0852957
0.272151
37
0.00322558
0.746608
0.0305371
0.399968
82
34.4495
0.901249
0.0776507
0.432243
33
0.00956358
0.166276
0.0919321
0.239982
42
82.8943
0.977592
0.0248783
0.402059
64
0.00444921
0.589348
0.0332264
0.230842
47
4.24143
0.86889
0.0553449
0.0126971
45
0.00334287
0.732361
0.0589212
0.278228
89
48.3018
0.871924
0.0390613
0.0325439
56
0.00790687
0.308352
0.0582874
0.313401
84
24.2969
0.853961
0.0745658
0.413608
83
0.00386745
0.440678
0.0125469
0.401172
43
69.937
0.922059
0.0923302
0.22176
69
0.000235924
0.602659
0.0987262
0.148838
66
11.9663
0.726133
0.0863843
0.0633662
40
0.00603212
0.124369
0.0485764
0.0972885
36
27.5168
0.837616
0.0879508
0.300952
28
0.00172069
0.895103
0.0727871
0.157637
67
94.3078
0.714233
0.0544157
0.0853044
83
0.000989156
0.0499279
0.0847939
0.0808564
88
67.8318
0.881656
0.0980089
0.488626
59
0.00261846
0.989787
0.0109362
0.132415
15
17.5477
0.773027
0.0579915
0.159327
21
0.00981384
0.930154
0.0453876
0.314258
73
65.5445
0.731306
0.0616587
0.0839038
31
0.00714278
0.872497
0.0436186
0.061803
46
77.2756
0.950595
0.0196427
0.428054
69
0.000515539
0.94279
0.0880746
0.371127
27
41.646
0.736208
0.0260496
0.2323
42
0.00500735
0.404434
0.0398671
0.412024
4
57.7764
0.767192
0.0872929
0.108023
72
0.00384669
0.319302
0.0434338
0.234581
82
95.3449
0.967309
0.0118805
0.337028
49
0.00742183
0.648263
0.0119987
0.0655997
16
55.3686
0.886759
0.0834249
0.480116
52
0.000320277
0.810962
0.0693427
0.0592947
83
80.3715
0.81569
0.0999703
0.252774
88
0.0041705
0.622753
0.0532811
0.0180633
17
93.4481
0.761022
0.0626939
0.1326
16
0.00152952
0.295115
0.0859084
0.450476
40
18.0116
0.725413
0.0142774
0.406888
50
0.00162826
0.558828
0.0146699
0.33012
84
64.0811
0.960716
0.0489157
0.45879
11
0.00700498
0.966593
0.039113
0.366661
89
26.2038
0.76781
0.0524018
0.179197
58
0.00894551
0.561162
0.0769322
0.201611
98
79.332
0.981421
0.0542328
0.3964
1
0.00768088
0.893231
0.0263537
0.467305
19
45.5495
0.729433
0.038766
0.0553962
91
0.00987097
0.387188
0.0269133
0.151987
59
99.038
0.740864
0.0933549
0.0423135
81
0.00805426
0.483784
0.0384317
0.117408
4
3.01658
0.956422
0.0416295
0.36458
88
0.00604505
0.725056
0.0787905
0.293876
53
96.8624
0.811772
0.0526672
0.0283487
84
0.00434407
0.986304
0.0631237
0.303672
10
26.9347
0.746422
0.0702831
0.297147
54
0.00211765
0.95893
0.0575999
0.28309
25
50.7715
0.80895
0.0601508
0.0696146
5
0.000860945
0.677456
0.0744739
0.0162117
18
4.97565
0.937654
0.0406812
0.387382
93
0.00833219
0.447256
0.0353505
0.457597
64
46.1184
0.828291
0.0255506
0.140429
65
0.00928127
0.21359
0.0210385
0.490106
24
59.5292
0.750037
0.0942906
0.280687
5
0.00524804
0.0847613
0.0465545
0.293473
15
91.3106
0.756436
0.0716942
0.320431
67
0.00969683
0.711347
0.0499206
0.106984
46
16.7309
0.754477
0.0194984
0.151454
79
0.00223842
0.156292
0.0492074
0.331399
42
77.6842
0.856221
0.0287254
0.332622
25
0.00919029
0.395998
0.0401386
0.42854
6
16.6146
0.802395
0.0271827
0.269493
30
0.00184299
0.835114
0.0455319
0.462938
91
57.0514
0.781633
0.0735099
0.114021
6
0.00144557
0.832915
0.0524469
0.345082
81
0.520199
0.996595
0.088776
0.102128
97
0.00642669
0.847773
0.0258186
0.270133
30
75.9662
0.77811
0.0920155
0.386478
76
0.00341562
0.132283
0.0685629
0.473887
68
28.4845
0.90631
0.0497263
0.127973
38
0.00671675
0.330921
0.0640401
0.0782102
32
75.2301
0.9145
0.0369233
0.119399
68
0.00358438
0.499385
0.0712329
0.367427
2
82.0458
0.866524
0.0171033
0.0752997
10
0.00645348
0.262159
0.0543974
0.244196
98
35.9467
0.970719
0.0610637
0.0950627
43
0.00196482
0.519643
0.0510452
0.0697478
35
44.7502
0.770434
0.0158646
0.471894
94
0.00296899
0.813748
0.0560869
0.217102
33
88.721
0.807582
0.0959413
0.114684
7
0.00216371
0.0694094
0.0679178
0.228853
54
48.7719
0.718541
0.0436771
0.448757
46
0.0097769
0.358696
0.0368699
0.361474
71
59.1301
0.841784
0.0210119
0.363565
32
0.00880919
0.471673
0.0104251
0.213317
72
50.3238
0.719985
0.0267416
0.12625
85
0.00745468
0.150631
0.0291384
0.304867
88
84.1733
0.964092
0.0592727
0.0262082
60
0.00584554
0.198886
0.0415709
0.00404215
25
99.9525
0.933601
0.0857498
0.0902486
71
0.00847757
0.0461514
0.0374895
0.487972
7
40.8117
0.711815
0.0282538
0.372578
44
0.00620862
0.804148
0.0951755
0.407762
79
11.1794
0.940155
0.0480441
0.241989
92
0.00810992
0.0594684
0.05267
0.389858
76
23.1644
0.822892
0.0911891
0.0367426
57
0.000706099
0.672224
0.0359217
0.49373
75
13.8169
0.869787
0.0477852
0.202592
59
0.00560619
0.244611
0.0446811
0.396615
76
7.614
0.800434
0.0708028
0.215343
87
0.00059961
0.57974
0.0419683
0.183253
54
66.2973
0.987961
0.0566626
0.0157023
73
0.00663822
0.735453
0.0914278
0.406541
78
9.17192
0.832682
0.0188664
0.423322
61
0.00626227
0.11268
0.0232297
0.455193
27
25.4278
0.997736
0.0314822
0.00956588
76
0.00231957
0.509073
0.0810435
0.271425
80
64.8621
0.895934
0.069201
0.15671
82
0.00960967
0.414641
0.0974997
0.178998
52
60.2915
0.701613
0.067127
0.490584
97
0.00720909
0.748533
0.0657849
0.447178
99
70.9395
0.814794
0.0298125
0.341928
74
0.00734082
0.949549
0.0166849
0.00908957
93
68.1149
0.835538
0.0450495
0.435921
18
0.00923907
0.62882
0.0648782
0.317774
23
31.0575
0.785052
0.0380469
0.359376
2
0.00273165
0.594959
0.0298712
0.289667
31
62.6041
0.917318
0.0824115
0.190314
42
0.00037643
0.504112
0.0152606
0.416215
13
90.1534
0.972427
0.066139
0.0728976
28
0.00484436
0.688275
0.0131338
0.351686
61
10.4003
0.753684
0.0975265
0.310403
21
0.00521494
0.350983
0.0222674
0.0411755
48
63.4609
0.91259
0.0838228
0.16585
16
0.00017774
0.570094
0.0569827
0.0114238
62
96.2741
0.861081
0.0784447
0.210051
48
0.00509245
0.919156
0.0505814
0.422744
45
54.0987
0.862968
0.0295217
0.444183
71
0.00840953
0.0227004
0.0953092
0.0563721
86
84.9754
0.929117
0.0803033
0.37001
80
0.00305888
0.706413
0.0240821
0.255464
39
62.8382
0.904361
0.0571109
0.171824
47
0.00314559
0.886008
0.0206235
0.187697
26
83.5856
0.776693
0.0719047
0.239846
26
0.00497172
0.543786
0.0161077
0.354066
85
49.8081
0.876941
0.0405794
0.453088
70
0.00490557
0.274239
0.0638796
0.248039
29
0.711383
0.717043
0.0768938
0.0486046
34
0.00760277
0.0060108
0.0411803
0.220284
65
53.5753
0.991145
0.0214134
0.290299
66
0.00689458
0.361583
0.0709896
0.307925
63
52.7374
0.820329
0.0103427
0.0801043
8
0.00822288
0.32316
0.0254504
0.223602
91
87.4283
0.844594
0.069827
0.423659
87
0.00399551
0.02016
0.094271
0.143682
63
91.6501
0.994854
0.0136999
0.498133
39
0.00512211
0.75767
0.0821622
0.425614
58
38.0788
0.93214
0.0349356
0.261401
22
0.00375307
0.290467
0.0315565
0.0724374
23
52.1919
0.797411
0.0465223
0.0663299
41
0.00274563
0.764515
0.0723909
0.137957
26
92.1952
0.895194
0.0654113
0.174541
19
0.00327663
0.284285
0.0755246
0.126003
33
39.5684
0.794128
0.0893536
0.121884
89
0.00260153
0.226442
0.0322378
0.432504
70
3.9886
0.910004
0.0125605
0.181068
51
0.00659415
0.115619
0.0281177
0.0245682
87
69.2823
0.943897
0.0585214
0.134507
57
0.00108179
0.280182
0.0614427
0.156295
30
47.8176
0.875016
0.0446406
0.0592085
75
0.00238399
0.347011
0.0174969
0.485849
77
18.8907
0.898123
0.07823
0.106314
55
0.00202868
0.106378
0.0800967
0.0862121
53
76.3991
0.759355
0.0233471
0.344753
9
0.00244885
0.874161
0.0199618
0.0975703
79
9.51513
0.947541
0.0988298
0.376251
13
0.00681927
0.697548
0.019107
0.466367
20
43.477
0.811046
0.01084
0.382146
90
0.00566285
0.23429
0.0923465
0.442979
8
56.0455
0.95259
0.0419265
0.0517494
54
0.00474712
0.189619
0.0748449
0.0891206
95
81.4141
0.788925
0.0363485
0.410309
99
0.00690232
0.780191
0.0888137
0.323105
97
79.481
0.975919
0.0643538
0.329281
95
0.00408013
0.912351
0.051547
0.0334988
17
14.7065
0.965743
0.0664708
0.0225461
81
0.00854768
0.457639
0.0804825
0.00595607
10
44.0239
0.707769
0.0115587
0.293688
26
0.00421122
0.138958
0.0705099
0.0492254
68
74.3639
0.749789
0.0956818
0.0996079
55
0.00887847
0.336478
0.0481641
0.191534
72
98.625
0.790566
0.042991
0.197884
18
0.00455746
0.100242
0.0899076
0.337488
9
33.9069
0.902275
0.0792675
0.226448
9
0.00633752
0.0773528
0.0828835
0.101431
11
5.90693
0.798813
0.0224199
0.31371
35
0.00464073
0.530833
0.0598582
0.470085
57
6.75566
0.847206
0.0306059
0.0188435
75
0.008821
0.487825
0.0836986
0.226253
74
92.766
0.986149
0.0740495
0.437671
7
0.00468384
0.718927
0.024463
0.0931845
91
61.2664
0.745021
0.0724356
0.244663
15
0.000670265
0.389805
0.0344248
0.163709
12
80.9568
0.916458
0.093588
0.496165
52
0.0028986
0.642271
0.0231038
0.377336
21
72.122
0.734751
0.0880113
0.469743
12
0.000773272
0.795352
0.0659104
0.439089
2
42.2385
0.984371
0.0341703
0.16309
78
0.0011907
0.681415
0.0117535
0.391449
96
21.4355
0.891792
0.0179878
0.353068
23
0.00370846
0.535858
0.0219068
0.0741948
62
86.3845
0.920782
0.0681301
0.0387836
15
0.00393485
0.251828
0.0593802
0.286309
51
70.5897
0.857776
0.0588903
0.194141
53
0.00863573
0.424131
0.0183358
0.0517646
86
37.3443
0.942175
0.0433078
0.145881
97
0.00704993
0.374713
0.0929017
0.145451
20
35.1266
0.889963
0.0491911
0.399465
24
0.0035002
0.368886
0.0274734
0.436653
49
73.1314
0.930242
0.0809614
0.264461
63
0.00542181
0.465082
0.0959168
0.197492
65
36.5311
0.80511
0.0637081
0.00608841
96
0.00141203
0.902916
0.015787
0.263095
5
2.42015
0.762035
0.0471032
0.33663
48
0.00615898
0.409794
0.0608895
0.128
47
89.3773
0.824596
0.0229707
0.184258
20
0.00859443
0.522014
0.0994956
0.347818
4
19.3908
