0.737286
0.0200958
0.166167
67
0.00126615
0.666104
0.0684894
0.402512
31
0.700542
0.0969142
0.468491
80
0.00447294
0.0185101
0.0340224
0.0638679
93
0.763938
0.0639582
0.0286861
84
0.00449706
0.0318173
0.0994684
0.260202
89
0.842737
0.0810514
0.337107
50
0.00758049
0.450774
0.0488759
0.287124
21
0.851712
0.0271615
0.422159
13
0.00295915
0.959562
0.0287158
0.22406
29
0.708119
0.0744686
0.388662
18
0.00324102
0.829908
0.0523412
0.396373
70
0.797237
0.0698398
0.0118203
16
0.00896751
0.97661
0.0113269
0.244535
81
0.740493
0.019426
0.346635
7
0.000636065
0.226935
0.016749
0.00569072
57
0.781237
0.0417058
0.00446236
72
0.00735118
0.870809
0.0829226
0.335759
59
0.902714
0.0483974
0.480899
88
0.0089291
0.452734
0.0748558
0.499787
28
0.961312
0.029589
0.212098
44
0.00420713
0.979588
0.0333651
0.221859
97
0.768876
0.0624748
0.272407
27
0.00715621
0.103206
0.0163593
0.322825
44
0.799882
0.0919479
0.311946
8
0.00726852
0.681307
0.0704884
0.33016
36
0.733904
0.0175392
0.1233
58
0.00490913
0.545726
0.0989791
0.0825883
42
0.82775
0.0371098
0.492043
41
0.000786293
0.343151
0.0425671
0.18988
37
0.820746
0.0325762
0.0175079
8
0.00267523
0.129997
0.0145935
0.363887
2
0.803909
0.097464
0.0537749
18
0.000452406
0.00828898
0.0530712
0.215428
90
0.94492
0.035175
0.0861131
87
0.00404885
0.00217034
0.0364127
0.215914
78
0.923332
0.0118494
0.471094
41
0.00940961
0.637734
0.0821721
0.439529
6
0.785836
0.0788149
0.365857
40
0.00524411
0.73787
0.0682135
0.287405
37
0.713936
0.0463282
0.160583
6
0.00171379
0.460762
0.0879406
0.00421689
54
0.98539
0.0406291
0.118381
19
0.00208661
0.924735
0.0834261
0.155719
54
0.834036
0.0188611
0.327915
33
0.00045696
0.160282
0.0314788
0.310313
40
0.841302
0.0605823
0.176623
5
0.0065059
0.186734
0.0744824
0.128968
71
0.78253
0.036821
0.0317407
14
0.00477004
0.57069
0.0861695
0.321846
85
0.76116
0.0667703
0.289774
10
0.00141683
0.518303
0.0600834
0.0156763
38
0.893841
0.0259751
0.490277
90
0.00286892
0.674143
0.0824358
0.109462
58
0.904087
0.0247134
0.299706
60
0.00471794
0.623202
0.0472832
0.296674
25
0.746966
0.0976551
0.106041
19
0.0073893
0.230371
0.0642153
0.175156
85
0.867911
0.0946287
0.435795
80
0.00530196
0.221191
0.0377343
0.266447
23
0.869886
0.090676
0.304001
98
0.00967004
0.659503
0.081071
0.197872
91
0.783333
0.0227166
0.263706
1
0.00850791
0.857507
0.0349318
0.0854185
20
0.902871
0.0917298
0.406637
61
0.00939576
0.239469
0.0606546
0.326814
17
0.929849
0.0567815
0.328865
83
0.00453335
0.687571
0.0807259
0.442029
81
0.917323
0.0891897
0.113388
33
0.00623279
0.34203
0.071197
0.353682
39
0.765456
0.0234733
0.335187
72
0.00280324
0.206842
0.0777368
0.0692085
43
0.935277
0.0330699
0.224637
7
0.00741263
0.530136
0.0360992
0.344394
53
0.728957
0.06094
0.120271
47
0.00526993
0.325492
0.0715679
0.115034
22
0.800546
0.0316035
0.191617
77
0.000218086
0.411837
0.0114916
0.274485
94
0.731542
0.0618468
0.0745608
3
0.00496437
0.0771282
0.0205226
0.192207
15
0.91523
0.0956572
0.10527
37
0.00430325
0.734574
0.0481713
0.116699
46
0.766395
0.0487918
0.382983
25
0.0069311
0.395456
0.0171611
0.474318
92
0.792016
0.0108723
0.322156
95
0.00232013
0.49131
0.0251257
0.484097
5
0.729427
0.0881336
0.387033
41
0.00178358
0.439634
0.0209948
0.416612
77
0.792619
0.0538029
0.485875
76
0.00217971
0.885006
0.0201329
0.0828508
6
0.904815
0.0506721
0.315943
39
0.00276015
0.789129
0.053822
0.193697
84
0.835739
0.0251234
0.389455
46
0.00399964
0.532988
0.0234163
0.289929
49
0.881613
0.051703
0.0680384
89
0.00227053
0.374038
0.0584791
0.272221
2
0.855214
0.0715332
0.381342
28
0.00621706
0.476715
0.0760555
0.383127
64
0.721462
0.0408798
0.364053
80
0.00350442
0.198793
0.0884731
0.233508
50
0.952072
0.0323097
0.394944
32
0.00677684
0.130889
0.0289829
0.074209
60
0.858148
0.0214687
0.0656072
30
0.000271427
0.875242
0.0649427
0.184138
21
0.75494
0.0665989
0.454111
93
0.00499675
0.13304
0.0728708
0.361968
97
0.798506
0.0372041
0.234385
58
0.0062484
0.245022
0.0459455
0.345738
93
0.978152
0.065517
0.211048
63
0.00411985
0.113418
0.0414917
0.284012
82
0.819742
0.087893
0.461942
13
0.00894176
0.627721
0.0128674
0.195688
83
0.843295
0.086647
0.482842
62
0.00704227
0.0674444
0.0889992
0.0108522
34
0.880213
0.0761148
0.204582
54
0.00626437
0.701041
0.0254433
0.363007
8
0.996862
0.0971773
0.274976
63
0.00400923
0.275809
0.0906978
0.449188
13
0.872263
0.0842312
0.115218
74
0.00463633
0.851936
0.0555639
0.0561927
21
0.758404
0.0713038
0.146065
35
0.00188216
0.854875
0.0471275
0.145776
58
0.876547
0.0883994
0.0930598
62
0.00375624
0.840744
0.0195201
0.168516
92
0.934018
0.0911329
0.0359101
56
0.00327889
0.71785
0.0741067
0.247474
33
0.931621
0.0637504
0.497612
86
0.0014062
0.145581
0.0893347
0.422419
68
0.813067
0.0479981
0.370713
46
0.00730917
0.54863
0.0550311
0.0387546
75
0.730708
0.0106003
0.40838
80
0.00841811
0.975069
0.0148712
0.113843
63
0.973704
0.0707924
0.342478
60
0.00333091
0.279079
0.0686774
0.454641
9
0.75526
0.0640684
0.0601965
45
0.00491329
0.0144097
0.0735694
0.405491
31
0.865511
0.0445769
0.486179
31
0.000422686
0.346541
0.0123677
0.189495
76
0.788632
0.084739
0.0692962
38
0.00561248
0.597728
0.0529044
0.00718804
95
0.764083
0.0288712
0.149633
5
0.00876887
0.426651
0.0770958
0.118162
37
0.787736
0.0139697
0.0224742
57
0.00725234
0.960468
0.0507839
0.262936
26
0.829443
0.0125735
0.377579
54
0.00278635
0.890738
0.0563482
0.223031
88
0.828275
0.0383251
0.41221
99
0.00162101
0.810851
0.0844525
0.107454
79
0.793242
0.0303263
0.440702
4
0.00805995
0.438104
0.0543578
0.18723
89
0.892051
0.071196
0.364296
31
0.00396578
0.784727
0.0589261
0.260496
30
0.995855
0.0690032
0.24178
43
0.000595578
0.614944
0.0197701
0.248589
65
0.895253
0.01959
0.338557
37
0.00249511
0.852249
0.0593681
0.415216
42
0.78413
0.0262081
0.384607
21
0.00518284
0.20308
0.0962528
0.471783
48
0.860864
0.0427284
0.133299
59
0.00819802
0.972687
0.0953083
0.14121
31
0.720112
0.0583817
0.0111417
19
0.00480378
0.94794
0.0106382
0.16906
79
0.992383
0.039217
0.287708
10
0.00220832
0.238025
0.0301857
0.493355
94
0.98119
0.045165
0.148024
9
0.00573183
0.064724
0.0626483
0.26543
41
0.730413
0.0275937
0.171731
96
0.00845164
0.102444
0.0224196
0.458167
76
0.805782
0.0561664
0.456617
85
0.0070044
0.0956527
0.0553833
0.35003
87
0.961515
0.0880088
0.296454
2
0.00852469
0.863247
0.0832336
0.481686
25
0.711389
0.0913145
0.138974
97
0.00748449
0.112637
0.0619721
0.176359
60
0.908765
0.0439894
0.0749773
50
0.00426446
0.910268
0.0454108
0.351181
26
0.702492
0.0660616
0.434307
82
0.00503435
0.587656
0.0137298
0.0354612
54
0.785144
0.0886228
0.0672346
12
0.00191804
0.7775
0.0535316
0.132456
61
0.725217
0.0296529
0.0155219
27
0.00744773
0.772867
0.0784796
0.478555
34
0.873819
0.0395681
0.0288166
22
0.00565171
0.45586
0.0389198
0.433886
11
0.720645
0.077993
0.372726
11
0.00424306
0.631166
0.0108103
0.233417
5
0.976319
0.0950813
0.339837
67
0.0092893
0.510995
0.0545105
0.24373
53
0.812379
0.0796381
0.0916888
5
0.00173022
0.0978399
0.0296053
0.0537043
66
0.987612
0.029891
0.254184
59
0.00980647
0.215755
0.0603074
0.282516
14
0.845597
0.0774853
0.255446
49
0.0078591
0.493606
0.0787089
0.291168
99
0.790802
0.0525987
0.0205123
53
0.00754918
0.61729
0.0734705
0.0253489
67
0.71541
0.0695014
0.00310192
88
0.00507049
0.199265
0.0361624
0.0603774
47
0.962819
0.0984341
0.24456
64
0.000933306
0.688824
0.0778888
0.404159
77
0.83579
0.038771
0.354665
76
0.00108414
0.108228
0.0300123
0.485296
14
0.716968
0.0756557
0.375194
92
0.00159815
0.470846
0.0871882
0.243103
68
0.767487
0.0436054
0.291189
25
0.00774274
0.657447
0.0325265
0.0520566
87
0.918226
0.0522829
0.0770877
5
0.00470606
0.944037
0.061344
0.228823
52
0.864205
0.0897931
0.29397
91
0.00409014
0.300911
0.0726492
0.275643
48
0.81387
0.0181503
0.237127
92
0.0059676
0.928029
0.0616972
0.0974227
77
0.819044
0.0966689
0.0720535
48
0.0069633
0.745589
0.0945285
0.00166163
65
0.861685
0.0612166
0.448958
38
0.00197593
0.0813888
0.0894114
0.436203
94
0.954129
0.0634565
0.0101753
34
0.00679445
0.791213
0.0950999
0.21362
23
0.722428
0.0989111
0.405121
52
0.00251363
0.217268
0.0910425
0.376611
9
0.967982
0.078574
0.498884
78
0.00216013
0.714028
0.0851312
0.494754
30
0.889667
0.0268971
0.214629
36
0.00971354
0.214512
0.0475721
0.0278798
82
0.850552
0.0424953
0.209122
75
0.00301117
0.861082
0.0964437
0.371901
88
0.750066
0.0151931
0.173461
57
0.00200646
0.582116
0.0228775
0.278148
53
0.847257
0.0129105
0.2987
33
0.00826895
0.722582
0.0469077
0.0766309
59
0.705794
0.0716376
0.171237
13
0.00793578
0.281953
0.0553323
0.0501954
17
0.761711
0.0864624
0.0519552
11
0.00648336
0.459963
0.0355589
0.261587
24
0.880615
0.0893618
0.349117
31
0.00594704
0.380584
0.081245
0.0546384
99
0.733253
0.088664
0.118719
17
0.00263836
0.96889
0.0739999
0.480028
83
0.782062
0.0551564
0.311039
64
0.00948212
0.123493
0.0935652
0.128227
12
0.911294
0.0135291
0.0581866
72
0.00603165
0.940007
0.0384147
0.385448
63
0.856332
0.0123366
0.493821
99
0.00787442
0.759917
0.0542175
0.459327
97
0.894726
0.0677312
0.325902
67
0.00546669
0.339159
0.0370217
0.4477
16
0.836663
0.0586981
0.466744
7
0.00820922
0.600378
0.0407384
0.139848
15
0.837257
0.0876988
0.34524
68
0.00723278
0.311142
0.0802214
0.00807433
19
0.947167
0.0490217
0.338062
58
0.00898233
0.612018
0.0399783
0.319739
58
0.708458
0.061663
0.239199
18
0.0080554
0.0551025
0.0719899
0.314946
32
0.919894
0.0669069
0.12209
9
0.00525189
0.592854
0.0608197
0.0682027
53
0.977917
0.0725321
0.11175
89
0.00673073
0.260002
0.0169662
0.156902
28
0.831028
0.0337701
0.42687
32
0.00353945
0.629951
0.0799771
0.406738
57
0.886748
0.0657714
0.258298
24
0.00554693
0.248916
0.0408504
0.317681
32
0.775909
0.0826148
0.451171
20
0.00260593
0.304984
0.0849407
0.0611399
14
0.854452
0.0782075
0.0129473
97
0.00532375
0.880133
0.0135172
0.170711
28
0.893321
0.0800267
0.433852
66
0.000522754
0.732925
0.045192
0.394581
94
0.972861
0.028056
0.214243
78
0.00320005
0.991028
0.0495806
0.264608
96
0.9499
0.0238438
0.488661
90
0.00712503
0.966515
0.0433976
0.330784
19
0.941759
0.0348232
0.0389721
58
0.00122737
0.669948
0.0187795
0.201713
73
0.808231
0.0361793
0.226603
30
0.00762672
0.756153
0.0447923
0.176635
64
0.8232
0.0279255
0.0885443
22
0.00322704
0.0575597
0.0993775
0.0395498
47
0.900648
0.066412
0.0247375
69
0.00410707
0.479268
0.0714902
0.300671
14
0.745284
0.0357424
0.141547
58
0.00789807
0.56613
0.0321101
0.425805
59
0.796702
0.0786734
0.439927
84
0.00494112
0.0423297
0.0856436
0.271167
55
0.801079
0.0621282
0.27416
82
0.00388986
0.965147
0.0259352
0.473366
58
0.969979
0.0477301
0.232887
35
0.00856284
0.441442
0.0987114
0.309328
49
0.766199
0.0766507
0.494926
45
0.00299325
0.792813
0.0404301
0.423979
82
0.875819
0.0600658
0.446025
91
0.00075065
0.709228
0.0394297
0.253874
91
0.728592
0.085937
0.28631
71
0.00666675
0.194743
0.0576592
0.419675
3
0.715812
0.0644443
0.375713
18
0.0068236
0.297611
0.0257186
0.205781
45
0.97879
0.0289366
0.307189
96
0.00567142
0.845025
0.0858067
0.464353
4
0.927856
0.0282177
0.0820648
12
0.00689285
0.470187
0.0971841
0.401962
82
0.905256
0.0310276
0.203277
64
0.00636275
0.166584
0.0397785
0.0186082
39
0.899045
0.0945555
0.0446582
71
0.0025938
0.0912317
0.092155
0.359985
56
0.797576
0.0686354
0.284114
63
0.000887038
0.949651
0.0307314
0.365506
79
0.810375
0.0568879
0.392114
8
0.00912879
0.94562
0.0102848
0.169674
98
0.957409
0.0160913
0.356018
53
0.00734545
0.423125
0.0152643
0.109849
52
0.85739
0.0574321
0.487957
34
0.00194767
0.317236
0.099725
0.0844899
37
0.751625
0.0166242
0.243808
64
0.00167208
0.177578
0.0110548
0.351982
11
0.723001
0.0834669
0.46034
69
0.00557871
0.769488
0.0742689
0.207669
58
0.990171
0.0161603
0.481682
97
0.00312776
0.635206
0.0637459
0.113678
18
0.951032
0.0475428
0.324792
12
0.00519037
0.596314
0.0358413
0.378303
62
0.852034
0.0207889
0.393689
2
0.00641033
0.430963
0.0561987
0.149243
86
0.887835
0.0577874
0.259871
62
0.00282907
0.685863
0.0706785
0.148064
68
0.734815
0.0928926
0.282275
22
0.00345395
0.0375516
0.0847002
0.394113
100
0.922586
0.0364671
0.223433
9
0.00881949
0.328184
0.0882082
0.0568462
86
0.993149
0.0399087
0.200945
98
0.00834371
0.442754
0.0813599
0.12327
13
0.780315
0.0205429
0.15535
30
0.0039026
0.633975
0.0249671
0.178784
19
0.877801
0.0962397
0.135455
63
0.00619134
0.971827
0.0967508
0.0374875
43
0.941505
0.0138049
0.0959661
14
0.00187723
0.147037
0.0239424
0.0293863
8
0.704175
0.0241332
0.438131
33
0.00837649
0.413259
0.0485106
0.218089
64
0.916595
0.0301024
0.128126
25
0.00658785
0.719127
0.0961684
0.470848
61
0.753009
0.0699457
0.0261298
3
0.00686425
0.995385
0.0930247
0.325912
2
0.900321
0.0994333
0.142017
98
0.00646871
0.679044
0.0303403
0.481006
9
0.928513
0.0143539
0.437788
53
0.00849033
0.089863
0.0203918
0.0417194
6
0.868272
0.0239723
0.0404839
81
0.00779492
0.962498
0.0133984
0.302513
34
0.874506
0.0514237
0.196336
39
0.00164721
0.824083
0.0501328
0.305587
45
0.901399
0.0545054
0.133977
67
0.00096595
0.698271
0.0875048
0.195025
69
0.795377
0.0581166
0.0503242
72
0.00152305
0.352086
0.0852452
0.09985
33
0.751157
0.0398005
0.0144584
77
0.00858125
0.363788
0.0700857
0.116344
35
0.998927
0.0804214
0.320961
65
0.00342082
0.115847
0.0958349
0.251347
12
0.932889
0.0236621
0.188583
70
0.0096935
0.559535
0.0725337
0.159269
91
0.897036
0.07511
0.452658
44
0.00577478
0.52602
0.0677652
0.466281
91
0.913463
0.0684667
0.369696
95
0.0087063
0.573687
0.0982023
0.312465
30
0.842186
0.0131619
0.406001
43
0.00874355
0.371773
0.0656086
0.246013
51
0.716512
0.0465799
0.0967864
73
0.00748969
0.485808
0.0841819
0.343597
72
0.931317
0.0230416
0.271584
32
0.00791377
0.526678
0.0404148
0.0135076
7
0.993716
0.0839753
0.275553
9
0.00634805
0.48246
0.0659909
0.450226
4
0.96382
0.0649933
0.247306
76
0.00688958
0.496363
0.0429478
0.307798
77
0.90582
0.0614349
0.353505
65
0.00124303
0.78343
0.0255785
0.0987954
21
0.76296
0.0691933
0.103726
16
0.00357682
0.898447
0.0991166
0.496951
28
0.95686
0.0555327
0.231729
37
0.00350947
0.218932
0.0512237
0.193214
36
0.862879
0.0401141
0.175466
85
0.00808207
0.418458
0.0609857
0.39768
79
0.867345
0.0552831
0.0851196
74
0.00262456
0.384436
0.0402277
0.161328
81
0.772528
0.072861
0.160525
5
0.00378134
0.508317
0.0160548
0.235503
24
0.862128
0.0105103
0.14883
77
0.00822106
0.706841
0.0476386
0.301465
39
0.981857
0.0177368
0.121169
49
0.00422922
0.389942
0.0491726
0.0408139
69
0.852614
0.0735943
0.358653
98
0.00488404
0.153352
0.0638486
0.495961
12
0.84038
0.0327313
0.159022
18
0.00371462
0.985432
0.0209761
0.316043
14
0.735324
0.0751848
0.251199
21
0.00685084
0.168483
0.0465793
0.323928
78
0.982465
0.0743987
0.168763
27
0.00697796
0.448516
0.0817725
0.200945
17
0.817766
0.0611173
0.425929
85
0.00730247
0.0209421
0.0373807
0.095277
44
0.732684
0.0422664
0.186982
46
0.00230379
0.722214
0.0977991
0.299708
43
0.849839
0.0341635
0.249795
60
0.00417682
0.450219
0.0756791
0.167451
37
0.748424
0.0167697
0.371459
84
0.00118296
0.762947
0.0646222
0.0711832
96
0.724036
0.0492862
0.0270235
31
0.00832892
0.61995
0.0826679
0.0493869
89
0.909728
0.0263924
0.00243847
43
0.00388171
0.420949
0.0597174
0.463767
31
0.811127
0.0703861
0.154373
21
0.00304418
0.605845
0.0179188
0.465665
46
0.826897
0.0616042
0.431
22
0.00701683
0.93803
0.0351707
0.400694
61
0.866738
0.0584704
0.124991
35
0.00146785
0.738431
0.0103625
0.375808
41
0.960505
0.0682071
0.235127
35
0.0044494
0.195751
0.098483
0.225502
26
0.744133
0.0291997
0.268628
60
0.00889024
0.666521
0.0678397
0.467435
9
0.816127
0.0850028
0.101363
50
0.0053804
0.923927
0.0746364
0.172943
90
0.868996
0.0979815
0.483477
28
0.0013337
0.770734
0.0692669
0.486077
46
0.92489
0.0137731
0.441711
56
0.00770376
0.224896
0.0668117
0.297484
95
0.70179
0.0548409
0.184571
13
0.00999067
0.930919
0.0956037
0.0978859
46
0.955698
0.0499317
0.0317877
50
0.00985155
0.879105
0.0206294
0.203216
38
0.864671
0.0184191
0.0950582
33
0.00586078
0.149242
0.0718903
0.430555
84
0.774586
0.031797
0.00177431
80
0.00668389
0.46296
0.0192693
0.278656
76
0.924488
0.0696217
0.178639
39
0.000804547
0.992113
0.0926632
0.456166
27
0.750425
0.0728195
0.00593103
79
0.00809929
0.335679
0.0885031
0.0196417
97
0.778405
0.0642085
0.109998
23
0.00182956
0.241064
0.0463759
0.0662909
70
0.887711
0.0803406
0.36068
61
0.00570176
0.805003
0.0156615
0.460967
35
0.745516
0.096176
0.0514693
65
0.00428195
0.296208
0.0537304
0.347774
5
0.889408
0.0457591
0.366403
55
0.00439282
0.941056
0.026268
0.0636721
26
0.926231
0.0124413
0.109593
62
0.00795613
0.916991
0.0819193
0.125535
95
0.873027
0.0193254
0.0640733
16
0.00486804
0.585539
0.0568918
0.446699
24
0.875075
0.0443868
0.0730502
64
0.0040394
0.0718857
0.0454802
0.0143071
81
0.95957
0.0820245
0.0549263
61
0.00880277
0.355274
0.0352756
0.0363683
4
0.773347
0.0169498
0.223758
55
0.00919861
0.575
0.0589907
0.281549
25
0.925471
0.0336659
0.427401
30
0.00955291
0.408878
0.0838521
0.00921746
61
0.945296
0.059329
0.301495
25
0.00609193
0.254017
0.0505947
0.498333
32
0.821979
0.0926497
0.414224
95
0.00109718
0.25873
0.0347563
0.429147
96
0.908054
0.0375849
0.470103
20
0.00317166
0.0538671
0.0412814
0.0806059
63
0.972213
0.0459866
0.00785569
98
0.00106186
0.274599
0.0443282
0.358495
27
0.853821
0.0576379
0.0993069
12
0.00347714
0.954129
0.0846611
0.291468
92
0.748675
0.0598489
0.46261
69
0.00781048
0.867883
0.0665766
0.0273455
54
0.892925
0.0115529
0.320092
99
0.00977221
0.323794
0.0733544
0.327443
95
0.850736
0.0792677
0.195361
70
0.00824034
0.60102
0.0604223
0.263427
96
0.832229
0.0733106
0.400612
62
0.00355555
0.813114
0.0887217
0.497968
5
0.932484
0.037378
0.445088
79
0.00586465
0.0211245
0.0730295
0.171619
1
0.974359
0.0215953
0.170023
93
0.00847253
0.78663
0.059673
0.228183
55
0.843682
0.0220525
0.0530288
78
0.00937702
0.0521446
0.0272455
0.468897
75
0.76945
0.0556343
0.046258
2
0.00691261
0.17666
0.0976468
0.26788
84
0.739394
0.0486515
0.478983
29
0.000838604
0.403205
0.0792783
0.272574
57
0.807106
0.0890105
0.403012
30
0.00112834
0.912274
0.0774468
0.288409
71
0.930645
0.0170971
0.181757
97
0.000919717
0.120028
0.0140906
0.366346
13
0.703342
0.0306819
0.267809
40
0.00326342
0.435483
0.0310236
0.392315
88
0.966252
0.0172188
0.00568986
50
0.0087283
0.92028
0.0427528
0.483752
10
0.938512
0.0366606
0.495665
48
0.00902654
0.430077
0.062424
0.145062
65
0.908567
0.0469086
0.362939
24
0.00762258
0.394254
0.0794282
0.355369
100
0.923907
0.0208573
0.193199
81
0.00705513
0.753954
0.0276446
0.230832
55
0.775036
0.0344612
0.410729
6
0.00986691
0.828047
0.0764456
0.477037
88
0.959233
0.0980423
0.135932
77
0.00102418
0.474855
0.0789502
0.234976
65
0.921837
0.0482385
0.227996
15
0.00457773
0.407828
0.091851
0.294463
85
0.998345
0.021309
0.0414965
49
0.00209997
0.180126
0.0577234
0.164428
20
0.746505
0.0592978
0.0191131
92
0.00511041
0.74129
0.0634131
0.32514
45
0.72661
0.0420786
0.24341
99
0.00314166
0.224726
0.0460303
0.11075
98
0.784743
0.0953411
0.431337
86
0.00909836
0.730458
0.0868545
0.208542
39
0.742239
0.0875602
0.0904488
15
0.00590077
0.489149
0.0630975
0.0317469
60
0.740892
0.0540037
0.056405
20
0.00136569
0.121684
0.0265759
0.0466517
16
0.96893
0.0340894
0.368655
2
0.00497158
0.0355802
0.0422841
0.0112135
13
0.727961
0.0405649
0.0659303
88
0.0025595
0.997035
0.0912815
0.25774
65
0.936062
0.0990198
0.152386
55
0.00558815
0.37026
0.0216496
0.238638
2
0.853101
0.0479669
0.343991
86
0.00812274
0.366342
0.0998909
0.0555642
60
0.937181
0.0604046
0.143467
52
0.00862066
0.704791
0.0380577
0.438732
27
0.705202
0.0471514
0.446255
28
0.00752549
0.285023
0.0631475
0.112298
80
0.883858
0.0128236
0.313232
28
0.00215558
0.509056
0.0703375
0.0159582
66
0.984554
0.0663137
0.351787
14
0.0017442
0.378474
0.0346453
0.0215373
32
0.758971
0.0856985
0.419223
51
0.00163017
0.614188
0.0708701
0.065554
41
0.882762
0.0528794
0.459058
71
0.00659477
0.579502
0.0328866
0.0453028
88
0.773577
0.0560269
0.305288
68
0.0029807
0.266278
0.0941284
0.0483462
52
0.937825
0.0840009
0.230589
52
0.00928148
0.128088
0.0226002
0.268457
36
0.858515
0.0388374
0.418937
8
0.00610398
0.381274
0.0126768
0.33751
9
0.991437
0.0828663
0.373933
14
0.000140398
0.288067
0.0920144
0.213015
83
0.830783
0.0809053
0.396326
21
0.00964024
0.980614
0.0571789
0.391944
17
0.75962
0.0747831
0.063229
90
0.00830219
0.520654
0.0179215
0.380985
33
0.753874
0.0899559
0.0450011
35
0.00384916
0.675743
0.0865017
0.408497
72
0.929278
0.0508971
0.166633
96
0.00435284
0.0467433
0.0415082
0.298715
42
0.700952
0.0117091
0.491932
20
0.00720784
0.212638
0.0468994
0.367465
48
0.879349
0.0909285
0.19685
79
0.00330164
0.399508
0.0937917
0.34313
7
0.983082
0.014863
0.0477314
27
0.00775144
0.143853
0.069551
0.395664
80
0.82637
0.0861953
0.125706
74
0.00113069
0.711098
0.0773124
0.0756134
97
0.768621
0.0449025
0.404128
16
0.00202557
0.298745
0.0380982
0.255042
75
0.948743
0.0914455
0.102751
20
0.00549741
0.797515
0.0909821
0.122353
93
0.757598
0.0303524
0.324165
57
0.00798989
0.816755
0.0486471
0.00344016
84
0.965807
0.0501719
0.0868297
11
0.00917663
0.433788
0.0462181
0.132768
72
0.98689
0.0412665
0.0808326
37
0.00828437
0.558211
0.0559225
0.307062
32
0.89742
0.0806968
0.308252
15
0.00291451
0.320187
0.068801
0.137094
30
0.997771
0.0916885
0.049312
25
0.00841563
0.868322
0.0151765
0.0119255
51
0.994478
0.0837779
0.144311
85
0.00028404
0.87254
0.0654326
0.0701083
68
0.752037
0.0523989
0.156496
80
0.000863812
0.897108
0.0220991
0.384622
75
0.97044
0.0500778
0.184042
78
0.0013694
0.998075
0.0273496
0.150196
90
0.824583
0.0270611
0.28257
75
0.00654217
0.577435
0.0959216
0.0731544
8
0.979697
0.0572645
0.218944
82
0.00116739
0.903687
0.0583155
0.369255
11
0.806732
0.0569878
0.130868
66
0.00983049
0.583602
0.0788204
0.421796
96
0.907276
0.0511151
0.251828
63
0.00945819
0.505332
0.0432845
0.180239
87
0.744258
0.0312489
0.263165
70
0.0039273
0.0235225
0.0165695
0.399848
50
0.736017
0.0390587
0.385412
15
0.00481817
0.648665
0.0902666
0.304854
67
0.895676
0.0902243
0.359709
42
0.00441978
0.445448
0.0116289
0.39036
91
0.719568
0.0764972
0.292079
26
0.00509704
0.307171
0.0581183
0.186407
68
0.919435
0.0647262
0.267268
23
0.000314304
0.691437
0.0450219
0.102199
19
0.953281
0.0734587
0.392901
21
0.00501395
0.839817
0.0702433
0.133799
41
0.723872
0.0403237
0.182709
23
0.00100646
0.515237
0.0873469
0.333262
17
0.939581
0.0563119
0.278481
40
0.00254942
0.761574
0.0648552
0.0592157
67
0.947617
0.0437944
0.302919
65
0.00868041
0.568957
0.0497023
0.41864
18
0.779414
0.082198
0.317529
90
0.00288101
0.838025
0.0599859
0.437351
86
0.713197
0.065872
0.0782332
76
0.00467088
0.0802671
0.0175339
0.0720964
23
0.890457
0.0859756
0.469771
24
0.000668633
0.152526
0.0877203
0.340476
60
0.986055
0.062829
0.442943
87
0.00266645
0.567188
0.0769365
0.0223765
40
0.793498
0.02044
0.333894
68
0.0012812
0.357584
0.0801724
0.42645
37
0.878791
0.0783242
0.241375
41
0.00223574
0.0275763
0.0441897
0.398884
76
0.839001
0.0602969
0.157635
92
0.00964497
0.10508
0.0417038
0.29308
40
0.971502
0.0985897
0.262153
37
0.00616531
0.609574
0.0269764
0.451804
86
0.988951
0.0815873
0.0623166
4
0.00708964
0.692363
0.0199714
0.135329
52
0.882199
0.0356574
0.215958
47
0.00207126
0.270089
0.0120526
0.337165
84
0.915619
0.0352161
0.164679
40
0.00544557
0.0259011
0.0696211
0.251486
50
0.706255
0.0267262
0.153111
17
0.00644714
0.303909
0.0305794
0.14344
18
0.920206
0.0811925
0.455778
38
0.00904384
0.070015
0.0762275
0.358083
86
0.770014
0.0377338
0.212898
38
0.00440658
0.388084
0.0570278
0.37521
93
0.85593
0.0460479
0.407488
60
0.00204152
0.284106
0.0612185
0.0207687
66
0.844338
0.0320751
0.178424
57
0.00814197
0.13739
0.0795901
0.144185
43
0.886127
0.0441381
0.257042
94
0.000324468
0.498221
0.0264713
0.457953
48
0.936291
0.0818209
0.206218
10
0.00274314
0.157268
0.0900639
0.420864
93
0.992539
0.0590368
0.115838
66
0.00150485
0.778429
0.0762594
0.0580529
10
0.825282
0.0199999
0.30553
79
0.00373489
0.367592
0.05469
0.062113
21
0.736992
0.0812969
0.0303801
94
0.00506935
0.932704
0.0721645
0.077038
13
0.837626
0.0999594
0.477928
11
0.000615464
0.809114
0.0225706
0.151183
29
0.903888
0.0449743
0.0423251
89
0.00246382
0.232195
0.0681398
0.236752
20
0.738566
0.0748101
0.0945554
32
0.00290771
0.982805
0.0230845
0.152864
59
0.738243
0.0453629
0.298291
46
0.00676534
0.405995
0.040969
0.340144
50
0.833639
0.0157401
0.164288
48
0.000415628
0.118788
0.0331472
0.191326
42
0.777472
0.0197537
0.0806717
58
0.00335098
0.277701
0.0214851
0.445776
66
0.994986
0.0245535
0.0841399
68
0.00642111
0.334186
0.052712
0.00253725
3
0.795902
0.0180006
0.137382
40
0.00456803
0.164807
0.0566736
0.125813
70
0.781508
0.0536197
0.0074551
61
0.000258265
0.859553
0.0898967
0.13807
24
0.767927
0.0951794
0.200077
4
0.00185741
0.694427
0.0189646
0.354588
41
0.946177
0.0740898
0.194222
74
0.00383938
0.832547
0.0371993
0.157711
3
0.718323
0.0970672
0.163301
12
0.00128924
0.988756
0.0147617
0.034287
38
0.860116
0.0232534
0.401396
57
0.000193498
0.84725
0.078286
0.386367
18
0.815286
0.0737378
0.421732
95
0.00994045
0.683481
0.0172979
0.217454
57
0.899233
0.0770103
0.229268
3
0.00460283
0.416458
0.0343086
0.138878
34
0.975218
0.0944062
0.0763169
44
0.000570419
0.643426
0.032315
0.204622
67
0.760379
0.070579
0.0469871
6
0.00550594
0.501431
0.0895855
0.279484
51
0.775972
0.0504542
0.277872
84
0.0063905
0.457617
0.0248532
0.339204
72
0.967611
0.0790327
0.277326
66
0.00242068
0.750104
0.0878238
0.411262
63
0.80275
0.0851517
0.0985935
73
0.000130238
0.350498
0.0342744
0.0443451
49
0.944294
0.054728
0.130545
83
0.00583924
0.519604
0.0661732
0.0243716
56
0.706727
0.0631538
0.0230735
7
0.0066389
0.887732
0.0934762
0.273803
3
0.741444
0.0541111
0.484415
36
0.00544881
0.820487
0.0675559
0.452836
28
0.757349
0.0855741
0.37944
45
0.000372865
0.727978
0.031759
0.106012
44
0.898107
0.0921954
0.352513
42
0.00437569
0.044309
0.015909
0.185471
98
0.91203
0.0517642
0.489166
11
0.00777057
0.512537
0.0419844
0.182872
90
0.964413
0.0379121
0.474764
17
0.00234924
0.202121
0.0489683
0.368718
23
0.943595
0.0274464
0.174129
51
0.00380709
0.359137
0.0518017
0.482741
43
0.996119
0.0533644
0.479754
26
0.00366193
0.848277
0.0969925
0.428296
56
0.82133
0.0308697
0.322834
34
0.000493713
0.337922
0.0737879
0.346304
35
0.98057
0.0260822
0.361673
73
0.00315651
0.906492
0.0689825
0.141921
44
0.927328
0.0433843
0.0354501
25
0.000974782
0.655104
0.0636323
0.374156
73
0.847979
0.0719651
0.043517
1
0.00337994
0.310127
0.0446497
0.211866
64
0.946731
0.0938622
0.102396
6
0.00768585
0.895976
0.0509899
0.0232587
81
0.957864
0.0220995
0.294402
38
0.00662621
0.0486868
0.0281848
0.120711
47
0.811293
0.0772683
0.424246
94
0.00652165
0.36131
0.0923854
0.0512455
73
0.885318
0.0995248
0.424067
97
0.00913236
0.264047
0.0834914
0.255559
39
0.779544
0.0777848
0.331505
17
0.00972943
0.315392
0.03908
0.463002
82
0.725974
0.0933085
0.357484
3
0.000814612
0.671282
0.0948881
0.0866068
73
0.776629
0.0468147
0.209656
6
0.00469205
0.834543
0.0673889
0.0299403
76
0.91838
0.0148263
0.380979
31
0.00143061
0.795781
0.0540622
0.211324
79
0.771629
0.0113261
0.162293
29
0.00120528
0.246978
0.0494186
0.329025
66
0.951363
0.094025
0.0707815
74
0.00988417
0.0122967
0.0366803
0.370316
97
0.789831
0.0623645
0.0895861
81
0.00674211
0.0505154
0.0615481
0.38827
25
0.75355
0.0654351
0.249224
81
0.0089012
0.0832667
0.0904846
0.269609
57
0.983935
0.0709212
0.317218
46
0.00924864
0.539172
0.0517252
0.40727
85
0.948778
0.0217093
0.332646
61
0.00170351
0.139238
0.0943934
0.490425
51
0.804675
0.076056
0.188489
55
0.00272602
0.234719
0.0122409
0.0922011
67
0.772136
0.067083
0.450056
40
0.00631912
0.0997329
0.0981267
0.409816
41
0.830134
0.087335
0.140344
42
0.00177139
0.00679562
0.0392641
0.127224
69
0.803298
0.0225224
0.0371768
41
0.00153516
0.661076
0.0822969
0.256875
89
0.952428
0.0142083
0.191465
69
0.00358875
0.801944
0.0931635
0.364599
11
0.845281
0.0354071
0.459388
22
0.00883483
0.562356
0.0118277
0.280402
86
0.848345
0.0832503
0.186501
42
0.00607788
0.651544
0.0640514
0.455409
61
0.710232
0.0284233
0.245578
93
0.00932114
0.831032
0.0947429
0.461591
27
0.742802
0.0646851
0.357122
15
0.00516563
0.261304
0.0287587
0.230247
35
0.795062
0.0817873
0.235991
27
0.00154616
0.18873
0.0237245
0.253061
30
0.989471
0.045543
0.281261
44
0.00996549
0.25179
0.0645347
0.165649
27
0.975824
0.0530615
0.22191
84
0.000118468
0.746833
0.0131889
0.0428556
80
0.988367
0.0596605
0.207682
94
0.0086136
0.952564
0.0574736
0.434785
17
0.72166
0.0626759
0.383252
32
0.000231512
0.802541
0.035563
0.334801
81
0.962508
0.0111494
0.157474
52
0.0095841
0.547029
0.0377118
0.492678
55
0.701939
0.0415315
0.176183
70
0.00461626
0.0397595
0.0278892
0.277351
8
0.956287
0.0277411
0.221055
26
0.00738111
0.15548
0.0664798
0.18775
98
0.822397
0.0843902
0.296267
69
0.00433489
0.901627
0.023626
0.412806
78
0.832835
0.0473805
0.345886
91
0.00343601
0.0162325
0.0904369
0.472815
100
0.86077
0.0959731
0.476882
54
0.00979706
0.522521
0.0628497
0.146832
64
0.906672
0.0315227
0.335617
75
0.00605257
0.17262
0.010125
0.103169
73
0.846508
0.0829739
0.0340426
3
0.00305052
0.819077
0.0928723
0.443642
49
0.891666
0.034486
0.499005
39
0.00340366
0.728763
0.0511549
0.220384
70
0.871066
0.0678377
0.113903
48
0.00601567
0.752095
0.0940093
0.0673937
45
0.788168
0.0824487
0.128651
36
0.00552798
0.591199
0.0548965
0.249709
7
0.770681
0.0739654
0.398894
19
0.00908307
0.814816
0.0185515
0.293672
54
0.921221
0.041132
0.450782
48
0.00447909
0.622031
0.0137956
0.377232
1
0.877049
0.0692714
0.398128
59
0.00922668
0.354234
0.0580548
0.165083
70
0.718706
0.0254352
0.309312
26
0.00236399
0.715059
0.0868655
0.182332
71
0.743191
0.0544347
0.418069
76
0.00536026
0.254847
0.0339099
0.487178
62
0.711034
0.0754299
0.341289
72
0.00854471
0.0868056
0.0520314
0.442625
71
0.980135
0.0364521
0.28506
93
0.00630616
0.170136
0.0913687
0.101213
36
0.940285
0.0798175
0.368136
83
0.00407639
0.174226
0.0767645
0.13135
99
0.871693
0.0190402
0.329474
81
0.00533387
0.758211
0.0384442
0.119057
6
0.859256
0.0158315
0.270045
29
0.00802359
0.329812
0.0954048
0.0260664
71
0.786293
0.0775955
0.203877
83
0.00797755
0.843864
0.0334957
0.453499
25
0.804268
0.076404
0.110671
91
0.000340306
0.293488
0.0925599
0.174501
10
0.755878
0.049615
0.218104
96
0.00240922
0.889604
0.0828293
0.449088
34
0.818725
0.0146459
0.206537
4
0.000903844
0.647399
0.0162997
0.259244
46
0.977219
0.0731058
0.190452
10
0.00541104
0.322646
0.0292018
0.105634
47
0.734145
0.0982225
0.327101
16
0.000695728
0.162305
0.0521245
0.162983
24
0.831974
0.0359595
0.447693
45
0.00181989
0.266757
0.0859908
0.0939202
8
0.888596
0.0443055
0.265863
68
0.00251967
0.425339
0.0175937
0.440998
94
0.963646
0.0534063
0.220315
29
0.00866881
0.914873
0.0443922
0.35255
62
0.912535
0.0507769
0.150682
47
0.00379694
0.5898
0.080819
0.152264
4
0.985018
0.0177554
0.091032
87
0.00521346
0.385696
0.083693
0.107905
53
0.791014
0.0249795
0.198455
43
0.00783775
0.290261
0.0366029
0.296259
22
0.875808
0.0757316
0.348161
14
0.00950235
0.624646
0.0395224
0.0902927
90
0.891241
0.0333723
0.387496
83
0.00484558
0.742853
0.0275408
0.0815956
22
0.812813
0.0906187
0.226301
30
0.0088647
0.807273
0.0368627
0.00609682
75
0.940426
0.0958436
0.314255
33
0.00935944
0.865891
0.0622908
0.360932
69
0.712879
0.094928
0.168474
71
0.00564166
0.603005
0.0775257
0.0791582
19
0.760546
0.0924672
0.18149
53
0.00228322
0.0616487
0.0212509
0.210261
83
0.72507
0.0895458
0.314711
93
0.00104007
0.464566
0.0196794
0.124581
77
0.749568
0.0286776
0.41352
96
0.00571855
0.270738
0.0260211
0.414311
15
0.840601
0.0935962
0.238189
74
0.00944391
0.677834
0.0428434
0.310879
51
0.856871
0.0527143
0.411164
12
0.00368458
0.390832
0.031938
0.198602
74
0.817931
0.0929874
0.378625
51
0.00708914
0.64228
0.0987458
0.383265
15
0.709163
0.0229179
0.349646
24
0.0014518
0.330845
0.0219044
0.321225
29
0.88446
0.099206
0.00909903
47
0.00582116
0.699727
0.026899
0.155163
98
0.863446
0.0629269
0.0829052
75
0.00657134
0.0883079
0.0671847
0.477915
74
0.939117
0.0871343
0.395974
59
0.00419108
0.608284
0.0587095
0.316716
28
0.801887
0.0895707
0.300964
34
0.00759226
0.189586
0.032457
0.489163
12
0.829034
0.0248614
0.0571399
22
0.000755926
0.292616
0.0312179
0.488168
5
0.901559
0.0652056
0.179884
38
0.0036174
0.0607825
0.0973852
0.196737
46
0.869746
0.0846336
0.239779
53
0.00591474
0.206254
0.0439124
0.432925
74
0.921971
0.0833311
0.415627
56
0.00995316
0.00953767
0.0757009
0.0936101
74
0.824127
0.0187923
0.0381116
67
0.00721598
0.499142
0.0698422
0.410465
74
0.739971
0.0870193
0.309041
54
0.00307819
0.555722
0.024447
0.444245
20
0.91446
0.099785
0.217236
100
0.00363679
0.537994
0.0532706
0.15377
3
0.84678
0.057891
0.443767
99
0.00900125
0.929671
0.0592399
0.469895
62
0.990868
0.033486
0.117347
73
0.00193631
0.883735
0.0781394
0.424713
22
0.965198
0.0324941
0.341063
28
0.000680812
0.191855
0.0478872
0.178346
76
0.712515
0.0933857
0.0214144
56
0.00575999
0.724847
0.0752176
0.349084
80
0.704529
0.0382011
0.432831
76
0.00916767
0.956975
0.0620605
0.0335739
56
0.834743
0.0256792
0.0704627
47
0.00905668
0.768063
0.0565924
0.0418777
56
0.816916
0.021084
0.107358
100
0.00454439
0.704187
0.01297
0.356275
44
0.70732
0.0256193
0.289216
66
0.00414378
0.420193
0.0658801
0.0910401
10
0.93454
0.0768678
0.199274
86
0.00245407
0.209256
0.0217906
0.475954
70
0.822742
0.0491369
0.420344
4
0.00594041
0.00356554
0.0916133
0.417467
4
0.927146
0.0152773
0.253254
3
0.00578548
0.483078
0.0184462
0.0321443
92
0.933364
0.0978328
0.436698
52
0.00054641
0.503098
0.0651552
0.0474248
78
0.815427
0.0673132
0.0608099
71
0.00801842
0.0347617
0.079665
0.224998
47
0.71742
0.0430533
0.26125
67
0.00991305
0.541741
0.0231739
0.180906
22
0.799279
0.010007
0.410062
73
0.00539583
0.553822
0.0803929
0.28611
31
0.896714
0.0600237
0.126886
89
0.00750858
0.531671
0.0111693
0.331332
12
0.794376
0.0185711
0.472385
83
0.00959134
0.552357
0.0337386
0.16195
7
0.974998
0.0428305
0.457858
82
0.0047519
0.638982
0.0501519
0.382208
87
0.808657
0.0680885
0.13237
45
0.0028431
0.535001
0.0328205
0.404886
15
0.942938
0.0431333
0.428889
19
0.000159591
0.765802
0.0558842
0.0782175
48
0.814231
0.0964417
0.271166
51
0.00713519
0.664061
0.0692097
0.491059
29
0.954672
0.022359
0.330297
55
0.00238772
0.64616
0.0436628
0.0963757
19
0.799215
0.0852565
0.0161082
86
0.00816308
0.397839
0.0668837
0.204292
11
0.709756
0.0674538
0.0178316
95
0.00613782
0.375773
0.0968942
0.372701
38
0.966967
0.0924176
0.107676
78
0.000726702
0.775224
0.0293432
0.333935
6
0.916333
0.0386127
0.35096
88
0.00395277
0.93408
0.0480992
0.237506
33
0.958543
0.056604
0.496569
70
0.00224468
0.074745
0.0285267
0.086878
99
0.950133
0.0798714
0.464684
92
0.00132727
0.987267
0.0713371
0.227194
63
0.714867
0.068801
0.259001
23
0.00059039
0.473397
0.0657386
0.431805
52
0.870931
0.0349562
0.453812
54
0.00764413
0.12581
0.0514755
0.130291
92
0.866148
0.0722564
0.255138
17
0.00837023
0.654183
0.0421911
0.247126
40
0.747564
0.0311813
0.230389
51
0.00367713
0.908778
0.084111
0.242435
65
0.910652
0.0120797
0.0251426
90
0.00950779
0.108934
0.0864256
0.104592
29
0.764615
0.051256
0.20198
9
0.00615411
0.798414
0.0181106
0.389601
95
0.727097
0.024356
0.0593311
35
0.00514784
0.487219
0.0240775
0.239763
23
0.825985
0.049531
0.475379
94
0.00212811
0.184376
0.0387455
0.313997
83
0.942475
0.0419543
0.280144
7
0.00975646
0.82578
0.072362
0.341737
5
0.88303
0.0520501
0.318308
88
0.00924269
0.348332
0.0190088
0.0888586
89
0.913531
0.0701268
0.390974
85
0.00039095
0.0294021
0.0155122
0.319059
16
0.969277
0.0110729
0.464057
87
0.0059936
0.782064
0.0142809
0.413376
79
0.955156
0.0868278
0.467277
43
0.00766751
0.181802
0.0436455
0.200195
1
0.809404
0.0903721
0.465807
96
0.00294294
0.314205
0.0242239
0.135686
55
0.971143
0.0724278
0.248336
23
0.00718117
0.468155
0.0246263
0.0169201
8
0.762221
0.0330206
0.13818
87
0.0015772
0.0653461
0.0144113
0.284973
44
0.910069
0.055855
0.287164
89
0.00331359
0.877433
0.0816065
0.303829
16
0.885557
0.0414222
0.473949
56
0.00628002
0.141151
0.0499069
0.241238
72
0.756705
0.0154011
0.0793187
78
0.00477536
0.13581
0.0890945
0.435635
20
0.988026
0.0464464
0.033017
2
0.00953981
0.543929
0.0297794
0.160195
32
0.778184
0.0718175
0.265107
49
0.00743211
0.401947
0.0457197
0.232222
49
0.732248
0.094099
0.399765
43
0.00864423
0.91963
0.075478
0.427893
10
0.839356
0.0163438
0.376569
49
0.00270437
0.89259
0.0978706
0.379418
58
0.879597
0.0793726
0.145295
27
0.00879218
0.235765
0.0280514
0.312329
35
0.789647
0.0589061
0.292542
8
0.00962336
0.0754327
0.0504991
0.207062
87
0.838599
0.0133221
0.147528
91
0.00310289
0.243003
0.0525791
0.119811
59
0.809545
0.0634779
0.416743
10
0.00671063
0.951108
0.0298871
0.221404
50
0.84947
0.0393875
0.100387
46
0.00933638
0.904149
0.03133
0.08846
36
0.805892
0.0101942
0.429598
62
0.00199791
0.0931513
0.0854379
0.219095
16
0.78679
0.0293949
0.124571
36
0.000503081
0.563138
0.0749934
0.387632
40
