0.982018
0.0119029
0.044907
16
0.000542345
0.033085
0.449195
55
3.03368
0.36242
0.00339889
0.967045
0.0726995
0.372058
98
0.00092817
0.0281835
0.352583
82
2.92243
0.134561
0.0060474
0.989571
0.0747039
0.270622
42
0.00450125
0.0283692
0.0223325
95
3.54477
0.789179
0.00481289
0.919367
0.0472862
0.00177732
98
0.00692029
0.0259421
0.412714
80
2.83715
0.15289
0.00440742
0.939567
0.0217313
0.319883
89
0.00145255
0.0438424
0.1874
90
3.68976
0.30988
0.00215906
0.970189
0.096275
0.0502201
76
0.00246147
0.0360495
0.0967634
88
3.66502
0.447915
0.00594062
0.986174
0.0274545
0.220458
93
0.00970087
0.0431368
0.120133
59
3.10927
0.533841
0.00730325
0.954802
0.0278634
0.245042
75
0.00497566
0.0134809
0.313909
15
1.64646
0.781716
0.00433105
0.973485
0.0731345
0.280354
19
0.00134327
0.0217173
0.169115
52
1.43206
0.386137
0.00279527
0.992374
0.0599939
0.170623
96
0.00432007
0.0493275
0.217132
82
1.14199
0.283858
0.00160314
0.924747
0.0327324
0.12066
56
0.00759685
0.0328938
0.280174
19
1.85989
0.691756
0.0014614
0.992
0.0557401
0.163257
70
0.00502252
0.014306
0.336744
58
3.9689
0.205832
0.00547349
0.955639
0.0948484
0.431566
43
0.00970943
0.0161685
0.0190241
51
2.94573
0.604296
0.000222808
0.992633
0.079975
0.154208
99
0.00911661
0.0208977
0.386872
56
1.13505
0.751691
0.003415
0.950413
0.0699982
0.498439
64
0.00438962
0.0249218
0.427
85
1.82487
0.123184
0.0034851
0.956
0.0297461
0.0696613
4
0.00867649
0.043805
0.0693268
61
1.51002
0.138551
0.00865111
0.993163
0.00274119
0.497805
28
0.00266343
0.0180292
0.148295
56
2.81068
0.711704
0.00723409
0.979899
0.0465481
0.453733
74
0.00746503
0.0225425
0.446
36
2.75873
0.210121
0.00384296
0.981301
0.0352938
0.379712
56
0.00714031
0.0117478
0.428307
72
0.520892
0.617305
0.00963997
0.960291
0.0793344
0.000600606
18
0.0070726
0.0168505
0.149943
90
0.923012
0.372936
0.00932586
0.966396
0.0689406
0.489077
52
0.00188313
0.0250674
0.397176
8
3.88643
0.715627
0.00204672
0.998443
0.0911315
0.407871
61
0.00801476
0.0486152
0.278999
38
3.53231
0.243656
0.00464584
0.992989
0.0311729
0.463485
75
0.00473696
0.039694
0.332309
84
3.62369
0.315685
0.00504961
0.935124
0.00625108
0.246316
43
0.00160475
0.0256255
0.170126
65
3.18524
0.330907
0.00787791
0.987275
0.0627867
0.421644
10
0.000864071
0.0273693
0.259413
63
0.620954
0.420204
0.00836209
0.903882
0.0829585
0.155886
14
0.00923865
0.0273479
0.208383
61
0.848862
0.730032
0.00863182
0.965008
0.0656589
0.490058
25
0.00789666
0.0372068
0.19521
48
2.63581
0.452363
0.00918845
0.976599
0.039752
0.470311
82
0.00715031
0.0251459
0.317001
86
0.686989
0.673591
0.00819522
0.97784
0.0416182
0.0643858
85
0.00890392
0.0383175
0.0880324
74
2.50868
0.493001
0.00517927
0.903508
0.0757162
0.226761
89
0.000253294
0.0254688
0.383832
25
3.45754
0.0170463
0.000144239
0.930321
0.0535579
0.449308
2
0.00703628
0.0323455
0.283774
27
0.447414
0.0391585
0.00623803
0.962208
0.0532334
0.109593
4
0.00933651
0.0113974
0.0436819
33
1.61204
0.0845048
0.0083903
0.949965
0.0502075
0.108983
87
0.00575006
0.042571
0.245174
10
2.44694
0.0694527
0.00364088
0.921936
0.0302087
0.233745
23
0.00190477
0.0495737
0.304339
22
3.68076
0.32308
0.00140292
0.98011
0.0973539
0.458175
97
0.00644232
0.0373713
0.43077
15
0.525255
0.226469
0.00315265
0.986647
0.0700435
0.0219789
7
0.00697826
0.0369036
0.419608
93
2.16517
0.355861
0.00560998
0.98746
0.0272442
0.278614
92
0.00407908
0.0365598
0.391506
12
3.37261
0.73902
0.00690494
0.968184
0.0291444
0.197056
91
0.00618548
0.0310462
0.0744866
69
3.3252
0.721998
0.00993969
0.945237
0.00262809
0.1687
53
0.00228075
0.039835
0.244733
13
3.5731
0.341973
0.009554
0.963701
0.0944757
0.0730915
17
0.00512165
0.046999
0.0824414
58
0.97119
0.351678
0.00939475
0.906304
0.0839157
0.349589
87
0.000893835
0.0306034
0.27352
51
0.656866
0.240257
0.00207377
0.966856
0.0320129
0.274258
12
0.00917035
0.023844
0.499925
29
1.56882
0.035166
0.00156751
0.957175
0.00637098
0.219949
80
0.00956201
0.0135638
0.390455
19
0.958871
0.530819
0.00516081
0.906593
0.00391505
0.287001
34
0.00972905
0.0356684
0.281415
96
3.24381
0.00520135
0.00325776
0.961155
0.0136471
0.408492
12
0.00834711
0.0333377
0.393361
78
2.46411
0.201647
0.00455908
0.911694
0.0253842
0.0425414
46
0.00429819
0.026721
0.322101
96
2.4954
0.627004
0.00816222
0.97212
0.0138208
0.339133
70
0.00851162
0.0298895
0.333863
60
0.251462
0.170505
0.000415873
0.902448
0.0859158
0.0352456
35
0.00149127
0.0117781
0.06541
37
1.3703
0.0239246
0.0020039
0.984023
0.0661014
0.177364
21
0.0019722
0.0373597
0.274294
5
1.34708
0.797306
0.00238995
0.909488
0.0437211
0.227907
29
0.00582411
0.0302967
0.268552
33
1.20241
0.723489
0.00174596
0.919896
0.0666546
0.0126792
49
0.00773166
0.0447203
0.190712
28
2.00477
0.446044
0.00140981
0.953482
0.0373462
0.169206
66
0.00330781
0.0140879
0.179756
40
1.26169
0.719858
0.00396757
0.955635
0.0357704
0.14267
82
0.00398336
0.0290985
0.0620704
64
0.791952
0.203294
0.00575511
0.914836
0.0919135
0.397398
25
0.00281395
0.0351741
0.482214
13
1.66506
0.709112
0.00578017
0.982586
0.0391039
0.380759
13
0.000284099
0.0272435
0.319366
95
3.99944
0.279186
0.00202097
0.94489
0.0904737
0.0714184
86
0.00100879
0.0437032
0.28522
30
1.11548
0.5649
0.00425842
0.967173
0.0759624
0.0766065
33
0.00214573
0.0126909
0.210778
66
2.19933
0.644244
0.00451046
0.950951
0.0961682
0.00328025
32
0.00238092
0.0154841
0.478194
47
2.72369
0.668827
0.00132721
0.923983
0.0341494
0.0202952
69
0.00169855
0.0204997
0.116045
17
1.48948
0.0820886
0.00262679
0.947814
0.0214984
0.11359
20
0.00991418
0.0386638
0.0498871
42
0.818032
0.357728
0.00885708
0.933462
0.0735558
0.117877
11
0.00647212
0.0279314
0.369841
6
2.22317
0.567051
0.00765946
0.947368
0.0789823
0.441382
47
0.00766589
0.0394391
0.356962
36
0.34261
0.0279849
0.00792064
0.913794
0.00536658
0.189849
19
0.00930114
0.0480983
0.282877
66
2.03164
0.39354
0.00736163
0.974506
0.00748615
0.192037
96
0.00252384
0.021225
0.132139
67
0.509373
0.583078
0.00171549
0.908024
0.0139005
0.193855
61
0.00877027
0.0390439
0.174119
50
1.32467
0.266966
0.0086018
0.982947
0.0636
0.152784
17
0.00599007
0.0363994
0.218965
73
2.19411
0.555874
0.00967616
0.963083
0.0865225
0.107889
74
0.00836851
0.0439363
0.493956
60
2.482
0.0745949
0.00635921
0.951662
0.0331945
0.0242194
55
0.00323122
0.0265968
0.0765817
53
0.76777
0.214025
0.00106133
0.954384
0.0841037
0.303928
95
0.000203925
0.0188349
0.255145
44
1.58062
0.484734
0.00960579
0.904206
0.081808
0.231075
30
0.000356995
0.03454
0.0683588
65
2.10156
0.436948
0.00594947
0.918993
0.0285436
0.454648
62
0.00724502
0.0239883
0.119078
100
1.31171
0.487996
0.0052113
0.920384
0.0693201
0.164738
83
0.00135543
0.0352228
0.474143
84
1.8184
0.649261
0.00221374
0.968574
0.0184889
0.451331
34
0.00893261
0.0445359
0.256398
84
0.285574
0.0204943
0.0066766
0.905174
0.0706307
0.0281885
43
0.00683439
0.0243595
0.447787
24
0.213386
0.238306
0.00927717
0.911927
0.00652164
0.393691
21
0.0023323
0.0219965
0.27055
81
0.206137
0.640427
0.00112939
0.910625
0.0234789
0.366835
37
0.00742392
0.028975
0.158513
63
1.76015
0.726482
0.0016276
0.968042
0.0861409
0.357782
77
0.009974
0.0367995
0.0526282
21
3.75754
0.757199
0.00755501
0.902676
0.0544766
0.00792614
78
0.00934701
0.0121108
0.117464
43
1.59625
0.732259
0.00559832
0.977098
0.0952156
0.281824
60
0.00786744
0.0196374
0.178047
88
2.61354
0.770286
0.00265654
0.954171
0.0156646
0.479748
88
0.00248548
0.0116298
0.494737
45
1.28495
0.756426
0.00891335
0.952377
0.0133272
0.411226
95
0.00547338
0.0189682
0.324457
11
2.27666
0.662595
0.00631385
0.907034
0.0643117
0.0456066
96
0.00577793
0.048492
0.311307
21
0.626025
0.440761
0.00306926
0.995077
0.0801783
0.172239
56
0.00458563
0.0253191
0.19611
72
0.492212
0.678711
0.00331465
0.994657
0.0269654
0.496103
16
0.00817492
0.0100796
0.0118644
32
2.54975
0.77507
0.000971196
0.990793
0.0570591
0.126846
27
0.00735315
0.0347043
0.296134
23
1.86829
0.359054
0.00750949
0.905785
0.0238535
0.4789
58
0.00758234
0.0374434
0.445583
68
2.02102
0.19673
0.0042145
0.944407
0.0145624
0.0988068
64
0.00289109
0.0119494
0.137251
49
3.1166
0.105733
0.00537423
0.908768
0.0348911
0.147629
47
0.0082614
0.0344143
0.441768
74
3.43251
0.21856
0.00244747
0.935425
0.0206811
0.360432
76
0.000399339
0.0384198
0.425131
19
0.841125
0.736658
7.53259e-05
0.956516
0.0399207
0.0919646
36
0.00335933
0.033023
0.0266114
53
0.36628
0.227984
0.00675606
0.994978
0.044559
0.201766
54
0.00817952
0.0156269
0.227656
20
0.362173
0.466092
0.00137347
0.90989
0.0783108
0.414384
85
0.00540988
0.0112928
0.305881
67
2.41571
0.520947
0.00227684
0.900551
0.0177398
0.448909
68
0.00931543
0.0233181
0.472925
74
1.77071
0.149705
0.00483385
0.996288
0.00792403
0.3219
60
0.00755449
0.0224076
0.433901
70
1.85491
0.741871
0.00712802
0.914993
0.0106973
0.129572
81
0.00654398
0.0240131
0.371362
10
2.60763
0.321592
0.00275435
0.910334
0.022315
0.0119747
33
0.0017473
0.0458179
0.0239763
27
0.336459
0.309397
0.00360414
0.981482
0.0605933
0.404333
63
0.00385783
0.0422645
0.172334
13
3.33944
0.51586
0.00686048
0.980262
0.00878245
0.00915117
57
0.00503084
0.0187178
0.366159
80
0.48749
0.384765
0.00748191
0.991438
0.0411878
0.495513
10
0.00986616
0.0175485
0.181004
64
0.83663
0.411125
0.00772342
0.940175
0.0459735
0.222924
18
0.00483738
0.0455137
0.349021
73
1.09203
0.225721
0.00652494
0.906858
0.004952
0.323977
72
0.0048197
0.0128897
0.140523
48
2.58409
0.691053
0.00374403
0.996031
0.0548515
0.0174006
10
0.00731504
0.0319475
0.22948
20
3.23619
0.760814
0.00330188
0.946418
0.0974129
0.310601
43
0.00580244
0.0318213
0.32622
58
0.543868
0.121895
0.00728731
0.952005
0.0101006
0.00898619
90
0.00386908
0.0315265
0.314082
33
1.83614
0.51003
0.000520664
0.964575
0.0281095
0.0511088
62
0.00441422
0.0399375
0.182183
17
1.23614
0.0652099
0.00266869
0.964251
0.0510798
0.213727
48
0.00656797
0.037561
0.115423
40
0.307327
0.579174
0.00143462
0.969551
0.000627545
0.158758
31
0.000729401
0.011205
0.0440949
77
2.84752
0.442259
0.00872382
0.936151
0.0943264
0.432676
41
0.00443198
0.0278144
0.376842
77
1.02149
0.20464
0.00830471
0.958591
0.087841
0.370479
4
0.00596956
0.0258971
0.156875
65
3.472
0.518748
0.00600536
0.94944
0.0704737
0.0402275
72
0.00177222
0.0469558
0.48604
9
0.638181
0.418893
0.00974226
0.972335
0.0521242
0.0898655
30
0.00521498
0.0361085
0.372554
26
0.427077
0.791281
0.00734251
0.915392
0.07561
0.289607
24
0.0095106
0.0284456
0.0135899
33
1.88122
0.100197
0.00263848
0.938339
0.0377577
0.0794258
69
0.00346586
0.0455692
0.312844
70
1.63202
0.0869358
0.00334701
0.968724
0.0343082
0.014163
67
0.00790868
0.0442664
0.479931
78
2.76221
0.132985
0.00888492
0.98881
0.0851647
0.28883
13
0.00783493
0.0103998
0.235972
46
3.56417
0.374187
0.00225047
0.931127
0.0752515
0.133214
77
0.00184508
0.0314725
0.125355
75
2.67976
0.303581
0.00878414
0.951322
0.0409898
0.0855822
28
0.0056887
0.0327461
0.0185366
48
3.93541
0.141652
0.00355634
0.922265
0.0863331
0.301892
22
0.00886454
0.0230327
0.055784
75
0.232625
0.764714
0.00678629
0.909268
0.0189512
0.192378
24
0.00048981
0.0477015
0.45664
51
0.373942
0.379538
0.00943437
0.907519
0.0444131
0.0316885
6
0.000156528
0.0221722
0.360202
49
0.799713
0.182701
4.89855e-05
0.974669
0.0310078
0.30581
65
0.00270233
0.0378934
0.385591
17
1.01475
0.236149
0.00382469
0.922419
0.0405625
0.297729
61
0.00544005
0.0237151
0.204561
3
0.406508
0.680504
0.00907604
0.928547
0.0248104
0.271559
69
0.00777537
0.023134
0.0983843
94
2.5309
0.421493
0.00651364
0.96623
0.0336713
0.259618
36
0.00958947
0.0434983
0.0701202
83
3.64613
0.0680085
0.00661322
0.903963
0.0106693
0.134978
98
0.00321617
0.0285039
0.145831
100
2.84493
0.628682
0.0064342
0.942633
0.0926167
0.0101499
51
0.00460732
0.0294328
0.440312
36
1.24935
0.581413
0.00211172
0.926382
0.03711
0.325031
48
0.00234586
0.039607
0.431323
90
2.23116
0.39153
0.000563108
0.950614
0.0745329
0.422105
64
0.000685733
0.0215441
0.0471787
49
2.23826
0.365392
0.00356821
0.925984
0.0736676
0.375152
86
0.000438504
0.0304431
0.0277486
92
1.60184
0.796299
0.00504408
0.993337
0.0575751
0.0937371
95
0.00780973
0.04541
0.0861364
57
3.86589
0.20049
0.00610502
0.969826
0.0989091
0.166326
100
0.00179693
0.0471434
0.451282
98
2.45754
0.432135
0.00782033
0.982334
0.0395502
0.105429
60
0.0099997
0.0476614
0.35504
8
0.667175
0.695145
0.000264374
0.916796
0.089822
0.103182
35
0.00536377
0.0288218
0.258801
97
3.16311
0.593044
0.00252693
0.994184
0.0964995
0.362461
47
0.00376258
0.0203105
0.292781
59
3.67284
0.173093
0.00534064
0.939189
0.0824975
0.0183342
51
0.00434201
0.0307066
0.185923
55
0.858384
0.426079
0.00544186
0.959161
0.0966319
0.342692
73
0.00264985
0.0489733
0.0463505
71
0.333685
0.662224
0.00789044
0.962032
0.0516053
0.0227687
72
0.00236021
0.0482525
0.0332468
76
2.4224
0.747516
0.000240631
0.984324
0.0591579
0.429476
60
0.00377315
0.0122399
0.452845
35
3.00057
0.68292
0.00431521
0.973129
0.0913531
0.0790733
90
0.0023167
0.0286335
0.220573
50
0.117913
0.0485035
0.00133747
0.996478
0.0408536
0.343917
78
0.00414241
0.0260799
0.350116
45
1.94666
0.488832
0.00905139
0.938758
0.0324253
0.291613
35
0.00852703
0.0125419
0.105413
24
3.58182
0.049119
0.00414224
0.948831
0.0476076
0.204922
97
0.0050931
0.0446676
0.464527
53
0.651733
0.683869
0.00394354
0.990615
0.090016
0.15118
79
0.00273883
0.0350814
0.247618
54
2.801
0.160884
0.0023816
0.915712
0.0470112
0.041124
16
0.00957323
0.0472394
0.0592894
48
1.40581
0.253459
0.00520354
0.902303
0.0584806
0.141105
66
0.0025583
0.0149393
0.0854312
22
2.97044
0.575484
0.00295745
0.903592
0.0765026
0.315388
62
0.00884287
0.029599
0.123313
29
1.1616
0.299146
0.00333991
0.912725
0.095557
0.293173
56
0.00838443
0.0301917
0.279999
10
2.96422
0.108804
0.00282096
0.948174
0.0750419
0.187065
3
0.00630871
0.0236472
0.380248
56
2.93027
0.519832
0.00293164
0.995361
0.064065
0.48691
84
0.00779081
0.0166664
0.164317
25
1.28694
0.270035
0.00196671
0.937992
0.0880546
0.363935
9
0.00570488
0.028264
0.241772
52
0.503481
0.543548
0.00364824
0.918346
0.0941306
0.401221
54
0.00820308
0.0263482
0.253755
79
2.93278
0.158422
0.00756546
0.973059
0.014757
0.308288
5
0.00803175
0.0221484
0.411394
2
2.88826
0.0362092
0.00231577
0.979711
0.0335153
0.179472
94
0.00846015
0.03221
0.320722
78
2.08368
0.111955
0.00980982
0.993796
0.0188256
0.118206
94
0.000848336
0.0296402
0.310032
74
0.706444
0.621136
0.00439157
0.943012
0.0790984
0.43599
62
0.00769082
0.0440723
0.28417
27
2.57293
0.361875
0.00569684
0.906457
0.0440647
0.0635296
8
0.00907609
0.04028
0.341713
31
3.73324
0.283527
0.00654713
0.942219
0.000991121
0.361447
50
0.00808684
0.0170556
0.257018
83
0.563817
0.422942
0.0088695
0.910959
0.0902962
0.275297
83
0.00580095
0.0155827
0.222338
35
1.05969
0.539078
0.00407094
0.973737
0.0898089
0.465081
23
0.00447866
0.0415473
0.426194
99
2.12778
0.2447
0.00169369
0.943487
0.0639746
0.247368
37
0.00172056
0.0478254
0.0933534
76
2.24814
0.137865
0.00016918
0.940389
0.00129997
0.101363
78
0.00384011
0.0305168
0.232411
16
3.51733
0.382586
0.00125535
0.947289
0.0887339
0.499954
19
0.00901215
0.0151501
0.029852
97
0.384532
0.642613
0.00554108
0.995575
0.0763291
0.326409
12
0.00295148
0.0457155
0.301819
92
1.5223
0.329147
0.00810089
0.933091
0.0428301
0.252945
6
0.00628477
0.0123022
0.351989
14
2.74557
0.735913
0.00493496
0.943179
0.0855865
0.057756
78
0.00995969
0.0482107
0.194305
60
3.07268
0.784835
0.00801209
0.940688
0.0193378
0.217671
90
0.00728925
0.0281521
0.139529
51
1.29478
0.527181
0.00390728
0.963526
0.0401772
0.444047
31
0.00401982
0.0115914
0.199603
34
2.26878
0.608986
0.00972093
0.975831
0.0414556
0.340426
52
0.00797443
0.0465635
0.163765
39
1.64233
0.186931
0.00387565
0.925615
0.0266456
0.487639
53
0.00307815
0.032136
0.308133
57
3.2974
0.256278
0.00541775
0.919782
0.0991255
0.245538
52
0.00361261
0.0444654
0.0217411
54
0.758043
0.510992
0.00640186
0.931375
0.00479955
0.19969
8
0.000135813
0.0247205
0.216885
54
2.36145
0.0430536
0.00964426
0.938419
0.0939178
0.296522
59
0.00686938
0.0334885
0.0728317
32
2.91061
0.522225
0.00222989
0.959777
0.0509782
0.125462
49
0.00239939
0.0201278
0.142504
77
1.99134
0.408894
0.0074272
0.902075
0.0449406
0.21021
33
0.0018711
0.0184693
0.315014
35
3.8366
0.355392
0.00915737
0.962712
0.0455955
0.418408
38
0.00650231
0.0130028
0.373576
53
3.08746
0.547093
0.008829
0.910115
0.078551
0.115634
83
0.00139722
0.0300023
0.166067
81
3.61765
0.727891
0.00318124
0.925222
0.0210782
0.368686
43
0.000662425
0.0448873
0.0502028
1
2.39988
0.176623
0.0095248
0.918699
0.0419612
0.230536
20
0.00505661
0.0229456
0.496121
50
0.940438
0.66976
0.000755559
0.97139
0.0561613
0.400536
56
0.0032945
0.0180871
0.414226
41
0.463741
0.471105
0.000810409
0.947654
0.025049
0.0567387
93
0.00690096
0.0216045
0.0256148
76
2.43502
0.273497
0.000330439
0.929694
0.0293938
0.428051
91
0.00752979
0.0450208
0.260498
70
0.898709
0.438034
0.00415682
0.913142
0.0211517
0.311597
24
0.00740324
0.0146051
0.176461
85
1.68096
0.207309
0.00249996
0.904783
0.0935024
0.184878
50
0.00513115
0.0297025
0.448681
39
3.91654
0.275829
0.00615923
0.983403
0.0984693
0.160476
7
0.00617345
0.020595
0.416305
28
2.95233
0.0310759
0.00403591
0.958779
0.00356524
0.119255
28
0.00397565
0.0428993
0.0833524
61
1.9752
0.146389
0.00766566
0.998902
0.0255056
0.443981
79
0.00193893
0.0497549
0.2526
51
2.62658
0.291817
0.00855216
0.926562
0.0478373
0.0390725
78
0.00273012
0.0453221
0.272648
92
2.71166
0.11448
0.00191223
0.969416
0.0368426
0.224912
89
0.00848087
0.0324191
0.0343396
24
2.40657
0.2975
0.00665127
0.949633
0.00970809
0.239785
63
0.00549963
0.0105972
0.10324
54
2.31065
0.0506481
0.00941671
0.978022
0.0387893
0.456392
42
0.00107009
0.0377063
0.0510135
12
3.4459
0.319452
0.00500302
0.980448
0.0125795
0.0527156
94
0.00464861
0.0207906
0.370392
86
3.25392
0.012683
0.00198556
0.957892
0.00948461
0.200624
44
0.00604353
0.0427405
0.382098
82
1.89375
0.166263
0.00704144
0.992071
0.0111257
0.0624265
23
0.00568316
0.0278866
0.413714
89
2.87474
0.674193
0.00188066
0.977548
0.0181343
0.0348687
25
0.00695955
0.027003
0.498394
79
3.40624
0.352951
0.00217073
0.926875
0.0365718
0.284903
92
0.00878411
0.0195773
0.248305
46
0.678103
0.453438
0.00856179
0.941709
0.0775384
0.341926
27
0.00351709
0.0264456
0.442358
30
2.04555
0.660802
0.00534703
0.984949
0.00721296
0.202269
56
0.00453138
0.031623
0.362906
94
3.59896
0.598242
0.00247629
0.921272
0.0998288
0.236116
3
0.00163779
0.0452013
0.031781
12
3.96764
0.767859
0.00834043
0.981016
0.0848736
0.161598
64
0.00204242
0.022773
0.168493
57
2.29063
0.116641
0.00589355
0.910004
0.061321
0.494351
73
0.00891711
0.0238291
0.491377
55
2.95653
0.268013
0.00849589
0.904713
0.0260966
0.190558
72
0.00950081
0.0174997
0.19154
15
2.03564
0.506741
0.00507829
0.958399
0.0429638
0.0498329
61
0.00914752
0.0489546
0.0010014
75
3.15454
0.769266
0.00071547
0.984416
0.0359688
0.10238
17
0.00607962
0.0486614
0.271902
4
1.98024
0.113566
0.00550217
0.957754
0.0159225
0.430262
20
0.00561716
0.0309121
0.129635
9
0.754507
0.630336
0.00213802
0.987793
0.0529251
0.264827
42
0.00909252
0.0376654
0.483184
55
3.01107
0.235785
0.00490438
0.913417
0.0662562
0.238221
1
0.00881475
0.0182909
0.453509
72
3.48824
0.733758
0.00447336
0.975185
0.000206396
0.30618
69
0.0028092
0.0366333
0.475407
86
2.22071
0.565996
0.00245713
0.944057
0.0431737
0.440745
50
0.00810583
0.0331204
0.177645
72
3.85544
0.495566
0.0014904
0.947044
0.0724838
0.111281
26
0.00435717
0.0258038
0.450395
20
0.909058
0.615166
0.00411258
0.902961
0.0547069
0.081203
87
0.000809777
0.0144323
0.398697
2
3.27821
0.261708
0.00530475
0.913965
0.0621004
0.313238
44
0.00532267
0.0380119
0.160626
5
0.354345
0.646997
0.000485117
0.937284
0.00425771
0.0291427
14
0.00793468
0.0408017
0.114327
21
2.49064
0.0223415
0.0050156
0.975527
0.0687745
0.0465957
67
0.0046659
0.0312175
0.408145
22
0.950986
0.071772
0.00271512
0.945459
0.0567061
0.31776
57
0.00665597
0.0428681
0.47625
8
2.39319
0.398165
0.00443221
0.992786
0.0677298
0.473897
100
0.00142842
0.0213129
0.104163
37
3.78898
0.586675
0.00540055
0.995832
0.077825
0.0266236
99
0.00491609
0.0478714
0.262915
99
1.45591
0.740424
0.0058138
0.945827
0.0909129
0.26861
31
0.00411449
0.0426634
0.150957
22
3.37733
0.701929
0.00312865
0.916608
0.0109729
0.46298
81
0.00594726
0.0405319
0.0380376
18
2.63102
0.287526
0.00859157
0.937176
0.0768211
0.243021
89
0.00919318
0.0320603
0.1217
50
1.55946
0.58491
0.00399854
0.931794
0.060291
0.318359
22
0.00762842
0.0298269
0.0604532
79
1.42533
0.264585
0.00835911
0.976074
0.0350676
0.423333
84
0.00843544
0.0158694
0.264937
41
2.13594
0.286189
0.00969502
0.9532
0.0460556
0.351467
83
0.00126827
0.0371279
0.367515
94
3.92827
0.571387
0.00644427
0.943604
0.0370319
0.328059
11
0.00254242
0.0176203
0.265238
63
1.4843
0.524387
0.00309981
0.901029
0.0393163
0.384723
31
0.00456908
0.0274666
0.466005
38
3.3102
0.247719
0.00385216
0.988933
0.0221362
0.145796
15
0.00718814
0.0147414
0.221677
7
3.38788
0.613586
0.00840171
0.918009
0.0116441
0.0803816
33
0.00101457
0.0275354
0.316128
70
0.404145
0.654777
0.0099527
0.973438
0.050394
0.243751
6
0.00372391
0.0171309
0.0781053
59
3.69978
0.191753
0.00847559
0.976324
0.0802271
0.0850057
6
0.00314955
0.0441451
0.0328534
43
0.104261
0.432722
0.00429758
0.933473
0.0452117
0.0925259
74
0.0042821
0.0474602
0.394017
7
1.17814
0.300725
0.00844541
0.957444
0.00155228
0.0232151
25
0.00611696
0.0123575
0.243392
46
1.72613
0.505679
0.004796
0.934057
0.0996209
0.0944063
97
0.00675483
0.0350367
0.24035
3
2.11987
0.380105
0.00948269
0.979515
0.0951636
0.277522
50
0.00751419
0.0387484
0.29098
98
0.258636
0.0199472
0.00285732
0.912642
0.0227535
0.272307
48
0.00379561
0.0206684
0.200487
52
3.50951
0.479129
0.00626607
0.94136
0.00899756
0.420438
93
0.00856874
0.0339384
0.0914855
97
0.815818
0.532398
0.00544918
0.929434
0.027907
0.483688
13
0.00887795
0.0105247
0.250416
49
2.59127
0.0914877
9.46822e-05
0.964817
0.0518201
0.100048
49
0.00986064
0.0407694
0.36878
65
1.79638
0.193316
0.000359121
0.930902
0.0835015
0.0726929
8
0.00468658
0.0199954
0.266881
42
1.53672
0.475366
0.00582663
0.974207
0.0500379
0.181079
62
0.00392869
0.0101838
0.0662892
89
3.06993
0.254723
0.00102849
0.915104
0.0540274
0.0158846
20
0.0019812
0.0467832
0.0970814
92
2.51926
0.0926776
0.00740465
0.963259
0.0275499
0.263393
59
0.00259424
0.0167959
0.485509
27
0.644299
0.0423059
0.00300554
0.982382
0.0421224
0.322454
51
0.00943486
0.0466504
0.40357
20
1.49954
0.079235
0.000441799
0.980878
0.0417363
0.0558392
24
0.00409306
0.024522
0.388303
15
3.16945
0.0119114
0.00555202
0.970663
0.0832347
0.132854
71
0.00586058
0.0214732
0.249923
73
2.78207
0.688607
0.000738434
0.961874
0.0153054
0.438842
73
0.0097715
0.0299691
0.0459231
60
3.95517
0.603222
0.00956878
0.909518
0.0853095
0.467934
35
0.0017293
0.029499
0.211972
3
3.73629
0.589021
0.00136205
0.965327
0.0204072
0.123104
28
0.00603244
0.0125678
0.461626
47
0.867949
0.500767
0.00793839
0.959459
0.0664984
0.203797
41
0.0052554
0.0114892
0.238994
40
3.81645
0.551905
0.00473949
0.987056
0.0773662
0.262638
39
0.00109531
0.0191677
0.230258
8
3.19039
0.504152
0.00985227
0.926953
0.0857752
0.480762
14
0.0074811
0.0342269
0.109272
64
3.3671
0.596125
0.00670998
0.983255
0.00120712
0.183344
63
0.00294539
0.0326908
0.353217
17
1.80153
0.188395
0.000774749
0.941397
0.0922296
0.353449
82
0.00566177
0.0459338
0.288237
26
1.58974
0.494459
0.000635914
0.919539
0.0172837
0.413683
8
0.00122064
0.0293348
0.277251
74
3.65766
0.704491
0.00647072
0.991736
0.0981176
0.04891
35
0.000831756
0.0413034
0.239998
31
2.35314
0.560196
0.00640467
0.942833
0.0305995
0.0306456
53
0.00470147
0.017741
0.32949
28
3.55598
0.64589
0.00950627
0.966096
0.0246605
0.237268
2
0.00314579
0.040036
0.207022
37
3.04993
0.180734
0.00183542
0.912977
0.00234502
0.405317
55
0.0042556
0.0314034
0.224545
6
3.74548
0.788006
0.00361481
0.94115
0.0432767
0.371079
66
0.00405918
0.0152979
0.00355867
98
1.12942
0.37792
0.00947259
0.930705
0.0307932
0.329685
40
0.00766252
0.0445958
0.420601
87
2.79802
0.389405
0.00154104
0.935947
0.0872077
0.492491
74
0.0042314
0.0185666
0.00660912
29
2.89328
0.463815
0.00585028
0.933044
0.0877198
0.327512
91
0.00710174
0.0419018
0.152643
43
2.10477
0.127911
0.00810972
0.954903
0.0869983
0.346267
17
0.00898841
0.020024
0.434894
36
3.05663
0.281152
0.00777215
0.975974
0.0470783
0.334575
48
0.00366066
0.0325295
0.396989
16
3.09736
0.477366
0.00273245
0.906042
0.000842675
0.0328196
31
0.00964672
0.0253715
0.375176
30
1.55307
0.753421
0.00763966
0.980762
0.0130541
0.223774
97
0.00203661
0.0261043
0.331673
70
0.55266
0.0936881
0.0092367
0.915571
0.0995127
0.266817
65
0.00390413
0.0127981
0.0902829
23
3.55304
0.62419
0.00061206
0.926252
0.0386376
0.0652016
3
0.00866216
0.0244221
0.0366883
35
3.31388
0.333953
0.00617251
0.997056
0.0486577
0.468857
7
0.00945829
0.0246742
0.130939
42
3.27247
0.577354
0.00664029
0.986746
0.00558231
0.459428
58
0.00209288
0.0462845
0.488997
25
3.58984
0.0986611
0.00726038
0.911575
0.0928639
0.424313
97
0.00600451
0.0470462
0.387222
19
0.322749
0.256821
0.00210654
0.925798
0.0171847
0.273591
61
0.00784743
0.0268763
0.334722
44
3.78125
0.413669
0.00901225
0.927735
0.0464175
0.482069
67
0.00615129
0.0193217
0.213961
41
3.70679
0.650949
0.00851366
0.901538
0.0594571
0.0598322
36
0.00556189
0.0441972
0.303049
10
1.27686
0.429831
0.00797956
0.928417
0.0404348
0.392917
21
0.00711557
0.0191112
0.223465
28
1.26452
0.19842
0.000282649
0.951814
0.0806852
0.114204
17
0.000710903
0.0487765
0.127817
97
2.64775
0.554536
0.00189798
0.96735
0.093017
0.185719
8
0.00276806
0.0271675
0.215566
11
1.43402
0.49727
0.00761501
0.985993
0.0550984
0.366003
90
0.00824334
0.014048
0.167596
87
0.12367
0.00281878
0.00591836
0.991064
0.00968216
0.304437
63
0.00310293
0.0139351
0.189441
94
1.96599
0.651567
0.00853409
0.97728
0.0637151
0.383182
6
0.00573502
0.0435416
0.0404459
5
0.982986
0.640145
0.00456585
0.942101
0.0165015
0.0542278
10
0.00334092
0.0202165
0.490686
29
3.87077
0.155362
0.00327215
0.936568
0.02584
0.208728
37
0.00490108
0.0461969
0.439964
6
2.15141
0.475911
0.00565738
0.963791
0.0609519
0.344125
38
0.000579514
0.0460795
0.131845
3
0.415085
0.104639
0.00806533
0.905368
0.0559867
0.47266
89
0.00689085
0.0104389
0.233877
43
3.21383
0.600514
0.00118887
0.995746
0.0885838
0.434115
59
0.00680377
0.0341539
0.46336
84
0.168776
0.744233
0.00698309
0.935711
0.00203674
0.0476562
22
0.00220509
0.0150504
0.344622
39
0.240749
0.749203
0.00929137
0.959976
0.0691789
0.180631
91
0.000473793
0.0141629
0.374787
3
1.06857
0.470384
0.00186803
0.90827
0.0796273
0.485707
58
0.00151379
0.0270642
0.46038
63
3.22886
0.666495
0.00167992
0.95304
0.0646232
0.325371
65
0.00670294
0.0394473
0.144834
47
3.14718
0.346006
0.00925882
0.910868
0.061728
0.131876
40
0.00622581
0.022704
0.300402
30
3.80555
0.27836
0.000946253
0.96084
0.0232165
0.337716
23
0.00353514
0.0381617
0.157991
40
1.77727
0.439755
0.00822064
0.997286
0.0457009
0.0958239
19
0.00200801
0.0358609
0.34644
32
2.07002
0.0648875
0.00986785
0.993528
0.0389144
0.124178
96
0.00260202
0.0346256
0.0615111
76
1.04366
0.0143804
1.69951e-05
0.964374
0.0164693
0.415953
30
0.00906059
0.0359381
0.335648
44
3.02284
0.771355
0.00628822
0.93271
0.0118128
0.38828
60
0.00557181
0.0133189
0.186928
49
2.13573
0.367259
0.000117238
0.917073
0.0242037
0.475695
90
0.00520139
0.0358256
0.457489
96
3.26523
0.462279
0.00324059
0.989952
0.0142783
0.316096
4
0.00869865
0.0108954
0.0201673
26
1.1567
0.794137
0.00979639
0.95528
0.0846327
0.391684
71
0.000977706
0.0287328
0.159312
18
2.68756
0.221084
0.00681445
0.900166
0.0711745
0.352453
37
0.00652351
0.0479352
0.364771
24
1.00378
0.434869
0.00931261
0.988354
0.0781716
0.0980005
63
0.00182366
0.0436751
0.231502
68
2.31859
0.450445
0.00687202
0.922609
0.071862
0.358926
46
0.00678718
0.0303713
0.424011
39
0.673967
0.606995
0.00338168
0.924935
0.0654197
0.215622
76
0.00522843
0.0179451
0.469157
2
1.24003
0.0260468
0.0052254
0.91227
0.0716222
0.122138
70
0.00643462
0.0493608
0.226675
43
2.66502
0.632284
0.00606992
0.928126
0.0681436
0.345456
86
0.00742772
0.0412449
0.405918
14
0.171011
0.79927
0.00109295
0.996992
0.0220382
0.488059
76
0.00720836
0.0169387
0.193869
85
3.60412
0.762597
0.00031105
0.934686
0.0484903
0.255802
84
0.000615121
0.0235561
0.143103
42
3.39295
0.777547
0.00976457
0.97081
0.00447143
0.156256
60
0.0087996
0.0211355
0.106167
25
2.51442
0.302269
0.00301973
0.921115
0.0649366
0.207803
39
0.00454535
0.0300847
0.234323
89
1.92323
0.179354
0.00283216
0.91129
0.0837189
0.285902
75
0.00641394
0.0183564
0.454295
62
3.91025
0.754368
0.00626137
0.931644
0.0586669
0.387478
82
0.0032848
0.0492765
0.275381
57
3.33366
0.296621
0.00278626
0.989301
0.0483013
0.196048
22
0.00227594
0.046096
0.378926
58
3.12853
0.0449537
0.000303724
0.971562
0.0668845
0.382149
80
0.00706906
0.0463384
0.0736586
6
3.79743
0.271733
0.00311779
0.967737
0.00786604
0.398768
39
0.00620802
0.0179001
0.175168
2
2.06144
0.156995
0.00258555
0.996754
0.0494929
0.0371752
51
0.00719699
0.0165963
0.28692
4
3.84917
0.333256
0.00351786
0.990236
0.0168474
0.0882492
71
0.00815103
0.0494755
0.299685
89
3.14088
0.406603
0.00937678
0.965661
0.0228786
0.139468
34
0.00141181
0.0473907
0.0778371
36
3.71556
0.338316
0.00370314
0.998383
0.0805274
0.320324
65
0.00117743
0.0178065
0.302587
9
3.30204
0.126968
0.00695906
0.939794
0.093211
0.148596
64
0.00938782
0.0256921
0.039674
87
0.977536
0.314106
0.00805626
0.975015
0.0679032
0.261136
18
0.00648166
0.0106973
0.0759266
31
2.385
0.637035
0.00409443
0.940524
0.0524211
0.265396
72
0.0036751
0.0388106
0.236615
11
0.880083
0.0827775
0.00459595
0.950131
0.0972026
0.330556
1
0.0097904
0.0102562
0.107745
84
0.312714
0.0763849
0.00599016
0.978761
0.0524759
0.290583
68
0.0035551
0.0458609
0.269876
81
0.196151
0.671401
0.0029012
0.916071
0.00825236
0.307468
45
0.00051066
0.0413672
0.321562
78
3.88004
0.707258
0.00990288
0.93457
0.091607
0.409974
100
0.00588219
0.0409765
0.180589
47
1.32394
0.183477
0.00557299
0.984875
0.0888997
0.0876552
5
0.00928172
0.0198355
0.0488462
38
1.35204
0.365325
0.00698043
0.914343
0.0712381
0.47159
58
0.00224276
0.045094
0.0921801
41
3.08716
0.458636
0.00999579
0.900276
0.0739734
0.390258
92
0.00953186
0.0336075
0.400017
20
1.61354
0.560898
0.0014884
0.923248
0.0356135
0.331687
11
0.00344282
0.0496242
0.465164
69
1.95319
0.233084
0.00193913
0.969287
0.058239
0.00452554
71
0.0086516
0.0322872
0.183232
67
0.302376
0.2593
0.00727589
0.907226
0.084604
0.0824441
23
0.00661285
0.0232633
0.459947
77
0.57852
0.728442
0.00871003
0.943887
0.096869
0.257977
46
0.00120247
0.0181868
0.0309785
58
1.30865
0.307204
0.0076946
0.944658
0.00296699
0.43362
84
0.00116146
0.044843
0.354492
22
3.28867
0.49157
0.00514319
0.938973
0.0895169
0.0666816
27
0.00267788
0.016282
0.0241558
66
1.40019
0.371179
0.00908482
0.972612
0.072975
0.0438085
13
0.00560173
0.0280602
0.443027
68
0.606692
0.293807
0.00778485
0.987975
0.0771108
0.100575
21
0.00544903
0.0333925
0.0813081
64
3.03025
0.265681
0.00714999
0.936324
0.0505948
0.216383
54
0.00858046
0.0198675
0.295717
88
1.05062
0.110994
0.00795023
0.944968
0.0924324
0.0680699
77
0.00592412
0.0392868
0.0991221
78
2.54134
0.598874
0.00525165
0.95272
0.04484
0.355449
15
0.00946635
0.0328016
0.297526
12
1.54535
0.216173
0.00453448
0.949824
0.0426055
0.376563
94
0.00673749
0.0160654
0.343426
79
2.54675
0.774252
0.00450166
0.948011
0.0123695
0.410558
7
0.00153885
0.0101303
0.477143
79
2.71335
0.159888
0.000989166
0.923742
0.0329339
0.425674
70
0.00244138
0.0234501
0.26106
13
2.47278
0.557681
0.00867604
0.941827
0.00469273
0.406694
87
0.00726591
0.0307808
0.162157
18
2.98899
0.190841
0.00241646
0.916895
0.00835437
0.214574
46
0.00968184
0.041161
0.135302
56
1.71213
0.103211
0.00813226
0.946302
0.0815311
0.0259415
95
0.00807359
0.0241856
0.197372
12
0.709339
0.241534
0.00020471
0.981892
0.058291
0.481534
41
0.00421462
0.0245879
0.361907
32
2.8789
0.47269
0.00564353
0.930048
0.0569577
0.288014
9
0.00812218
0.0408973
0.409672
10
1.47665
0.40692
0.00121002
0.977776
0.0143807
0.159562
36
0.00983667
0.0145192
0.124053
79
1.41231
0.229674
0.000847697
0.981699
0.0578152
0.18616
86
0.00446945
0.0156816
0.17363
31
0.270083
0.467826
0.00463352
0.963998
0.0481102
0.182581
44
0.00591319
0.0383827
0.276694
40
2.15125
0.594762
0.00917636
0.958846
0.061199
0.292694
45
0.00993399
0.0423272
0.455856
46
3.71951
0.444478
0.00444831
0.972792
0.0361133
0.369165
36
0.00941381
0.0248438
0.337152
25
1.39138
0.289807
0.00944253
0.93488
0.0251301
0.175784
45
0.00638101
0.0420295
0.041505
4
1.11017
0.0896844
0.00920748
0.97184
0.0908038
0.104368
36
0.00551792
0.0138982
0.11258
83
0.934447
0.131353
0.00435529
0.922039
0.0820689
0.427958
2
0.0046279
0.0120531
0.0576011
13
3.46443
0.163922
0.000797019
0.942511
0.0497859
0.211294
70
0.000107576
0.0233917
0.00226829
23
0.135197
0.545643
0.00116767
0.98977
0.0819926
0.229909
42
0.00700334
0.0264821
0.0156687
71
0.276881
0.107335
0.00175414
0.918584
0.0299705
0.0682835
33
0.000523596
0.0289484
0.118417
16
1.71749
0.429146
0.00471429
0.916323
0.00218673
0.121522
32
0.00182017
0.0357296
0.0848434
7
3.00689
0.245504
0.00707792
0.908691
0.0540688
0.436918
34
0.00795832
0.0107947
0.134085
75
3.98612
0.562261
0.00613376
0.971952
0.0832034
0.197484
69
0.00975919
0.0417009
0.0122359
82
2.17392
0.403999
0.00716434
0.98566
0.080905
0.445964
45
0.00472039
0.0456668
0.0379487
26
1.62765
0.00853494
0.00804156
0.95397
0.0658477
0.43939
18
0.00528628
0.0132375
0.188914
66
3.52523
0.417097
0.00749602
0.956269
0.0866483
0.0538927
77
0.00921376
0.0172565
0.151427
11
2.30369
0.087378
0.00959447
0.946003
0.000391156
0.295474
27
0.00937271
0.0131871
0.422114
93
2.7051
0.0703222
0.00158495
0.925492
0.0983005
0.0617486
12
0.0062654
0.0138166
0.203821
71
0.441036
0.482422
0.00598067
0.965902
0.0958137
0.3772
82
0.00963478
0.0364224
0.219799
81
0.568467
0.0594971
0.0020499
0.98921
0.0333032
0.144617
44
0.00823716
0.0385712
0.122563
83
2.25982
0.460781
0.00844016
0.95373
0.0150712
0.378305
14
0.00701668
0.0379521
0.133866
58
2.85468
0.636139
0.000588959
0.956818
0.0376103
0.396666
40
0.0010421
0.0172982
0.389504
89
1.36142
0.395636
0.00303112
0.911101
0.0121802
0.34818
19
0.00418155
0.0164899
0.379109
8
1.18705
0.174042
0.00494971
0.994278
0.067414
0.35003
86
0.00339759
0.0480346
0.000641597
77
0.47335
0.217194
0.00752371
0.905029
0.0720354
0.46929
52
0.00537335
0.0110448
0.146526
18
3.22292
0.276678
0.00235905
0.917493
0.0827473
0.426729
58
0.00125973
0.0419482
0.435645
59
0.588027
0.350101
0.00376485
0.97909
0.0883702
0.033731
4
0.00285316
0.0174302
0.294644
31
2.56892
0.696954
0.00676531
0.920576
0.0978007
0.0274535
94
0.00564333
0.049783
0.481589
64
2.86771
0.0631482
0.00660151
0.921638
0.0325029
0.412254
18
0.00637517
0.0276352
0.345266
43
1.69039
0.141584
0.00177426
0.98372
0.0891246
0.28268
74
0.00760703
0.0228116
0.0647579
41
3.6316
0.0732013
0.0003969
0.976645
0.0259188
0.258654
42
0.000421794
0.0340184
0.495049
38
2.79096
0.7778
0.00486552
0.932028
0.0302734
0.0968511
86
0.00804526
0.031175
0.467345
62
1.22739
0.212029
0.00573533
0.948453
0.0488736
0.171646
51
0.00210709
0.0209868
0.287567
99
1.74775
0.129358
0.00869515
0.904383
0.0436466
0.403568
99
0.00737647
0.0432887
0.327591
93
1.45967
0.540065
0.0016444
0.997548
0.0786275
0.00640564
81
0.00444693
0.0484645
0.289721
23
0.993897
0.499154
0.00349183
0.914066
0.003382
0.450644
39
0.00673293
0.033746
0.102927
87
2.33896
0.0168022
0.000884963
0.948546
0.0321608
0.477465
16
0.00507557
0.0443669
0.436819
34
0.612507
0.411986
0.00467287
0.901892
0.00370648
0.241001
3
0.00300871
0.0222785
0.330276
67
2.33838
0.29208
0.00423077
0.945727
0.0620161
0.157979
81
0.000302699
0.0111383
0.492522
63
1.17393
0.388234
0.00127136
0.962794
0.062907
0.127947
75
0.00157462
0.0317285
0.214204
80
0.700388
0.707898
0.00893245
0.99034
0.0794317
0.373139
85
0.00487198
0.0133625
0.401089
37
3.94706
0.572121
0.00343541
0.950833
0.0519127
0.150807
14
0.00262491
0.0159626
0.111975
71
0.807728
0.261444
0.00745584
0.929827
0.0239115
0.302598
29
0.00540425
0.0136208
0.438152
19
0.161402
0.00209935
0.000650767
0.96062
0.0749213
0.314802
49
0.00895383
0.0252361
0.0585326
46
3.42246
0.0463528
0.00632599
0.920964
0.0647034
0.138953
95
0.00479911
0.031308
0.110173
4
1.38161
0.383302
0.00770508
0.933832
0.00677863
0.260832
92
0.000767431
0.0169951
0.363511
21
0.596612
0.625457
0.00874549
0.924505
0.0615583
0.279178
82
0.00131623
0.0153999
0.470309
91
1.84604
0.0397375
0.00234397
0.952125
0.0956696
0.0168463
41
0.00961145
0.0354458
0.342184
30
1.87374
0.164704
0.00404733
0.90898
0.053788
0.312529
76
0.00167515
0.049125
0.404665
81
1.95841
0.325611
0.00219449
0.921507
0.00923985
0.188629
55
0.00413017
0.0128076
0.358631
97
1.20805
0.513744
0.009976
0.961279
0.042385
0.167228
45
0.00606695
0.0109634
0.429891
1
2.69617
0.541409
0.00903081
0.903151
0.0131996
0.225088
99
0.00320463
0.0430324
0.291735
98
1.78828
0.00642607
0.00527172
0.946796
0.0267824
0.228511
39
0.00338207
0.0318557
0.101504
74
3.12286
0.135791
0.0012312
0.935604
0.00586499
0.146209
34
0.000875652
0.0432418
0.0879935
67
0.719033
0.653307
0.00894363
0.932305
0.0573363
0.367378
88
0.00341533
0.0130848
0.309429
34
0.454021
0.619266
0.00708858
0.985492
0.0162681
0.218624
54
0.00624421
0.0389882
0.384259
14
0.147995
0.0560742
0.00718353
0.919087
0.0703704
0.256161
53
0.00663148
0.0267111
0.161452
99
3.49812
0.143349
0.00427632
0.922825
0.0263642
0.269986
17
0.00303405
0.0218258
0.468804
56
2.73111
0.656714
0.000671156
0.968367
0.0192552
0.212807
29
0.00427068
0.0213968
0.381042
90
1.05393
0.687745
0.00270425
0.923398
0.00319977
0.452935
25
0.00613886
0.021118
0.293895
82
1.15068
0.0952924
0.00491275
0.985191
0.0917031
0.0396648
26
0.00318131
0.0291796
0.0561501
95
2.60358
0.195605
0.00983119
0.92378
0.0842681
0.232615
16
0.00980377
0.0192041
0.339877
39
3.21026
0.634172
0.00572426
0.9859
0.0893199
0.254271
11
0.00128828
0.0407175
0.406746
6
2.45542
0.686032
0.000867811
0.953281
0.0234545
0.11023
49
0.00165585
0.0230866
0.14122
53
0.734951
0.251195
0.00636466
0.998072
0.0152682
0.338363
29
0.00107156
0.0189013
0.497742
28
1.65733
0.714268
0.00649064
0.96552
0.0810231
0.419444
65
0.00925059
0.0137259
0.489896
44
0.434235
0.186086
0.00705364
0.908395
0.0655481
0.399325
55
0.00218997
0.0149632
0.0633066
85
1.73661
0.0103728
0.00737599
0.970321
0.0740264
0.300668
27
0.00843696
0.0405789
0.24297
15
0.780711
0.336446
0.000188466
0.997941
0.0180076
0.198209
73
0.000322142
0.025023
0.209037
47
2.18173
0.465062
0.00437376
0.907582
0.0128076
0.206515
84
0.00416399
0.0309647
0.487739
5
1.69804
0.481978
0.00486093
0.936933
0.0552518
0.442598
92
0.00833206
0.0404758
0.0549898
87
1.01116
0.249235
0.00621309
0.976844
0.0534429
0.0138811
93
0.00223021
0.0143343
0.34775
10
3.17931
0.552496
0.00620226
0.903294
0.0314477
0.20543
15
0.00667823
0.0118463
0.267552
69
0.727334
0.0294057
0.00825247
0.930115
0.0562972
0.356784
47
0.00123715
0.0255257
0.30643
91
3.19664
0.507956
0.0032067
0.923078
0.0184314
0.137504
2
0.00381801
0.036164
0.0160838
32
3.65533
0.0333065
0.00367321
0.9561
0.0289967
0.381304
88
0.00017795
0.0164235
0.20699
91
0.889282
0.37619
0.00689681
0.957008
0.029574
0.283249
30
0.00389651
0.0208714
0.15352
72
2.98108
0.0605936
0.00720804
0.944346
0.0634022
0.130914
58
0.00517533
0.0343296
0.365628
34
0.224105
0.605677
0.00151281
0.920041
0.0675661
0.47685
80
0.000652258
0.0124271
0.359233
41
1.21765
0.675783
0.00376682
0.932086
0.0592529
0.112712
88
0.000939394
0.0403772
0.298269
66
2.21182
0.327182
0.00829803
0.984707
0.0507105
0.0776394
32
0.00500627
0.0343197
0.128437
61
1.99735
0.349196
0.00775968
0.907875
0.0542458
0.354408
67
0.00827905
0.0422022
0.0807242
71
0.917249
0.457185
0.00118858
0.928106
0.0993512
0.491873
79
0.00155846
0.0338909
0.00898568
9
1.10594
0.526046
0.00683454
0.937734
0.0921082
0.209793
30
0.00359761
0.0381218
0.0094972
61
3.79095
0.167563
0.00230141
0.978499
0.0243054
0.143652
11
0.00291166
0.0332438
0.480338
14
2.08108
0.312233
0.00461156
0.958167
0.0175202
0.241373
39
0.0048561
0.038527
0.205738
7
3.94392
0.712714
0.000459386
0.986367
0.0381546
0.249882
75
0.00771446
0.0335839
0.338681
27
3.76991
0.40335
0.000591802
0.95736
0.0596688
0.178342
88
0.00855395
0.0348111
0.228015
48
3.76061
0.787088
0.00912816
0.927356
0.0104692
0.386602
14
0.00873908
0.0163483
0.407507
97
2.90112
0.619861
0.00881883
0.988196
0.0348208
0.457361
80
0.00290343
0.0424597
0.089669
11
1.66813
0.341221
0.00783733
0.952487
0.0170767
0.49303
98
0.00900004
0.0488736
0.225643
90
2.18663
0.792261
0.00510571
0.924254
0.0528182
0.0367775
84
0.000568877
0.0308127
0.136279
75
0.190127
0.501192
0.00877019
0.991216
0.0318033
0.374964
28
0.00635599
0.0416627
0.212041
95
0.227337
0.119882
0.00180567
0.930595
0.070838
0.235478
7
0.00301347
0.0410528
0.165242
52
1.76253
0.664531
0.0071207
0.954507
0.0288547
0.153869
38
0.000741345
0.0425405
0.254343
7
1.08076
0.424658
0.00254036
0.917758
0.0491963
0.0755083
85
0.0086229
0.0491171
0.43764
2
1.74423
0.579561
0.00103741
0.94082
0.019591
0.484257
52
0.00748657
0.0389262
0.100408
60
1.08322
0.343483
0.00372107
0.994453
0.077704
0.084007
79
0.00284127
0.0402037
0.328271
38
1.89447
0.176958
0.00469847
0.933872
0.0936844
0.250261
88
0.00841492
0.0430471
0.0143846
55
2.26388
0.699502
0.000544268
0.920621
0.0579077
0.0196606
52
0.00215975
0.0421489
0.484099
73
0.185332
0.223812
0.00910572
0.967532
0.0987418
0.0608039
21
0.00402398
0.0240885
0.444482
93
0.776053
0.69425
0.00181414
0.960504
0.0723544
0.0581977
32
0.000787551
0.0223359
0.263909
46
0.872243
0.399569
0.00673766
0.901639
0.0452825
0.385527
68
0.00493405
0.0157816
0.0054415
86
2.82175
0.529507
0.00498232
0.905742
0.0602377
0.309749
55
0.000952829
0.0148026
0.307033
3
2.77407
0.72126
0.00610267
0.991614
0.0479635
0.174226
40
0.00693953
0.0366493
0.0674462
73
1.81409
0.347637
0.00529286
0.955109
0.0743786
0.0706421
57
0.00476408
0.0152013
0.0281394
96
1.19811
0.146601
0.00346382
0.939945
0.0467578
0.395417
80
0.00530061
0.0400838
0.192892
23
1.53476
0.336935
0.000961266
0.939377
0.0624691
0.0741351
41
0.00113876
0.0286628
0.007055
37
2.36214
0.0970351
0.00935385
0.973855
0.0363087
0.402378
71
0.00325968
0.0146722
0.246958
91
0.545382
0.515466
0.00694211
0.961472
0.0200716
0.461423
29
0.00496529
0.0347472
0.325745
57
3.98006
0.569177
0.00603378
0.983812
0.0622449
0.294959
10
0.00195819
0.0277426
0.357713
34
1.90187
0.305116
0.0039615
0.978221
0.0565305
0.417962
50
0.00207356
0.0108741
0.184524
44
3.40753
0.449939
0.00701727
0.987556
0.055574
0.00218563
12
0.00305329
0.0398583
0.395182
99
0.14576
0.54792
0.00478519
0.968989
0.063183
0.332537
9
0.00347568
0.0353229
0.198806
5
3.35506
0.75936
0.00255097
0.918135
0.0202047
0.26789
76
0.00872819
0.0464532
0.202619
80
0.112861
0.223095
0.0079917
0.937618
0.00173669
0.22112
68
0.00586924
0.0268932
0.471117
69
2.29532
0.486465
0.000921775
0.928758
0.00857066
0.141018
5
0.000220185
0.0475432
0.43298
29
2.01625
0.536798
0.00475479
0.970045
0.0113327
0.474559
12
0.00776154
0.0499351
0.147879
17
1.69903
0.151335
0.00306539
0.914639
0.0283212
0.00514606
21
0.00659168
0.0348834
0.095938
95
2.37647
0.396195
0.00352893
0.934437
0.0769297
0.0903988
67
0.00394963
0.037764
0.0104674
35
3.83219
0.324219
0.00738454
0.97525
0.0384499
0.347184
26
0.00297407
0.0185163
0.155696
96
2.4262
0.118099
0.000900567
0.960167
0.0378807
0.176946
32
0.00726993
0.035428
0.15474
54
1.03231
0.0549183
0.00259784
0.900752
0.00603068
0.128382
79
0.00478478
0.0337719
0.42165
94
1.90968
0.148326
0.00785611
0.974403
0.0158593
0.251553
81
0.00363905
0.0194792
0.0359826
99
0.534946
0.743532
0.00509186
0.978941
0.0947024
0.460823
9
0.00859729
0.0203479
0.410616
92
3.6346
0.658847
0.00291097
0.949186
0.0439714
0.194226
9
0.00664352
0.0392278
0.0179232
68
3.42608
0.401705
0.00823478
0.951231
0.0226234
0.39459
45
0.000188232
0.0243189
0.415974
33
0.944456
0.0807008
0.00578972
0.927283
0.0732766
0.136564
66
0.000387196
0.0465168
0.473667
5
3.04064
0.745892
0.00165152
0.912455
0.0874805
0.173222
97
0.00357678
0.0196957
0.417098
50
1.47113
0.21071
0.00288361
0.938164
0.0697419
0.364527
27
0.00161585
0.029216
0.0947922
52
1.93227
0.535286
0.00401373
0.93267
0.0685097
0.248152
66
0.00732926
0.0498949
0.0794279
61
1.93992
0.170129
0.00814208
0.970987
0.065043
0.335934
47
0.000367337
0.0415131
0.0535353
24
0.477445
0.783468
0.00107827
0.946531
0.0198153
0.0867568
48
0.00350151
0.0204016
0.340581
85
2.09333
0.717371
0.0029823
0.994011
0.0493739
0.135143
42
0.00553747
0.021871
0.392411
91
3.34708
0.0535183
0.00379839
0.900973
0.0098943
0.446917
23
0.00136986
0.0355279
0.46227
85
1.51194
0.124763
6.90963e-05
0.93665
0.0695055
0.253129
73
0.000262695
0.0363014
0.423012
62
3.8927
0.612152
0.001115
0.925084
0.0716876
0.389498
91
0.00682385
0.0262173
0.171016
19
3.48153
0.415967
0.00668623
0.959311
0.0588614
0.165269
38
0.00533287
0.0193865
0.201931
26
2.05313
0.55003
0.00657899
0.982996
0.00691386
0.276077
59
0.00368679
0.0368029
0.126251
69
1.37309
0.0578572
0.000503232
0.92767
0.0683917
0.162365
68
0.00516266
0.0468504
0.237313
65
1.44354
0.678053
0.00588062
0.913565
0.0345426
0.298317
4
0.000614586
0.0451508
0.418195
83
0.289373
0.573213
0.00388833
0.997788
0.0214637
0.43779
2
0.00112435
0.0220431
0.251878
22
2.67295
0.780208
0.0097081
0.901254
0.0872519
0.464029
99
0.00250191
0.0391755
0.138047
88
2.65353
0.316127
0.00988758
0.948914
0.0606683
0.455232
54
0.00279007
0.0325902
0.00412914
45
0.827755
0.45495
0.00899284
0.998635
0.00751442
0.234811
5
0.00798415
0.0417941
0.348267
45
3.9043
0.703633
0.00322301
0.915976
0.0813015
0.149338
5
0.00632628
0.0161302
0.113614
93
3.82385
0.698516
0.00760104
0.966606
0.0315168
0.299085
15
0.00989059
0.0473293
0.377227
16
3.50336
0.317449
0.0055084
0.988582
0.0512668
0.416187
57
0.00915127
0.026309
0.402131
62
2.56033
0.591754
0.00129296
0.917403
0.0672105
0.336884
37
0.00371339
0.0226237
0.399769
17
3.44755
0.76593
0.0041824
0.929251
0.0978482
0.447217
26
0.0031188
0.0483592
0.0718047
88
2.73755
0.36897
0.000372592
0.971123
0.00513099
0.116089
24
0.00212115
0.0371085
0.108251
63
2.82809
0.590243
0.00420396
0.979224
0.0338938
0.466462
2
0.00148288
0.0370195
0.323503
16
0.390875
0.611068
0.0082777
0.962505
0.0823612
0.333114
96
0.00831017
0.0187982
0.318582
68
1.33655
0.632137
0.00567457
0.929066
0.0205661
0.359809
93
0.00241718
0.0433941
0.0425384
86
0.740315
0.0322717
0.00070124
0.961746
0.0761776
0.106605
46
0.00904745
0.0395953
0.458856
14
2.32957
0.23239
0.00897077
