0.980708
0.0896035
0.203143
26
0.00444495
0.039095
0.314776
42
1.83953
0.251922
0.00367281
0.964788
0.0575783
0.293902
36
0.00865196
0.0137726
0.102512
48
1.70632
0.189713
0.0039025
0.959371
0.0355406
0.0444144
2
0.00721324
0.0120397
0.134578
76
2.3499
0.167951
0.00970019
0.979921
0.0910097
0.281567
94
0.00514782
0.0231009
0.472314
24
0.854232
0.454495
0.00713708
0.93004
0.0503498
0.200564
58
0.00269545
0.0104153
0.143843
34
2.88603
0.668682
0.00196787
0.949738
0.00837854
0.290944
11
0.0025479
0.0331652
0.0217628
82
2.25612
0.419096
0.00318342
0.934747
0.0860215
0.195288
93
0.00302862
0.0121862
0.136954
93
2.22576
0.278307
0.00516657
0.978209
0.0656715
0.355016
12
0.00927102
0.0314492
0.026815
31
1.34602
0.31294
0.00907521
0.97684
0.0191703
0.0274444
80
0.00687378
0.0304196
0.406895
80
0.591143
0.25071
0.00972121
0.948103
0.0776612
0.138327
67
0.00197931
0.0137287
0.284513
35
3.6904
0.623195
0.00653771
0.952596
0.0600748
0.366129
11
0.00470272
0.0216486
0.254139
7
0.539761
0.566903
0.00320331
0.978576
0.0607508
0.0520855
14
0.0060612
0.017388
0.168691
13
0.562831
0.631402
0.00181385
0.935095
0.0880956
0.0547962
84
0.00930499
0.0223971
0.265827
38
2.10799
0.228018
0.00929983
0.950152
0.0168656
0.221548
64
0.00613756
0.0464155
0.0259475
11
2.16642
0.78546
0.00331921
0.996927
0.0459752
0.381992
2
0.00324073
0.0199787
0.365979
44
1.84783
0.421644
0.00666086
0.962191
0.0510233
0.469034
82
0.003707
0.0152386
0.384835
82
2.39109
0.12001
0.00923363
0.93876
0.00403646
0.00911956
24
0.00578747
0.0398132
0.130457
12
0.575725
0.156852
0.00478671
0.972596
0.031785
0.0921633
79
0.00902711
0.0300016
0.329576
90
2.79706
0.00748785
0.00711638
0.998106
0.0892868
0.194853
34
0.00797684
0.0178672
0.0818329
72
2.56234
0.138599
0.0066655
0.974295
0.0353237
0.408034
65
0.0012133
0.0195093
0.107124
41
0.723413
0.184112
0.00471788
0.928073
0.0441385
0.253772
93
0.00164948
0.0447611
0.11321
26
3.21861
0.104091
0.00115839
0.901488
0.00574835
0.256335
67
0.0046451
0.0267274
0.449737
3
2.33655
0.0671408
0.00510414
0.905036
0.0262151
0.202017
62
0.00765998
0.036625
0.175791
96
2.94289
0.048449
0.00518776
0.905469
0.086525
0.132778
91
0.00761876
0.034362
0.179122
44
1.53724
0.17997
0.00141119
0.910835
0.0564598
0.179443
68
0.00250406
0.0373567
0.156957
67
1.97426
0.244619
0.00736278
0.980822
0.0301351
0.0978534
60
0.00635266
0.0224672
0.141596
53
2.26618
0.254666
0.00126464
0.951364
0.00140965
0.328992
47
0.00315173
0.0274906
0.484243
2
2.52836
0.675844
0.00124832
0.957549
0.0246982
0.456586
61
0.00644975
0.0309786
0.0451208
50
2.54946
0.181978
0.00670681
0.991323
0.0545223
0.279223
67
0.00750529
0.0189314
0.338305
60
3.65965
0.0800083
0.0011018
0.956272
0.0556336
0.180998
27
0.000345934
0.0457122
0.183784
24
0.274072
0.00950745
0.000384805
0.985021
0.0529281
0.238553
95
0.00698444
0.0389261
0.424636
26
3.37345
0.720192
0.00286167
0.903806
0.0450138
0.472158
90
0.00232214
0.0463357
0.165765
98
1.63116
0.319095
0.00458364
0.924368
0.0160077
0.45774
60
0.00803461
0.0492181
0.281252
68
0.658197
0.595769
0.000986839
0.901789
0.0054829
0.0283035
96
0.00438604
0.0407595
0.0829501
96
1.82796
0.129423
0.00260129
0.956613
0.0370088
0.267502
85
0.00706019
0.0211708
0.0137631
27
2.29942
0.745167
0.00194138
0.952263
0.0626537
0.176069
21
0.00120607
0.049418
0.41391
98
3.22511
0.475291
0.00277538
0.99403
0.0930333
0.0848321
13
0.00664619
0.0250038
0.100975
79
3.78954
0.518108
0.00552968
0.988278
0.0242883
0.446982
5
0.00972209
0.0229276
0.0124636
20
0.646299
0.256321
0.00056404
0.933042
0.0310249
0.042256
30
0.000833421
0.0320714
0.432599
34
0.735602
0.75781
9.68868e-05
0.973084
0.0174122
0.104745
86
0.00373773
0.0437328
0.475319
60
0.59841
0.741593
0.00531092
0.94049
0.0960881
0.108414
48
0.00219696
0.0258811
0.0652448
51
3.91594
0.0931841
0.00348054
0.900173
0.0858046
0.379693
38
0.00475542
0.0422906
0.202977
37
1.06589
0.539933
0.00482454
0.954137
0.0724883
0.146041
8
0.0091808
0.0498784
0.0318743
70
0.934637
0.584653
0.00683169
0.971492
0.0849309
0.150417
33
0.00157576
0.0367347
0.305508
84
2.15386
0.292137
0.000623619
0.935386
0.0991998
0.119078
95
0.00116739
0.0124033
0.215232
45
2.87832
0.529856
0.0077099
0.901981
0.0221854
0.492744
89
0.00284537
0.0218374
0.497411
18
2.44994
0.231729
0.00372157
0.937375
0.0391714
0.124864
16
0.00474278
0.0407181
0.199818
68
0.655417
0.385894
0.00219001
0.969064
0.0997351
0.237779
24
0.00627625
0.0294702
0.325452
52
3.17885
0.651391
0.00284172
0.903994
0.0491196
0.11042
69
0.000294016
0.0394197
0.337418
99
1.34222
0.112742
0.00105047
0.936963
0.029722
0.291264
45
0.00288023
0.0467331
0.259976
42
2.80596
0.490744
0.00814464
0.946078
0.0394574
0.152481
81
0.000709227
0.0369722
0.409771
86
3.59104
0.796428
0.00694174
0.951065
0.0869588
0.331787
63
0.00309962
0.0345876
0.426052
29
0.621924
0.0457259
0.000235759
0.91787
0.0315365
0.0658634
15
0.00678435
0.0250551
0.214725
6
1.26101
0.523251
0.00357169
0.947086
0.0599968
0.323842
46
0.00481098
0.0246275
0.106348
83
2.61181
0.0660698
0.00244808
0.9519
0.0744929
0.434046
54
0.00975138
0.0200233
0.126165
66
1.78774
0.0509521
0.00274876
0.924066
0.0803069
0.213239
73
0.00860625
0.0489004
0.339782
19
2.82411
0.716363
0.00117416
0.930458
0.0838038
0.392506
97
0.00142459
0.0345575
0.218821
39
0.999627
0.295176
0.00321001
0.995629
0.0618319
0.274633
93
0.00336574
0.0347198
0.115345
44
3.85321
0.206362
0.000824595
0.973345
0.0983815
0.174102
37
0.00528423
0.0311703
0.358764
60
1.47565
0.0313518
0.00700152
0.923771
0.0414236
0.187699
66
0.00789712
0.0409024
0.0693913
89
0.707132
0.33127
0.00375212
0.955818
0.0205993
0.418626
24
0.00272348
0.0308177
0.262342
3
2.72765
0.557143
0.00920196
0.960473
0.00434449
0.371524
10
0.000584358
0.0209567
0.289407
78
0.907188
0.771679
0.00911196
0.98802
0.077874
0.163426
57
0.00941014
0.0375204
0.198232
87
1.89905
0.586548
0.00748899
0.972935
0.0300403
0.378227
74
0.00958198
0.0302627
0.496763
30
2.99403
0.368899
0.00951648
0.913183
0.0420129
0.166795
30
0.00594313
0.047413
0.0484102
75
2.27669
0.146321
0.000941546
0.948313
0.00188876
0.383327
44
0.00668996
0.0454949
0.30044
10
3.68239
0.535981
0.0086676
0.929435
0.0823787
0.0777926
86
0.00994306
0.0297668
0.416972
29
0.639132
0.762524
0.000716087
0.99467
0.0359747
0.0551667
34
0.000995652
0.024062
0.3984
55
2.08904
0.57854
0.00673917
0.903191
0.00053284
0.334483
4
0.0064273
0.0202388
0.083695
14
3.88862
0.719615
0.00561222
0.953712
0.0180479
0.0361818
21
0.00969148
0.0476491
0.354517
53
2.57157
0.723224
0.0039304
0.970667
0.0450977
0.276193
21
0.00556075
0.0183264
0.376934
19
2.25395
0.52629
0.00239065
0.969514
0.0321451
0.399295
61
0.00766875
0.0323182
0.11026
70
3.81931
0.746465
0.00099667
0.909795
0.0908713
0.403038
49
0.00482117
0.0404773
0.0770433
80
3.14742
0.481972
0.000894441
0.929007
0.0202425
0.374607
18
0.00154117
0.0184824
0.492133
76
2.69794
0.327969
0.0080209
0.944247
0.0188737
0.0748422
3
0.00827429
0.0143926
0.35765
55
0.392266
0.27341
0.00150679
0.903147
0.0900482
0.474496
44
0.00504348
0.0150514
0.240278
28
0.234961
0.230405
0.00557885
0.970178
0.0327088
0.367534
92
0.00657776
0.0263401
0.490764
84
0.542887
0.480231
0.00215165
0.970743
0.0471144
0.0437581
90
0.00338565
0.0453837
0.078194
25
0.68099
0.566669
0.00274495
0.9346
0.0898738
0.230113
57
0.000481628
0.0450254
0.0791363
7
1.35906
0.770426
0.000498729
0.987524
0.0700698
0.42722
4
0.00745937
0.016695
0.0552292
4
2.05211
0.51434
0.00230527
0.9965
0.0661782
0.041331
38
0.00509303
0.0423906
0.277492
16
1.15585
0.280283
0.00944746
0.968622
0.0334924
0.327817
40
0.00711262
0.0330334
0.417023
55
0.269922
0.766957
0.00454172
0.942921
0.0580866
0.271501
29
0.00933207
0.0360167
0.271501
100
0.475479
0.610707
0.00307205
0.920941
0.0858385
0.056459
42
0.00214308
0.0192733
0.430962
91
0.140828
0.6924
0.000416264
0.920555
0.079973
0.164132
72
0.0023028
0.0427717
0.467721
40
2.93886
0.774
0.00587694
0.981825
0.034788
0.212092
69
0.00910547
0.0414511
0.340701
16
3.30656
0.164369
0.00468389
0.933716
0.0676925
0.126913
100
0.00179872
0.0158575
0.0328767
98
3.95997
0.615478
0.000669161
0.939133
0.0648901
0.479028
69
0.00256901
0.0284063
0.206911
65
3.35122
0.304827
0.00785431
0.978733
0.0820006
0.4164
63
0.00291474
0.0273397
0.396464
97
0.503286
0.276507
0.00688027
0.99178
0.0663056
0.0300966
41
0.00471982
0.0341419
0.15201
61
1.61605
0.658494
0.00903312
0.950694
0.092488
0.188842
8
0.00877338
0.0201135
0.217815
54
3.45265
0.527865
0.00207812
0.938563
0.0157081
0.341829
74
0.00429801
0.0164773
0.0224979
60
2.00439
0.707348
0.00615505
0.955885
0.00764966
0.120131
61
0.00587318
0.0112861
0.366214
41
1.91453
0.633849
0.00822095
0.941038
0.0720169
0.285812
79
0.00823991
0.041324
0.346283
42
1.50914
0.33306
0.00793263
0.995043
0.0248802
0.229612
50
0.00397347
0.0241292
0.0915979
75
1.08711
0.308203
0.0057274
0.956655
0.0519569
0.21762
76
0.002127
0.0374434
0.216108
8
3.4513
0.674639
0.000155964
0.974542
0.0125726
0.024725
26
0.00517889
0.03714
0.162188
47
1.2353
0.737333
0.000768211
0.930648
0.00017815
0.243184
9
0.00105539
0.0378137
0.0369181
89
0.555806
0.141842
0.000350188
0.953153
0.0730712
0.355357
2
0.00349712
0.0456494
0.124296
57
1.67838
0.469234
0.00606353
0.90358
0.0117247
0.429294
36
0.00983517
0.0416908
0.0234002
61
1.14432
0.662294
0.00267657
0.968179
0.0935423
0.259419
45
0.000877736
0.0357281
0.367965
46
1.29522
0.209532
0.00127651
0.927095
0.0225721
0.149274
2
0.00734338
0.0482427
0.411112
19
0.698489
0.219026
0.00111962
0.915311
0.0137748
0.336862
80
0.00151118
0.0253064
0.0560843
34
0.991177
0.613805
0.00894774
0.98953
0.0850686
0.172645
76
0.00681573
0.0270135
0.374333
27
3.58765
0.553847
0.00157223
0.941234
0.0280921
0.431028
24
0.000209465
0.0190743
0.405293
39
1.95168
0.416794
0.000132995
0.998428
0.0394732
0.338257
65
0.00608283
0.0293121
0.483401
71
0.403695
0.0617622
0.00897467
0.955633
0.0759444
0.151499
13
0.00224147
0.040381
0.00260295
39
0.394793
0.657213
0.00329162
0.992822
0.0064259
0.309266
95
0.00720171
0.0288351
0.397432
24
2.45905
0.752984
0.00578907
0.972449
0.0693368
0.40705
55
0.00773157
0.0251749
0.00726514
79
3.71604
0.541727
0.00224539
0.973626
0.0670165
0.294284
11
0.00998132
0.0358145
0.138336
88
2.41504
0.630269
0.00873403
0.982132
0.0954251
0.0257548
61
0.00486432
0.0184334
0.249933
86
0.431953
0.488425
0.00646588
0.915117
0.038121
0.296532
20
0.00322199
0.0128736
0.27878
38
0.870804
0.683925
0.00956313
0.945567
0.0831596
0.136494
84
0.00211473
0.017208
0.452887
46
2.64767
0.60158
0.00370128
0.911143
0.0569254
0.420977
72
0.00428982
0.0474701
0.0518138
23
1.96192
0.314773
0.0078373
0.91919
0.0256033
0.198774
99
0.00365757
0.0149086
0.0443723
30
0.711368
0.583004
0.00351019
0.949563
0.0646215
0.214075
58
0.00787061
0.0444173
0.423617
67
1.67459
0.108405
0.00763187
0.990965
0.0735323
0.155269
44
0.00204428
0.0396797
0.279396
57
0.199998
0.3453
0.00291918
0.9902
0.0727981
0.0897336
99
0.00287014
0.0227059
0.0676642
16
2.06416
0.413944
0.00527558
0.922155
0.0323256
0.197581
30
0.00856905
0.024526
0.151865
34
0.767533
0.734399
0.00566988
0.921403
0.0572334
0.46142
86
0.0045358
0.0126307
0.185825
55
3.54974
0.472759
0.00768491
0.983691
0.013035
0.0633584
44
0.00149705
0.0386268
0.457736
68
2.81575
0.287895
0.00443362
0.926121
0.0258834
0.0500803
47
0.00167656
0.0273633
0.272818
10
3.52521
0.482368
0.00596339
0.991574
0.0481152
0.316033
62
0.00175324
0.0422025
0.266822
2
0.151434
0.389676
0.00417081
0.944149
0.0478043
0.405374
83
0.00923569
0.0292568
0.335934
89
3.80679
0.739795
0.00281089
0.94745
0.0214223
0.470907
28
0.00192461
0.0496654
0.132815
89
0.888656
0.653183
0.00407197
0.912306
0.0541389
0.442921
91
0.00870361
0.0181489
0.343235
9
1.92944
0.539231
0.00778085
0.979445
0.0785977
0.146765
61
0.00937909
0.0478077
0.00572724
23
3.29321
0.624743
0.00948734
0.925318
0.0059768
0.0585159
35
0.00881239
0.0177878
0.197747
40
1.57056
0.0533044
0.00853545
0.916618
0.0216623
0.205067
13
0.00313007
0.0140014
0.348395
13
3.53315
0.200504
0.00512245
0.909185
0.0539696
0.386654
56
0.00339296
0.0437933
0.474767
48
0.759579
0.321362
0.00585325
0.998306
0.054333
0.482705
49
0.0086833
0.0301637
0.273401
13
1.81325
0.15836
0.00918279
0.923422
0.0101935
0.0984905
56
0.00186955
0.0239603
0.227485
84
0.668052
0.698444
0.00469996
0.914838
0.0563152
0.432212
57
0.000956571
0.0132834
0.392252
85
3.24001
0.377563
0.00309124
0.92361
0.0685562
0.0119254
31
0.00655274
0.0369001
0.382546
90
0.219805
0.300391
0.00823708
0.96176
0.00903111
0.113872
14
0.00180991
0.0322132
0.47946
89
3.50087
0.472065
0.0096405
0.963564
0.0632437
0.370273
59
0.00862929
0.0429778
0.307371
4
1.03879
0.611722
0.00599364
0.971963
0.00118621
0.184326
71
0.00298897
0.0470546
0.368397
63
3.15147
0.266596
0.00729385
0.907303
0.0771171
0.462718
37
0.0091293
0.0234994
0.0045456
33
0.860997
0.342204
0.00168825
0.958216
0.0852442
0.00684969
55
0.000323734
0.0235388
0.0527073
32
2.74539
0.569953
0.00938842
0.947683
0.0577918
0.137133
30
0.00809146
0.0242994
0.0599718
4
2.91136
0.132338
0.00739485
0.914054
0.0468509
0.0579764
74
0.00281684
0.0138971
0.173077
94
2.84907
0.76554
0.00218703
0.943038
0.081374
0.321466
6
0.00847953
0.0333727
0.344764
91
0.968668
0.284001
0.00184565
0.99233
0.0235919
0.276003
79
0.00895273
0.0204927
0.118399
58
0.633422
0.505928
0.00701088
0.992112
0.0105081
0.298374
7
0.00670881
0.0405705
0.489547
29
1.61123
0.0327615
0.00377085
0.910205
0.0417147
0.249414
5
0.000390182
0.0312399
0.111015
8
0.816183
0.412068
0.00107108
0.969994
0.0753896
0.131753
78
0.00312063
0.0132357
0.248905
64
3.98512
0.152214
0.00817348
0.946806
0.070232
0.391217
92
0.000915771
0.0355651
0.419685
84
2.22417
0.380207
0.00871844
0.906452
0.0884168
0.287574
85
0.00191742
0.0218891
0.068928
18
3.64095
0.561442
0.0047852
0.9149
0.0505901
0.468962
77
0.00359785
0.0290644
0.157003
68
2.21484
0.520438
0.00383399
0.990307
0.0787158
0.465751
97
0.00239839
0.0169341
0.451068
93
0.337479
0.322322
0.00474178
0.989245
0.0492796
0.254153
72
0.00627867
0.012253
0.0736052
68
0.416755
0.264613
6.58217e-05
0.912973
0.0674255
0.3577
7
0.00646721
0.0466501
0.470843
30
3.82675
0.223231
0.00576254
0.928449
0.0804601
0.140734
49
0.0081004
0.047586
0.243879
64
0.253151
0.591945
0.00147604
0.982378
0.0715731
0.0130967
28
0.00266895
0.0197606
0.144806
21
1.09425
0.445408
0.00432575
0.966817
0.0889978
0.272947
80
0.00581923
0.0277561
0.319704
98
3.646
0.0974871
0.00611763
0.945133
0.0585641
0.144462
51
0.00432072
0.0471274
0.253261
54
1.98763
0.458085
0.00253248
0.92635
0.0198925
0.382872
31
0.00906521
0.0126689
0.480514
34
1.90109
0.75895
0.00121675
0.949301
0.0217182
0.292502
16
0.00124863
0.0108747
0.27438
87
3.00236
0.399692
0.00238214
0.945408
0.086348
0.295918
60
0.00328963
0.0166117
0.320821
67
2.42224
0.274598
0.00143471
0.972124
0.00558373
0.454132
36
0.00953805
0.0289197
0.341072
12
1.48397
0.20285
0.00474963
0.960235
0.0952354
0.19062
71
0.00598195
0.0155337
0.252928
31
3.02776
0.507666
0.0029322
0.945219
0.0447295
0.280425
81
0.00888847
0.045084
0.453284
48
3.04631
0.519154
0.00741744
0.909932
0.0603951
0.0537996
5
0.00030816
0.0157586
0.431222
51
1.41043
0.106119
0.00668654
0.977234
0.0553433
0.148445
10
0.00442921
0.0405261
0.493382
93
0.30275
0.664058
0.00913566
0.987832
0.0835287
0.464673
23
0.00573778
0.0332368
0.0938718
39
3.72768
0.602838
0.00580545
0.91743
0.0108178
0.251536
18
0.00393185
0.020856
0.0354223
42
3.56478
0.098697
0.00638377
0.931961
0.0890566
0.350796
15
0.00985397
0.0341704
0.317414
95
2.50447
0.492444
0.00547848
0.96304
0.0706553
0.0360729
57
0.00593626
0.0306811
0.131603
72
2.95605
0.649342
0.00338065
0.906212
0.00935871
0.219393
77
0.00977261
0.0453417
0.420365
47
0.580364
0.35566
0.00709969
0.974033
0.0756517
0.404214
14
0.00624393
0.0367135
0.388712
32
3.93005
0.226531
0.00496368
0.917024
0.0312937
0.475829
59
0.00422712
0.0336952
0.4271
86
1.01973
0.476664
0.00765317
0.900855
0.022814
0.34559
54
0.00898743
0.0180415
0.149586
11
0.365392
0.118935
0.000705155
0.924782
0.0589808
0.241926
22
0.00490716
0.0479127
0.247535
4
2.52246
0.343971
0.00802719
0.975992
0.0733737
0.270278
40
0.00978667
0.0362865
0.436214
8
0.936361
0.732636
0.00492908
0.916287
0.0330904
0.488558
82
0.00596813
0.0171106
0.442234
56
3.14125
0.0872201
0.00756405
0.926264
0.0712212
0.340365
47
0.00519205
0.0148207
0.37259
71
1.93891
0.513177
0.000310025
0.901165
0.0511483
0.101535
85
0.00992903
0.0402674
0.207173
80
3.57765
0.2715
0.00978
0.959756
0.0976664
0.39046
75
0.00762916
0.0402046
0.369519
3
1.52692
0.789176
0.00641683
0.927485
0.0610244
0.0470416
32
0.000637561
0.0310727
0.310767
80
0.379673
0.298656
0.00447659
0.98002
0.0705669
0.436622
64
0.00409782
0.0469636
0.00150092
51
0.949323
0.549011
0.00415324
0.907109
0.0782406
0.359886
23
0.00807401
0.010575
0.326133
37
2.43612
0.27059
0.00804199
0.935
0.0790107
0.247664
26
0.00939245
0.0307634
0.0430035
51
3.40943
0.324229
0.00425059
0.997176
0.041239
0.307433
60
0.000143869
0.0440522
0.194694
19
0.615939
0.378985
0.00325617
0.946434
0.00245527
0.0313959
89
0.00637087
0.0294313
0.101792
6
2.93063
0.0432301
0.00626833
0.99767
0.00623301
0.160722
21
0.00964642
0.0490776
0.42115
79
1.16249
0.511909
0.00546176
0.96781
0.0942169
0.417236
18
0.00967731
0.048965
0.128628
59
3.95289
0.665215
0.00310845
0.959821
0.00686565
0.244108
25
0.00132326
0.0182987
0.187589
88
1.13414
0.368471
0.00582924
0.921634
0.0132182
0.0711761
74
0.00879375
0.0107514
0.404099
81
3.75348
0.478622
0.000339924
0.984592
0.0666243
0.0946029
53
0.00537289
0.024949
0.456125
22
3.03713
0.799541
0.00556259
0.90775
0.0738334
0.0615179
70
0.00756273
0.0212323
0.0288875
29
0.291307
0.391383
0.00420079
0.949391
0.0220454
0.0294092
77
0.00838743
0.0125215
0.261073
50
3.87138
0.239773
0.0062517
0.922932
0.0626126
0.260554
89
0.00128649
0.0498321
0.231366
54
0.242445
0.534402
0.00441636
0.985662
0.0278412
0.481827
52
0.00275011
0.0350437
0.297767
72
3.63217
0.633777
0.0080816
0.962399
0.0181893
0.00501116
43
0.0014778
0.0303879
0.201313
32
1.13646
0.577319
0.00942823
0.991257
0.032986
0.234725
88
0.00891644
0.041226
0.228231
1
1.59301
0.0742806
0.00981684
0.975473
0.0134943
0.449592
33
0.0087374
0.0443464
0.46538
77
3.38593
0.455236
0.00430382
0.944501
0.0561883
0.00369229
75
0.0041672
0.0484532
0.14718
14
3.48503
0.55475
0.000964625
0.942508
0.0736405
0.0726835
38
0.00188374
0.0142177
0.00628445
44
1.69464
0.621438
0.00569789
0.943207
0.044441
0.458939
30
0.00506019
0.0268925
0.0990447
52
2.44421
0.2084
0.00437131
0.982324
0.0615224
0.133868
55
0.00226219
0.0442346
0.0589673
87
3.35468
0.149211
0.0024873
0.979608
0.0376332
0.31731
19
0.00540426
0.0100284
0.268223
43
3.97032
0.636876
0.00716926
0.987375
0.0432125
0.0964375
35
0.000427183
0.0363232
0.454684
99
2.92195
0.0914538
0.00827172
0.995672
0.0824672
0.490127
73
0.00320672
0.03137
0.315047
93
0.918272
0.0377565
0.00660596
0.91094
0.0110146
0.156443
11
0.00294416
0.0119415
0.0720005
2
2.63222
0.211884
0.00543453
0.919281
0.0127309
0.0907806
87
0.00564489
0.0477472
0.117634
10
0.286423
0.451999
0.00960417
0.944794
0.0463172
0.480048
28
0.00544106
0.0141551
0.0376832
54
0.421546
0.166827
0.00241182
0.979044
0.0487245
0.24015
91
0.00823189
0.0435893
0.225484
22
3.05555
0.441076
0.00294862
0.98056
0.0932501
0.493837
74
0.0056321
0.0135265
0.170081
93
2.18706
0.249166
0.00941689
0.967672
0.0257377
0.0149421
4
0.00912676
0.0195893
0.174001
60
1.3279
0.546546
0.00334925
0.917321
0.0722078
0.216614
88
0.00501883
0.0134158
0.119567
49
3.15944
0.456618
0.00565514
0.92684
0.0222814
0.0227183
99
0.000908637
0.0260995
0.464507
49
2.60066
0.326807
0.00995956
0.982836
0.0113875
0.255557
68
0.00739473
0.0325598
0.286637
27
0.261075
0.608757
0.00537523
0.911898
0.0534181
0.0332829
62
0.00452736
0.0324608
0.462618
63
1.00961
0.0457614
1.48425e-05
0.938411
0.0713804
0.263068
19
0.000682292
0.0127851
0.0392711
70
2.85544
0.776329
0.00696424
0.928281
0.0484049
0.233084
24
0.00354028
0.0202911
0.494925
26
0.363405
0.498357
0.00251327
0.95495
0.0682919
0.147416
98
0.00991136
0.0319001
0.0988571
26
0.331438
0.690445
0.00790541
0.92301
0.0377298
0.170309
67
0.00899959
0.0254598
0.20312
5
1.0671
0.65551
0.000206245
0.95723
0.092918
0.288759
22
0.000668192
0.0390251
0.0632815
77
1.56326
0.56375
0.00301159
0.988382
0.0816376
0.192223
38
0.00262188
0.0461917
0.135212
83
1.12597
0.400571
0.00888029
0.904289
0.0436053
0.232568
81
0.00483574
0.0323945
0.301479
19
1.45701
0.171162
0.00819697
0.990071
0.0695139
0.455734
42
0.00533025
0.0296056
0.350226
95
3.70225
0.647205
0.00173894
0.943908
0.052128
0.0382001
53
0.00234306
0.0232657
0.103975
29
3.83311
0.0237821
0.00552027
0.989049
0.0590446
0.297809
72
0.00849734
0.0275947
0.0851641
56
2.49056
0.0377402
0.00876057
0.978002
0.0567284
0.439638
50
0.00777255
0.03849
0.44601
43
3.37601
0.0276717
0.00833926
0.966137
0.00298639
0.363299
27
0.00713914
0.0156417
0.383333
64
3.73179
0.665987
0.00506267
0.921973
0.00965364
0.335863
34
0.00754201
0.0221291
0.373952
7
3.76116
0.128728
0.00856861
0.957188
0.0854692
0.395184
50
0.00666929
0.0335621
0.0667039
11
2.83087
0.175638
0.00868709
0.97185
0.0399331
0.441136
39
0.000719112
0.0461509
0.32154
96
3.27827
0.447608
0.000782131
0.985353
0.0761657
0.251001
38
0.00112511
0.0190363
0.256745
18
1.74831
0.790836
0.00300664
0.961188
0.0897681
0.112719
68
0.00360513
0.0347957
0.435698
61
3.53896
0.087708
0.00908374
0.940591
0.0814877
0.00599838
49
0.00735202
0.014732
0.466486
85
2.70853
0.00265936
0.00676223
0.919876
0.0103954
0.20505
1
0.0077074
0.0380188
0.1671
70
3.77881
0.644745
0.00230864
0.905214
0.0388345
0.303736
53
0.00921116
0.0441157
0.0881931
9
2.58341
0.212672
0.00754761
0.954611
0.0658696
0.284289
78
0.00391533
0.0123944
0.219936
22
3.22907
0.0195575
0.00458946
0.995409
0.0642738
0.0215532
43
0.00478742
0.0481222
0.44568
65
0.351939
0.557099
0.00397382
0.913556
0.0211248
0.0262756
20
0.00447403
0.0421504
0.181719
20
0.898842
0.495701
0.00723176
0.958842
0.0351499
0.269073
5
0.00221751
0.0319362
0.046572
90
1.38707
0.410352
0.00134324
0.977748
0.0427022
0.289115
51
0.00844202
0.0172913
0.463788
88
3.75146
0.351496
0.00947656
0.959069
0.0680186
0.325224
31
0.00457943
0.0277811
0.0898915
64
1.88304
0.218224
0.00460791
0.982989
0.0743133
0.0795408
87
0.00110527
0.0244734
0.309
54
0.172209
0.606369
0.00679102
0.978964
0.0987069
0.143375
92
0.00915952
0.0290093
0.328219
2
3.00487
0.768809
0.00137935
0.924956
0.0904944
0.173099
70
0.00834461
0.041094
0.473077
7
2.51196
0.0844593
0.00135232
0.968868
0.0021715
0.0629689
58
0.00434375
0.0211019
0.378876
71
0.874724
0.438332
0.00176182
0.905643
0.0240364
0.36177
59
0.00260567
0.047302
0.192986
31
3.79391
0.163474
0.00746492
0.936435
0.0651607
0.318564
17
0.00102496
0.011618
0.112375
94
1.65682
0.506545
0.00262646
0.963223
0.0656221
0.485827
15
0.0096221
0.011448
0.221995
41
0.922592
0.580208
0.00590001
0.952357
0.0801638
0.428133
45
0.00317404
0.0146653
0.120526
62
0.963934
0.39866
0.00564212
0.990584
0.00355991
0.299889
35
0.000273575
0.0221684
0.309283
84
1.0339
0.0217859
0.00265272
0.976545
0.0597028
0.222827
17
0.00448574
0.0359435
0.0948794
28
2.48585
0.220282
0.00315617
0.993001
0.0640828
0.412367
83
0.00130189
0.0287413
0.211941
44
3.89997
0.449007
0.00435181
0.931588
0.00526511
0.313275
48
0.00726833
0.0227817
0.385063
4
1.93289
0.144198
0.00955371
0.916108
0.0827294
0.191496
85
0.00819871
0.037855
0.0767261
85
2.2366
0.641355
0.00153327
0.993179
0.0718083
0.115467
91
0.00354948
0.0419107
0.42584
92
1.58811
0.360645
0.00571432
0.941717
0.0147512
0.0525373
68
0.00168593
0.0361987
0.491137
92
1.75519
0.0897126
0.00843714
0.950426
0.0506602
0.220511
90
0.00346533
0.0152851
0.443301
59
3.6
0.0752246
0.00927144
0.964023
0.0729399
0.410718
53
0.00831808
0.0396998
0.322506
47
1.0768
0.365763
0.00363622
0.997566
0.041549
0.130999
82
0.00865405
0.0213245
0.37933
52
2.96362
0.463539
0.00719749
0.961962
0.0806308
0.224707
93
0.00814806
0.0165177
0.177188
63
0.675651
0.616727
0.00813542
0.939224
0.0875136
0.360717
92
0.00327634
0.0268077
0.408908
58
0.513725
0.123501
0.00858576
0.907607
0.0241573
0.263006
50
0.0024855
0.0316688
0.00835302
3
1.4649
0.460294
0.00103346
0.93125
0.0150111
0.128622
65
0.00427772
0.0266293
0.000986756
76
2.18461
0.0581942
0.00734019
0.998614
0.0475609
0.0881301
94
0.000990462
0.0228113
0.380204
92
0.531073
0.425733
0.00189338
0.908875
0.0358541
0.0173242
30
0.00829644
0.0219312
0.487368
48
2.62228
0.147243
0.000808134
0.981379
0.0098508
0.182872
48
0.00399011
0.0337899
0.461586
88
2.78302
0.484946
0.0042196
0.900577
0.00770564
0.139829
75
0.00540809
0.0438648
0.0109217
74
1.66346
0.23483
0.00499468
0.942015
0.0769161
0.0596674
48
0.00488049
0.03887
0.439122
22
3.16657
0.494594
0.00172827
0.960839
0.0196095
0.0832296
66
0.00602019
0.0457852
0.291802
62
0.191417
0.593413
0.00751636
0.927733
0.0634441
0.0451005
69
0.0036673
0.0139767
0.154838
65
3.89386
0.689551
0.00915766
0.983444
0.0342383
0.447066
36
0.00700683
0.0230343
0.25877
40
2.12077
0.064901
0.00862747
0.920155
0.0456099
0.471555
48
0.00770287
0.048785
0.298443
77
1.30975
0.302892
0.000266485
0.956873
0.0872376
0.24648
13
0.0040526
0.0488662
0.224357
71
1.21357
0.0596459
0.00635204
0.96593
0.0973725
0.0825361
90
0.00629809
0.0142793
0.0604048
56
1.24759
0.714463
0.00937379
0.955162
0.0269822
0.497381
61
0.00104045
0.017036
0.0809878
8
1.46946
0.0829115
0.00355348
0.934276
0.0122843
0.401938
66
0.00981482
0.0177
0.121424
18
0.756949
0.125521
0.00904704
0.902479
0.0595517
0.100212
15
0.00237204
0.0417809
0.172985
31
3.69554
0.245944
0.00715387
0.946211
0.0403685
0.105706
31
0.00401304
0.0364885
0.237396
14
1.32106
0.659575
0.00303152
0.929792
0.0304027
0.177795
86
0.0094732
0.0281143
0.394218
25
2.01326
0.101851
0.00993862
0.948635
0.0252091
0.316044
28
0.00375034
0.0432573
0.498361
3
1.32988
0.012558
0.00781368
0.917632
0.0237814
0.129323
32
0.00605621
0.0264369
0.238851
78
2.46873
0.268508
0.000854073
0.914146
0.076546
0.210432
35
0.00222383
0.0260628
0.00985663
9
1.26913
0.435577
0.00613963
0.95851
0.0262998
0.264465
90
0.0081335
0.041611
0.311424
15
3.57244
0.502814
0.00348841
0.968423
0.0423604
0.444683
97
0.00804801
0.0364631
0.418727
9
0.789618
0.11318
0.0022142
0.986642
0.0116023
0.445508
65
0.0054474
0.0460145
0.0277381
79
3.96346
0.310808
0.00685068
0.90279
0.0292071
0.491569
41
0.00394748
0.0145863
0.195132
70
3.36616
0.604091
0.0043903
0.908203
0.0780557
0.342062
54
0.00334562
0.0204617
0.412873
11
1.51646
0.335875
0.000212304
0.986802
0.0141439
0.0407594
99
0.00672885
0.0439838
0.447977
35
3.61553
0.551729
0.00380857
0.966649
0.0947902
0.414605
16
0.00748284
0.0430681
0.280424
79
1.43335
0.600053
0.00159103
0.939665
0.00849949
0.329052
9
0.00199916
0.0445768
0.239425
33
2.9828
0.257974
0.00703741
0.915998
0.0828576
0.0790354
52
0.00934919
0.0121137
0.334916
96
2.38498
0.735892
0.00891939
0.957631
0.0838613
0.00185249
77
0.00507646
0.0299276
0.234486
27
3.6267
0.0962652
0.00306676
0.967999
0.0907114
0.0685091
37
0.00800104
0.0112754
0.205978
28
2.30892
0.328656
0.00899152
0.97714
0.0312567
0.245518
63
0.0051164
0.0117979
0.0155685
20
0.325189
0.786922
0.004062
0.957831
0.0593733
0.0394289
33
0.00687067
0.0281815
0.342206
6
1.16696
0.36025
0.0084865
0.974107
0.0536704
0.438437
49
0.000186106
0.0272068
0.429452
91
3.97976
0.0252138
0.00191332
0.962085
0.0337425
0.19322
29
0.000372691
0.0392797
0.353732
42
2.35644
0.140544
0.0037343
0.900307
0.000813311
0.400915
1
0.00011132
0.0318042
0.295832
45
3.93512
0.545646
0.00199205
0.932338
0.0361103
0.352066
83
0.00919224
0.0328495
0.242365
59
3.2642
0.035813
0.00830028
0.969892
0.0619417
0.430495
56
0.00674792
0.0236917
0.377616
53
1.38279
0.0701868
0.00855699
0.905749
0.0998595
0.226899
59
0.00063255
0.0381608
0.125045
48
3.84392
0.7758
0.00753765
0.95068
0.0772945
0.107964
81
0.00662916
0.0295472
0.0405398
72
1.44725
0.371792
8.19661e-05
0.918218
0.0689076
0.406198
79
0.00877228
0.0349406
0.18609
10
2.89035
0.159289
0.00794873
0.983885
0.00693941
0.225619
66
0.00384171
0.0373606
0.264353
36
2.19916
0.531058
0.00836571
0.975098
0.0557615
0.312788
37
0.00425194
0.0106957
0.251529
20
0.692409
0.42941
0.00662662
0.932571
0.06868
0.300835
34
0.00944693
0.0328841
0.0293758
90
1.1974
0.13166
0.00884026
0.964311
0.0870288
0.0168033
76
0.00182584
0.0223072
0.448703
73
3.09494
0.646463
0.000844575
0.980257
0.0798151
0.123212
27
0.00553213
0.0483797
0.180774
85
3.55974
0.750142
0.00810839
0.907513
0.0516075
0.161338
80
0.00841117
0.0191464
0.381102
83
3.02059
0.48824
0.00168877
0.994501
0.0546753
0.356929
65
0.00562159
0.026508
0.236258
74
0.833774
0.0398113
0.00465666
0.960118
0.0691787
0.440605
38
0.00526235
0.0425966
0.327519
9
3.25298
0.761287
0.00450535
0.944696
0.017751
0.365088
6
0.0012344
0.0247533
0.399862
46
3.1957
0.43301
0.00540542
0.969326
0.00195989
0.208054
58
0.00638789
0.0494617
0.014451
21
2.32328
0.387357
0.00361306
0.990839
0.0697857
0.409399
46
0.00959468
0.0217019
0.0744713
21
2.89831
0.303033
0.00799271
0.993318
0.0681054
0.319759
41
0.00715455
0.0176055
0.331659
15
1.80033
0.587504
0.00549866
0.996203
0.0406287
0.0377386
51
0.00145495
0.030531
0.178971
5
1.36319
0.286853
0.00327531
0.954658
0.0372798
0.170049
7
0.0026833
0.0150135
0.330146
97
1.18437
0.403294
0.000588387
0.901302
0.0365072
0.37215
63
0.00264795
0.0455298
0.444005
69
1.79436
0.427471
0.00483896
0.985833
0.00726968
0.368192
27
0.0046045
0.0188626
0.255285
75
3.60957
0.71814
0.0040872
0.933871
0.0437827
0.332617
47
0.00590562
0.0110431
0.355245
1
2.91308
0.7645
0.00953481
0.962813
0.0638295
0.411301
87
0.00388966
0.0410095
0.275245
38
2.79541
0.639433
0.00789126
0.984027
0.0384064
0.122328
51
0.00253454
0.0379527
0.313693
72
1.62753
0.261905
0.00164667
0.919678
0.0551198
0.339771
9
0.00278074
0.0449257
0.155306
65
0.892141
0.340362
0.00485828
0.971373
0.0921238
0.451687
10
0.00117705
0.0262861
0.116374
24
1.05389
0.357581
0.00707602
0.965353
0.00502367
0.362638
32
0.00695297
0.0354513
0.285065
28
0.467222
0.0543344
0.000633189
0.92579
0.00424103
0.46002
68
0.00949555
0.0179829
0.0714678
81
1.64732
0.261063
0.00658889
0.938068
0.0146059
0.265678
28
0.00547981
0.0129242
0.139981
42
2.47758
0.723693
0.00982112
0.961442
0.0795572
0.384703
46
0.00420495
0.0459789
0.0164489
92
0.572205
0.134581
0.00650462
0.969292
0.0045205
0.376861
95
0.00693614
0.0480576
0.360225
37
3.33854
0.180055
0.00423741
0.967417
0.0286217
0.304286
99
0.00963869
0.0495701
0.0204036
99
0.342813
0.782842
0.00839784
0.979349
0.0550055
0.235558
98
0.00639713
0.0161596
0.276491
24
1.95906
0.575892
0.00878563
0.960674
0.0654076
0.00228646
98
0.00206222
0.0381095
0.401147
2
1.29946
0.121989
0.00997146
0.937905
0.0878562
0.459705
62
0.00113751
0.045196
0.428272
64
1.37516
0.0824399
0.00644876
0.909492
0.0183469
0.421064
32
0.00499204
0.0484972
0.108027
57
1.87219
0.0118189
0.00642466
0.946572
0.00269692
0.283281
17
0.00497127
0.0411253
0.166053
34
2.07494
0.628651
0.00210689
0.931814
0.0154477
0.2425
25
0.00793132
0.0116809
0.422622
23
0.74702
0.747275
0.00989176
0.949937
0.0967723
0.343115
40
0.00462993
0.0426704
0.0506389
17
1.77139
0.705229
0.00395538
0.947751
0.0348762
0.448726
83
0.000120103
0.0479621
0.0531368
76
0.228269
0.225532
0.00060782
0.940353
0.0266377
0.389764
70
0.00925
0.0130487
0.441096
62
3.90762
0.706834
0.0059431
0.942612
0.061425
0.477467
5
0.00843091
0.0104993
0.129022
57
2.03093
0.0419877
0.000279646
0.976168
0.0189898
0.10968
8
0.000526699
0.0327045
0.36191
86
2.9675
0.0210969
0.00228124
0.938846
0.0903315
0.252906
52
0.00709722
0.019868
0.458624
31
3.28323
0.153226
0.00655638
0.919002
0.0978274
0.181727
34
0.00380217
0.0109159
0.391938
56
2.65301
0.496405
0.00886087
0.983357
0.00379815
0.121284
45
0.00778956
0.0206096
0.410364
12
0.161557
0.312606
0.00387792
0.986494
0.0420592
0.239829
87
0.00303072
0.0342462
0.0478212
14
1.60022
0.29153
0.00991962
0.936065
0.052331
0.0732953
64
0.00194695
0.0185659
0.288946
43
0.438153
0.678479
0.00962598
0.981163
0.0749613
0.227875
96
0.00795311
0.0321457
0.188828
20
0.77843
0.19441
0.00114199
0.978394
0.038653
0.349637
52
0.00623149
0.0225906
0.323301
95
0.496194
0.435811
0.00427052
0.953554
0.0919542
0.425565
78
0.00817773
0.01968
0.267611
48
2.50158
0.754446
0.0010235
0.953029
0.0915001
0.486402
88
0.00380786
0.0259849
0.212601
58
2.12405
0.298062
0.00842009
0.910661
0.0345374
0.176036
35
0.00305297
0.0334954
0.22279
36
1.39513
0.136382
0.00528753
0.940847
0.0469965
0.353741
14
0.00943888
0.0434081
0.488948
17
1.88533
0.31613
0.00824643
0.951262
0.0143932
0.208797
76
0.00229559
0.0252255
0.351216
17
1.18021
0.795067
0.0073497
0.977527
0.0746424
0.0208546
84
0.00238028
0.0383133
0.386578
25
0.448433
0.281918
0.00432549
0.962664
0.0273796
0.463217
43
0.00217686
0.0356145
0.226742
5
2.1613
0.793051
0.00881568
0.943601
0.0993326
0.185438
96
0.00134989
0.0197573
0.0951928
69
3.24902
0.543838
0.0064974
0.958689
0.0793595
0.499536
36
0.00749819
0.034042
0.0183725
33
1.49133
0.216312
0.00621759
0.914341
0.0253869
0.0647068
14
0.00952045
0.0144791
0.23328
97
0.842273
0.445021
0.00689622
0.994345
0.0133071
0.467282
73
0.00402667
0.0151775
0.246111
63
1.54108
0.50073
0.00984057
0.981594
0.0774674
0.398691
6
0.00784271
0.0419427
0.316758
73
1.78211
0.729948
0.00197692
0.94234
0.00870988
0.484854
18
0.00332092
0.0486106
0.122165
33
2.20777
0.110398
0.00324243
0.908955
0.00811095
0.33397
44
0.0061747
0.0352179
0.371098
28
2.4042
0.233753
0.00681238
0.937589
0.0340615
0.369352
6
0.00775261
0.0291788
0.0975833
13
3.18313
0.778131
3.13809e-05
0.908114
0.0604836
0.452639
20
0.00173147
0.0446999
0.0849697
16
2.66661
0.40439
0.00975493
0.920359
0.0162476
0.314566
83
0.00362934
0.0163766
0.4998
17
1.97921
0.394037
0.00924882
0.917064
0.0939345
0.364706
9
0.000506318
0.0279359
0.389342
37
3.94242
0.509792
0.00132044
0.937027
0.0559602
0.320383
81
0.00614916
0.0339444
0.299626
37
0.519097
0.549996
0.00269042
0.909577
0.0454393
0.286788
59
0.00178174
0.0220667
0.287258
73
2.98072
0.0781371
0.0060839
0.921237
0.0400681
0.162668
19
0.00884668
0.0313477
0.375354
73
1.99913
0.0944885
0.00860764
0.901635
0.0319564
0.183409
67
0.00575638
0.0131399
0.150748
7
2.641
0.00682961
0.00630523
0.954015
0.0965138
0.10673
13
0.00602922
0.0258041
0.407034
10
2.17114
0.465772
0.00778539
0.922735
0.0280187
0.159989
86
0.00325987
0.0399432
0.0198177
38
3.20827
0.161528
0.000926371
0.925451
0.00102892
0.476312
95
0.00569816
0.0360901
0.459396
81
0.848301
0.405463
0.00177776
0.906534
0.0949495
0.199299
71
0.00590048
0.0236584
0.171159
28
2.5767
0.594376
0.0028041
0.915784
0.0293359
0.443954
89
0.000235501
0.0154829
0.455523
18
0.373235
0.0690765
0.0033396
0.964428
0.0306522
0.0602911
11
0.00154812
0.0425043
0.370747
50
3.51989
0.0612087
0.00500832
0.937727
0.0209
0.301605
84
0.00570771
0.0283124
0.182988
66
0.164022
0.703437
0.00313777
0.948754
0.011236
0.277062
73
0.00201407
0.0286429
0.184632
51
3.49278
0.669322
0.00346217
0.996697
0.0527573
0.423461
25
0.000772896
0.0315321
0.142996
2
3.08807
0.374125
0.00401639
0.965617
0.0165129
0.0701315
17
0.00436455
0.038703
0.257881
20
1.56029
0.192502
0.00522902
0.913662
0.0586584
0.377685
9
0.0049432
0.0255272
0.393486
67
1.2581
0.0142451
0.00726066
0.935875
0.057427
0.223673
10
0.00582466
0.0134933
0.0628461
83
0.957886
0.137548
0.00491634
0.986074
0.0847556
0.39613
46
0.00609955
0.0383767
0.209882
6
0.487733
0.258654
0.00224825
0.948118
0.00794242
0.171798
4
0.00558407
0.0193586
0.153913
69
1.40168
0.755655
0.00619401
0.959562
0.0172377
0.46661
75
0.00890532
0.0109776
0.415708
90
2.37845
0.193249
0.00773902
0.967016
0.0971753
0.487431
33
0.00885526
0.0115888
0.0615552
66
1.91659
0.0499525
0.00931452
0.984465
0.0372623
0.178381
3
0.00703514
0.0486449
0.105984
16
3.30111
0.35066
0.00359284
0.992578
0.00153495
0.0677952
40
0.00708391
0.0101856
0.189809
58
0.449998
0.415565
0.00451439
0.918494
0.0751688
0.394488
73
0.00451221
0.0102636
0.402959
50
2.14486
0.0288265
0.00830896
0.945879
0.0407393
0.228139
60
0.000256709
0.0280283
0.450662
52
2.83688
0.0345384
0.0076656
0.965058
0.0526197
0.388528
39
0.0035157
0.0246418
0.176782
73
3.77096
0.71135
0.0084722
0.936815
0.0913644
0.496581
81
0.00412147
0.014559
0.160025
95
0.730624
0.466902
0.00242775
0.98722
0.034362
0.326719
43
0.00567138
0.0432953
0.263144
99
0.974488
0.725474
0.00508075
0.981357
0.0429889
0.324326
12
0.00783699
0.0448074
0.229974
63
2.0387
0.696208
0.00835698
0.922298
0.0941857
0.330666
70
0.00495331
0.0214686
0.220624
78
2.32796
0.204651
0.0012009
0.936311
0.075467
0.114257
76
0.00468131
0.0238406
0.347522
57
2.72008
0.729025
0.00638346
0.989345
0.00275058
0.118586
21
0.00407178
0.0414114
0.356184
46
0.311413
0.0567818
0.0074319
0.933134
0.0969263
0.322981
57
0.00756686
0.0213822
0.140468
92
2.31498
0.797854
0.00234117
0.902376
0.0610435
0.154636
12
0.0079978
0.0278408
0.127413
13
2.369
0.671195
0.00054611
0.905957
0.0882864
0.478884
16
0.00675857
0.0159719
0.230303
74
1.68918
0.408315
0.00287132
0.904491
0.0424675
0.12722
5
0.00973467
0.016797
0.0386875
69
3.10924
0.439135
0.00205811
0.993652
0.0639925
0.134482
7
0.00780552
0.0491505
0.440428
15
2.40027
0.00139673
0.00365732
0.931084
0.00918809
0.19623
82
0.00894896
0.0242222
0.349588
57
3.01259
0.0175645
0.00808951
0.927708
0.0156784
0.11748
26
0.00693076
0.0348221
0.40354
5
2.54066
0.114744
0.00413559
0.923167
0.0474305
0.215354
56
0.0041876
0.0445505
0.364183
40
2.02003
0.353998
0.00525631
0.910322
0.0957871
0.278616
6
0.0034202
0.0443131
0.145706
11
3.66782
0.333605
0.00248925
0.941385
0.0275253
0.21173
64
0.00162951
0.0203807
0.00352446
76
2.8642
0.126924
0.00760606
0.914477
0.0922706
0.424112
54
0.00143212
0.0171994
0.191854
46
2.13715
0.573
0.00256249
0.95607
0.0496679
0.0501775
27
0.000567745
0.040126
0.235678
45
1.11873
0.467753
0.00978776
0.915483
0.0962248
0.0957823
23
0.00184413
0.0424658
0.387019
75
1.27681
0.349193
0.00412383
0.988624
0.0197774
0.0852427
23
0.00931981
0.0160237
0.196127
96
1.50042
0.523634
0.00617573
0.971177
0.0245011
0.435406
8
0.00387893
0.0271343
0.0426698
59
1.58135
0.0154491
0.00139609
0.913433
0.0464835
0.49541
92
0.0070131
0.0162763
0.0343987
60
2.11511
0.431376
0.00400435
0.951527
0.0822074
0.450954
46
0.000741995
0.0153817
0.14834
80
0.823305
0.727946
0.00203945
0.992016
0.0762908
0.069445
40
0.00683724
0.0103229
0.260856
12
3.46401
0.589854
0.00576976
0.965972
0.0648046
0.236091
32
0.00522232
0.0243383
0.482527
22
1.71789
0.364012
0.00155921
0.904589
0.0408907
0.302344
3
0.00621596
0.031746
0.40095
83
3.33562
0.501562
0.0020153
0.933462
0.0379958
0.158414
91
0.000943069
0.0472447
0.0869242
93
1.85503
0.282545
0.00850201
0.963414
0.0502041
0.0936615
35
0.00160003
0.0129643
0.087054
15
2.07842
0.18749
0.00522432
0.95431
0.0513022
0.141668
19
0.00619643
0.0350355
0.324116
75
2.09929
0.713629
0.00628899
0.932167
0.0390472
0.489333
94
0.00632016
0.033913
0.250471
30
3.44374
0.699507
0.00970326
0.982645
0.049493
0.186609
42
0.005592
0.0376457
0.137926
43
2.06185
0.384001
0.00916745
0.918042
0.023063
0.419905
7
0.00730851
0.0101563
0.22361
77
1.23944
0.20232
0.00892751
0.967232
0.0937337
0.153669
96
0.000822961
0.0466114
0.336782
52
3.86433
0.3952
0.000302078
0.921001
0.0676023
0.39307
97
0.00552236
0.0238232
0.332054
15
1.86798
0.688043
0.0095884
0.916672
0.0988086
0.168136
88
0.00357172
0.0224906
0.159585
88
1.42701
0.00538193
0.00935254
0.926678
0.0841799
0.483677
19
0.000601312
0.0215988
0.16384
71
3.31636
0.101473
0.00865091
0.940047
0.0363188
0.000193005
71
0.00170435
0.0248645
0.302128
32
0.212085
0.265439
0.00608991
0.912862
0.0267344
0.433268
71
0.00455809
0.0370946
0.0331909
97
3.12437
0.388244
0.0018637
0.920772
0.0490491
0.0181357
69
0.00989819
0.0493155
0.104398
82
3.06606
0.243343
0.00486933
0.986284
0.0366925
0.453037
86
0.00133141
0.0301471
0.306502
78
1.71397
0.1722
0.00633829
0.947218
0.0288844
0.00722619
31
0.00729751
0.0395765
0.303257
74
3.3233
0.346832
0.0051296
0.961171
0.0100599
0.498685
45
0.00724155
0.0398403
0.352129
81
2.67945
0.355855
0.00490367
0.912608
0.0207624
0.0913326
8
0.00871465
0.028575
0.460189
41
2.87089
0.371319
0.00691589
0.935527
0.0876974
0.0872019
94
0.00342949
0.0136621
0.270035
87
1.74275
0.751342
0.00384645
0.911297
0.0485883
0.413565
78
0.00997334
0.0175427
0.318306
55
0.605036
0.562753
0.00235588
0.932709
0.0628603
0.347073
22
0.00742437
0.0206833
0.29248
84
3.2001
0.642958
0.000443422
0.965178
0.0325818
0.358139
88
0.00653083
0.0420774
0.0305879
100
3.71404
0.568946
0.00145144
0.906805
0.0699296
0.189954
23
0.00259225
0.0392819
0.469219
8
3.27266
0.573828
0.00211634
0.92884
0.00471519
0.0998596
50
0.00077712
0.0256335
0.190174
78
0.984234
0.428735
0.00503315
0.912268
0.0994513
0.0131815
80
0.0020879
0.0431457
0.390423
86
1.82295
0.637011
0.00403324
0.976387
0.0951946
0.415046
33
0.00275853
0.0400537
0.485212
50
1.103
0.619255
0.0088902
0.92474
0.0517032
0.00834604
55
0.00737368
0.0394519
0.0900258
45
2.69143
0.686094
0.00344427
0.958167
0.0944086
0.0863067
98
0.00656977
0.0434667
0.437657
90
2.75274
0.443056
0.000679441
0.924228
0.0582715
0.473816
3
0.00548934
0.0332895
0.30488
39
3.4176
0.10791
0.00129838
0.902653
0.0397966
0.310611
22
0.00161217
0.0354093
0.232288
62
3.87703
0.679091
0.00296736
0.984285
0.0710007
0.203031
52
0.00743661
0.0391596
0.269672
38
2.60449
0.650989
0.00264028
0.908612
0.0959925
0.348863
79
0.00245952
0.0428176
0.434762
16
3.74187
0.318376
0.00721928
0.974815
0.0295753
0.422099
16
0.00347774
0.0377014
0.0172894
21
2.28388
0.339226
0.00730384
0.970885
0.0186229
0.387603
25
0.00987662
0.0497465
0.0753728
49
2.58899
0.787365
0.000477935
0.930748
0.0630944
0.111111
93
0.00535011
0.0452371
0.20439
32
2.68036
0.423084
0.00591599
0.93944
0.0767027
0.103809
39
0.00492412
0.0326216
0.414445
45
1.22718
0.69511
0.000520467
0.904776
0.0433011
0.165077
39
0.000405984
0.0262366
0.161176
36
3.80975
0.694096
0.000743255
0.997271
0.0535054
0.311329
87
0.00108702
0.0253826
0.169389
58
0.297277
0.743363
0.00536397
0.955251
0.0668216
0.117031
54
0.00280767
0.033663
0.333273
30
0.205487
0.461794
0.00695079
0.911657
0.07911
0.308948
19
0.00530093
0.0351651
0.468037
5
1.64253
0.248223
0.00165546
0.941837
0.03076
0.157474
3
0.00819516
0.0266591
0.054214
77
0.481444
0.67245
0.000408536
0.970447
0.00654056
0.0811225
15
0.00296763
0.0384243
0.282926
49
3.06556
0.150914
0.00088128
0.985227
0.0620381
0.305931
43
0.00955331
0.0231309
0.210295
40
2.71301
0.582009
0.00532812
0.91877
0.0926348
0.142862
56
0.00791222
0.0305823
0.481959
94
2.77143
0.0762464
0.0018697
0.9527
0.0139198
0.0321615
20
0.00531108
0.0175015
0.208167
74
2.42862
0.33711
0.00538804
0.976742
0.00314643
0.437224
65
0.00045906
0.0168443
0.146187
99
2.77564
0.116561
0.00379084
0.951685
0.0445121
0.268404
70
0.00680534
0.0111262
0.200135
54
2.76329
0.294983
0.00603601
0.996375
0.0980271
0.0102295
78
0.0020367
0.0331118
0.476757
85
2.73543
0.375928
0.00967019
0.993781
0.0332933
0.402793
89
0.0041523
0.0372079
0.244428
67
3.39727
0.515989
0.00289517
0.949061
0.067209
0.21899
75
0.00241875
0.011435
0.0113987
98
2.24348
0.221634
0.00744332
0.911836
0.0232273
0.135443
41
0.00904194
0.0256855
0.109542
27
1.10768
0.681428
0.00498243
0.935649
0.0741183
0.0471205
51
0.00307153
0.0187586
0.0709354
66
3.11582
0.169921
0.00759879
0.933599
0.0194045
0.0760061
64
0.00647828
0.0309274
0.057029
36
0.80723
0.780874
0.00656391
0.966369
0.0151454
0.426623
72
0.00577113
0.0429076
0.123972
65
3.48011
0.396841
0.000113774
0.99886
0.0916637
0.258376
62
0.00376892
0.0458575
0.395435
36
1.2859
0.408884
0.00878116
0.994987
0.0500052
0.0663379
42
0.0085221
0.0353333
0.213282
23
3.43116
0.185999
0.000174778
0.989776
0.0866614
0.0483275
15
0.00908259
0.0462878
0.0647461
94
1.73017
0.176882
0.00706254
0.963831
0.0842371
0.206114
96
0.00857795
0.0465
0.362063
41
3.1035
0.560172
0.00597526
0.92242
0.0578814
0.373302
77
0.00829898
0.0271151
0.283352
35
1.54639
0.485323
0.00624349
0.975708
0.0984896
0.282708
10
0.000808302
0.0415389
0.13397
88
0.784186
0.598104
0.00677794
0.903394
0.0844795
0.0349881
94
0.00290256
0.0157772
0.477777
25
0.182193
0.710222
0.00391129
0.929659
0.0887446
0.0191538
53
0.000177807
0.0436534
0.359404
69
1.76323
0.450273
0.00257304
0.994156
0.0204346
0.306694
29
0.0046565
0.0119175
0.345982
21
3.994
0.607671
0.00797239
0.99797
0.0439679
0.248081
100
0.00515302
0.0285352
0.24509
67
3.50654
0.174592
0.0033877
0.972839
0.0478863
0.34611
12
0.00847148
0.0469075
0.471465
98
1.44308
0.236047
0.00463399
0.929151
0.00331993
0.337138
98
0.00410352
0.0344266
0.0416092
32
1.83807
0.362705
0.00787155
0.975401
0.0283481
0.344067
22
0.00661349
0.0161806
0.438732
91
3.08131
0.382033
0.00775905
0.925711
0.00046396
0.209429
97
0.00086601
0.0210337
0.0245219
47
2.04372
0.701007
0.000457181
0.973832
0.00735246
0.125849
29
0.00300684
0.0207913
0.158719
81
3.8578
0.779256
0.0015167
0.953388
0.0974815
0.351209
82
0.00718699
0.0233676
0.290234
95
1.73745
0.620337
0.0018042
0.919565
0.0809234
0.0763043
99
0.00369027
0.0327424
0.0961167
96
0.463919
0.214699
0.00516034
0.986929
0.0811956
0.167553
41
0.00244293
0.0182216
0.193362
35
1.04496
0.155359
0.00845291
0.930164
0.016411
0.0807823
25
0.00139473
0.0298489
0.486924
14
3.42471
0.537673
0.00342607
0.984808
0.0623758
0.266573
67
0.00836819
0.0276582
0.296403
62
1.21016
0.419943
0.00986486
0.900791
0.0457097
0.231642
43
0.00523402
0.0233168
0.433921
25
1.4163
0.683242
0.0016268
0.995887
0.0233684
0.261435
40
0.00138236
0.036827
0.312534
82
2.28689
0.23806
0.00214626
0.93415
0.0124632
0.015381
2
0.00725349
0.0387765
0.0924467
53
2.66127
0.189077
0.00445805
0.931316
0.0460824
0.375185
18
0.00759544
0.0499366
0.49564
82
3.4001
0.196523
0.00932854
0.964717
0.016939
0.273726
55
0.000538318
0.0186941
0.241145
12
1.02621
0.289467
0.00353258
0.908343
0.0272579
0.0238065
2
0.0038541
0.0482343
0.293576
53
2.34583
0.307381
0.00454962
0.927285
0.0176371
0.102949
85
0.00440272
0.0283954
0.36328
6
3.67161
0.242181
0.00727674
0.943468
0.0120409
0.494778
20
0.00585269
0.029717
0.164146
23
1.20127
0.739005
0.00900392
0.974853
0.0531626
0.380291
47
0.000436938
0.0358672
0.294946
61
3.13443
0.0719467
0.00558703
0.988752
0.028786
0.257996
56
0.00689771
0.0408672
0.11471
61
3.46781
0.627271
0.00271165
0.939874
0.0832231
0.385858
27
0.00650824
0.0468778
0.478297
49
2.54522
0.19764
0.00600677
0.928515
0.0723521
0.397589
12
0.00854925
0.0193605
0.0499445
44
0.799821
0.533029
0.00999173
