0.819226
0.0663982
0.237364
28
0.00923884
0.0405921
0.244623
47
2.93971
0.260353
0.00554767
0.828569
0.168271
0.286319
23
0.00738758
0.0727361
0.0692332
82
0.834539
0.365118
0.00745517
0.838785
0.0344348
0.070364
52
0.00130934
0.0218582
0.386251
55
1.88841
0.0158204
0.00815117
0.931816
0.042507
0.459705
80
0.00142989
0.0713067
0.310387
24
1.73811
0.563861
0.00897801
0.825666
0.194188
0.00903801
3
0.00596888
0.0806559
0.00576806
39
3.64014
0.356429
0.0095918
0.779434
0.067879
0.433889
35
0.00272448
0.0847911
0.266873
6
3.35148
0.113524
0.00423344
0.868709
0.133127
0.418669
84
0.00778571
0.0480399
0.179087
80
1.16704
0.765169
0.00622914
0.776358
0.0559227
0.124264
71
0.00725731
0.0762234
0.322502
29
2.77899
0.333031
0.00686194
0.707952
0.0655484
0.414605
15
0.00832028
0.0754477
0.239592
13
2.30042
0.758639
0.00144211
0.76877
0.0916806
0.435551
39
0.0028165
0.028951
0.0354172
83
0.331084
0.141497
0.00582932
0.717338
0.153892
0.0801739
72
0.00539382
0.044393
0.437958
83
3.85118
0.541934
0.00264391
0.831108
0.0115567
0.267566
28
0.00139783
0.0852448
0.28578
9
1.25501
0.131404
0.00107156
0.799004
0.0555021
0.245449
37
0.0019317
0.0652124
0.320858
29
2.68418
0.0764233
0.00270774
0.919139
0.151884
0.340347
99
0.00402346
0.0744186
0.302147
7
3.45634
0.708293
0.0095149
0.757166
0.160139
0.168706
46
0.00335443
0.0451118
0.432106
66
2.5211
0.0706274
0.0046109
0.772454
0.0150189
0.0551123
70
0.00367177
0.0278809
0.0661345
95
2.70752
0.167474
0.00763552
0.800029
0.0363918
0.0124123
65
0.000168953
0.037395
0.404336
78
1.46626
0.713675
0.000191479
0.814142
0.0227252
0.18262
66
0.00834484
0.0583221
0.383025
46
3.12316
0.625272
0.00247974
0.738987
0.0645804
0.498486
71
0.00805069
0.0134139
0.134767
74
1.22
0.295558
0.000116369
0.796264
0.125602
0.0684204
90
0.00966053
0.0117219
0.421219
14
2.21154
0.631183
0.00256871
0.73105
0.0948471
0.333115
76
0.00227524
0.0474973
0.0952492
30
2.16404
0.432737
0.00500149
0.818362
0.0841961
0.27916
75
0.00421228
0.0244569
0.231069
75
2.12883
0.0653956
0.00281864
0.821971
0.149828
0.36525
17
0.00311348
0.0951556
0.248847
3
0.409897
0.169956
0.00621581
0.979774
0.0714209
0.108927
48
0.0015466
0.0963352
0.270603
28
3.53745
0.687527
0.00593724
0.807065
0.0468912
0.400972
7
0.00571011
0.0787927
0.33842
13
3.94976
0.182064
0.00864381
0.812842
0.140986
0.359594
14
0.00903076
0.0638877
0.0324176
93
1.71944
0.637842
0.00826148
0.701572
0.187073
0.3496
30
0.00767283
0.0586535
0.24128
30
3.24309
0.62773
0.00348132
0.847261
0.0903165
0.243248
32
0.00712455
0.0175295
0.272129
84
2.03922
0.681895
0.00930989
0.912248
0.0447023
0.256855
8
0.0089394
0.0468993
0.454582
23
0.563665
0.273772
0.00309503
0.939729
0.0237299
0.107177
87
0.00373505
0.0907646
0.358338
38
0.282654
0.689003
0.00725954
0.729882
0.00567
0.0914577
14
0.00948792
0.0275809
0.423156
80
3.59799
0.632603
0.0095796
0.744493
0.107106
0.480737
33
0.00823183
0.0758756
0.215692
67
3.2113
0.519952
0.00834854
0.779691
0.181684
0.375526
16
0.00134412
0.0652679
0.422169
21
1.87408
0.281014
0.00489165
0.860657
0.0323096
0.157194
62
0.00136325
0.0386991
0.318141
39
1.61817
0.64522
0.0078347
0.960854
0.145576
0.442468
15
0.00940914
0.0492025
0.0405795
88
1.09157
0.300366
0.00739808
0.89732
0.176264
0.382185
5
0.00681184
0.0474178
0.0311144
57
1.55197
0.612474
0.00453906
0.933109
0.0942142
0.0961243
93
0.00376441
0.024736
0.100638
43
1.0228
0.744882
0.00246685
0.715548
0.0831325
0.366373
92
0.00736091
0.0842513
0.204459
70
2.03429
0.272406
0.00387188
0.965458
0.0410029
0.491632
82
0.00425655
0.0253145
0.258272
82
3.98207
0.173636
0.00162036
0.936509
0.1529
0.478078
14
0.00224252
0.0852097
0.320283
53
3.00054
0.706625
0.00369824
0.900328
0.165592
0.306921
2
0.00975158
0.0177611
0.22984
54
2.161
0.392807
0.00921511
0.975773
0.181855
0.0979815
56
0.00906776
0.0564944
0.201007
66
3.84006
0.670055
0.00396342
0.719481
0.158645
0.261394
37
0.00332625
0.0714756
0.120597
59
0.438367
0.0806048
0.00451222
0.986915
0.0302491
0.00307157
67
0.00221064
0.0679378
0.064333
79
0.93529
0.449937
0.00238782
0.901092
0.137041
0.407662
56
0.0034725
0.0327078
0.472185
8
3.33238
0.584979
0.00354085
0.827361
0.121667
0.0450924
77
0.00614168
0.0204929
0.0593548
27
2.58807
0.12903
0.00860849
0.774915
0.0384192
0.109871
39
0.00534096
0.0822624
0.114236
74
3.25012
0.072633
0.00929352
0.726137
0.163979
0.190312
24
0.00448275
0.0562377
0.0188185
50
0.962439
0.507407
0.00872168
0.925614
0.136105
0.0476216
45
0.00462213
0.0634456
0.403827
67
1.79096
0.692479
0.00156245
0.802966
0.0926617
0.111533
13
0.0035384
0.0824207
0.225734
49
0.655545
0.00901648
0.00392389
0.797369
0.0952675
0.237626
15
0.00419678
0.0710368
0.0039996
58
2.78379
0.349769
0.00180267
0.943487
0.0378341
0.404275
23
0.00632919
0.0139752
0.473919
90
3.54946
0.0816773
0.00592192
0.90369
0.16323
0.354339
79
0.00704745
0.0925708
0.0330834
26
2.38599
0.147109
0.00620176
0.72429
0.0486185
0.112952
27
0.00664053
0.0667556
0.077305
43
2.88181
0.47768
0.000595562
0.728804
0.0962962
0.484635
63
0.0072728
0.0917625
0.260472
23
0.27232
0.247339
0.00213368
0.990742
0.197991
0.263099
2
0.00303501
0.0101834
0.272502
34
2.35007
0.286238
0.0049499
0.992411
0.171172
0.427208
35
0.00577197
0.0332578
0.0865359
37
0.763007
0.330115
0.00564
0.776801
0.0848144
0.344746
85
0.0051097
0.053363
0.462042
46
2.42162
0.796931
0.00494443
0.84964
0.0212284
0.465482
16
0.00915119
0.0115721
0.0611916
19
0.213355
0.181208
0.00434397
0.910838
0.0263823
0.200663
36
0.00481009
0.0186994
0.487163
53
0.973563
0.544412
0.00803089
0.985697
0.095993
0.418057
74
0.0080039
0.0450608
0.329676
75
3.23234
0.692955
0.00242297
0.861556
0.0840167
0.0843826
24
0.00867679
0.0868819
0.430603
88
3.56892
0.729765
0.0039737
0.935287
0.114833
0.184428
61
0.00317046
0.0410741
0.221873
22
3.63415
0.0899686
0.00652133
0.781108
0.0796486
0.302579
82
0.00859152
0.0915695
0.258926
13
1.24503
0.211398
0.00640664
0.994734
0.10152
0.0607635
75
0.0092587
0.0297485
0.262448
31
1.34939
0.0755722
0.0020032
0.900607
0.0647353
0.13272
68
0.0027091
0.072459
0.229119
98
0.92307
0.518593
0.00410515
0.947029
0.0579534
0.193199
91
0.00561688
0.0426889
0.188932
48
2.33005
0.732702
0.00134171
0.721683
0.175798
0.259213
69
0.00345477
0.0379073
0.00821214
64
1.92566
0.535327
0.00365717
0.752551
0.129047
0.441868
61
0.0088372
0.0577311
0.00353304
70
2.44279
0.717381
0.00706167
0.916027
0.0818255
0.186703
74
0.00882713
0.0509048
0.395541
32
2.32027
0.150434
0.00220658
0.87533
0.132188
0.241227
11
0.00478606
0.013903
0.155234
20
1.01875
0.0243898
0.00128407
0.918562
0.0970234
0.261628
12
0.00860052
0.0148398
0.136353
28
0.743003
0.33919
0.00635082
0.89543
0.0661967
0.241548
34
0.00794332
0.0877603
0.118387
86
2.18967
0.110892
0.00518188
0.927641
0.0155391
0.446339
7
0.00113531
0.0182636
0.0413572
66
0.686877
0.461552
0.00984209
0.907999
0.109206
0.28845
55
0.00978933
0.0135555
0.157667
93
1.20507
0.694623
0.00780096
0.804952
0.177083
0.034206
77
0.00188769
0.025285
0.0213116
58
1.58356
0.10606
0.00767141
0.768166
0.190565
0.360428
11
0.000977472
0.0778232
0.00156107
9
0.444428
0.516172
0.00854283
0.952578
0.127904
0.349283
82
0.00543305
0.0891114
0.223359
69
3.77634
0.495391
0.007161
0.794533
0.144196
0.292452
5
0.00515145
0.0610101
0.41046
4
2.01977
0.247001
0.0012683
0.746402
0.131205
0.0074923
28
0.0068669
0.0437954
0.156434
52
0.944218
0.416599
0.0091238
0.771089
0.195409
0.0466059
84
0.00776479
0.0728911
0.388759
22
3.90889
0.530629
0.00988439
0.858532
0.0466202
0.468071
94
0.00807964
0.0344678
0.234399
56
0.901153
0.502662
0.00727449
0.901614
0.147144
0.330442
39
0.00161062
0.0397238
0.134732
43
3.77407
0.0675034
0.00530885
0.932086
0.161322
0.274318
65
0.00502256
0.0661767
0.0346454
36
2.40283
0.591922
0.000176231
0.746033
0.0725246
0.108207
26
0.00497337
0.0786727
0.0390756
86
3.09879
0.203983
0.00473064
0.834131
0.0511107
0.317993
87
0.009191
0.0324723
0.327772
13
2.96495
0.156902
0.00634036
0.732315
0.159362
0.468045
46
0.00677509
0.0211649
0.108163
57
0.88318
0.77604
0.00994908
0.76267
0.0334341
0.455317
47
0.00137697
0.0911126
0.286707
28
3.27606
0.431907
0.00894581
0.874645
0.0308246
0.174037
73
0.00466572
0.0636638
0.293109
85
1.50195
0.158628
0.0098723
0.787623
0.0622607
0.0100683
50
0.0060012
0.0926732
0.113323
63
0.861249
0.200855
0.00468217
0.744126
0.0490012
0.178113
70
0.00445547
0.0571516
0.277218
4
0.625435
0.196041
0.00713368
0.863765
0.0278893
0.100739
49
0.00285389
0.0863519
0.0726644
62
3.96848
0.719111
0.000430179
0.9055
0.117758
0.456399
60
0.00481903
0.0805522
0.458585
9
0.839014
0.793482
0.00164826
0.70363
0.00372618
0.0795414
34
0.00620289
0.0759503
0.426481
5
3.29844
0.373954
0.00100696
0.755072
0.0640784
0.324585
32
0.00964169
0.0143297
0.0103146
51
1.41344
0.170466
0.0076578
0.749077
0.188343
0.180197
38
0.00416949
0.0881455
0.23761
69
0.193616
0.593177
0.00792319
0.778548
0.168682
0.356673
85
0.00745116
0.0503561
0.176016
73
3.56265
0.760457
0.00656297
0.857846
0.0936762
0.44338
10
0.00554948
0.0982221
0.434734
83
2.98686
0.75843
0.00768842
0.841452
0.166068
0.026444
89
0.00608305
0.0307895
0.476686
36
2.37427
0.34872
0.00205669
0.791235
0.103167
0.304029
49
0.00637795
0.083875
0.052854
46
0.30612
0.685723
0.0038408
0.781508
0.0141772
0.154071
12
0.00450822
0.0530034
0.0252622
99
1.43482
0.794656
0.00844369
0.966613
0.0404247
0.121301
6
0.00918511
0.0329628
0.0799055
41
2.69814
0.665231
0.00676835
0.956192
0.166869
0.481645
36
0.00514851
0.0455363
0.0927943
58
0.698405
0.259525
0.00202326
0.92419
0.178175
0.312807
97
0.00264233
0.0420076
0.0488633
86
2.83721
0.116204
0.0039903
0.71123
0.0218945
0.469753
65
0.00644579
0.081972
0.304141
89
2.99428
0.352822
0.00665502
0.871789
0.0826866
0.00223818
3
0.00177623
0.051273
0.214748
52
2.65163
0.0922184
0.0014189
0.980128
0.157272
0.391072
5
0.00298871
0.0439413
0.400774
47
0.17535
0.457979
0.0097532
0.92201
0.154748
0.0143917
45
0.00821111
0.0614165
0.0588428
73
2.07357
0.723213
0.00534942
0.830081
0.172878
0.14836
56
0.00853993
0.0415663
0.351612
7
2.45604
0.123185
0.00381588
0.759763
0.105472
0.199166
10
0.00627944
0.0236238
0.318509
17
1.81496
0.572968
0.00158139
0.879956
0.00483151
0.267264
10
0.00531467
0.0800077
0.1434
6
2.26814
0.368283
0.00456954
0.85238
0.0392268
0.454088
41
0.00649394
0.0211543
0.24961
29
2.39353
0.269132
0.00375642
0.743331
0.118684
0.172902
61
0.00455152
0.0230756
0.0874798
79
1.96151
0.296659
0.00401853
0.790787
0.0229634
0.497786
76
0.00697661
0.0938167
0.194232
17
0.600211
0.250302
0.00801213
0.791954
0.133501
0.243813
85
0.00952736
0.0556826
0.468529
1
0.578356
0.697225
0.00813787
0.912857
0.154313
0.196808
69
0.00758428
0.0681431
0.236762
4
1.13622
0.365648
0.00687533
0.869447
0.0602116
0.32927
64
0.00626307
0.0315087
0.420067
85
1.12705
0.0468922
0.00464201
0.95425
0.0250072
0.216521
21
0.00655778
0.0706404
0.0601797
20
3.98797
0.676141
0.00808746
0.922639
0.164668
0.1593
96
0.00689741
0.060208
0.0368534
76
3.44225
0.0410705
0.00595883
0.983927
0.12864
0.410042
40
0.00891646
0.0669652
0.0165656
71
0.512117
0.293216
0.00454668
0.728199
0.120657
0.119369
4
0.00289684
0.014629
0.130232
49
1.08954
0.107344
0.00320632
0.758097
0.17653
0.0731207
68
0.00932665
0.0239843
0.218506
44
3.11012
0.0380311
0.00333826
0.748498
0.106748
0.0611276
67
0.00981378
0.0547888
0.0565017
36
1.77503
0.22169
0.00552413
0.731913
0.0331081
0.0195618
29
0.00564479
0.0463132
0.471508
7
3.68024
0.725213
0.000514033
0.963386
0.0257266
0.428456
82
0.00581201
0.0309048
0.153393
96
2.4639
0.0300025
0.00526707
0.997414
0.130885
0.0297441
79
0.0094823
0.0356877
0.482754
65
2.28922
0.125832
0.00340178
0.810956
0.184342
0.203287
18
0.00771628
0.0358329
0.074559
52
3.95639
0.109008
0.0063715
0.771306
0.0867165
0.296495
25
0.00350156
0.0886274
0.0432509
71
2.08213
0.264545
0.000616616
0.867299
0.0139171
0.206719
82
0.00536702
0.0345601
0.0531975
50
1.36012
0.102601
0.00875123
0.88881
0.0165609
0.0743705
36
0.00413199
0.0392902
0.210258
16
2.4556
0.714823
0.00648987
0.768485
0.0147376
0.48605
94
0.00755193
0.0738765
0.206821
94
3.22258
0.752659
0.0038919
0.777634
0.129987
0.257622
63
0.00763276
0.058056
0.274921
50
1.86597
0.206545
0.00733304
0.859861
0.0196446
0.465044
77
0.0034114
0.0441751
0.26345
24
1.25998
0.589257
0.000889539
0.973522
0.115427
0.470147
9
0.00308816
0.0898635
0.00928929
55
1.55892
0.254652
0.00147751
0.820658
0.110139
0.111857
15
0.00811962
0.0312225
0.167844
38
0.507414
0.72445
0.0016019
0.988648
0.0073331
0.436135
45
0.0074357
0.0936992
0.448695
75
3.17866
0.763191
0.00150486
0.856298
0.153366
0.0619515
18
0.00057838
0.0208532
0.342857
84
3.14799
0.256097
0.00193443
0.745117
0.0715821
0.352335
17
0.00886536
0.0845374
0.441647
61
3.31898
0.409514
0.00891119
0.917666
0.134769
0.291287
66
0.00257258
0.0131358
0.413245
10
0.869348
0.691201
0.00352381
0.917933
0.0222988
0.310775
41
0.00439907
0.0150277
0.131093
18
0.168513
0.576346
0.00234858
0.8308
0.0280679
0.136321
80
0.00545623
0.064942
0.275606
80
1.29944
0.778765
0.00571749
0.808587
0.178834
0.141126
97
0.0086421
0.040083
0.444712
55
2.60609
0.293639
0.0057508
0.727622
0.100316
0.270389
58
0.0083087
0.0449048
0.337213
11
3.03578
0.661469
0.000282859
0.950383
0.197164
0.492543
11
0.00268676
0.0540271
0.242242
62
2.20697
0.317009
0.00736725
0.706723
0.0493079
0.434833
76
0.00590102
0.0990341
0.163169
81
0.37167
0.363392
0.00123114
0.806996
0.180914
0.0306908
45
0.00790412
0.0685069
0.308463
41
2.96682
0.566871
0.000267851
0.870991
0.155268
0.21448
87
0.00101298
0.0886937
0.355915
31
2.31595
0.486903
0.000726974
0.925115
0.189204
0.278399
43
0.0025772
0.0996034
0.142161
68
0.313543
0.445366
0.00613734
0.978177
0.085671
0.482565
9
0.00476575
0.0418385
0.29901
26
0.801827
0.455265
0.00607775
0.801784
0.123229
0.253849
84
0.000702263
0.0523056
0.0879517
79
1.81972
0.340713
0.00787927
0.706523
0.0605025
0.116619
57
0.0084917
0.0690651
0.195865
5
1.6524
0.0180808
0.00817514
0.967282
0.152567
0.0159687
17
0.00520527
0.0718634
0.310057
49
0.890813
0.396843
0.0068403
0.881897
0.102353
0.0389194
16
0.000279164
0.0220034
0.377949
97
3.70379
0.0363703
0.00870929
0.991752
0.058578
0.134623
96
0.0029181
0.0903146
0.111221
51
0.204681
0.233543
0.00407388
0.876013
0.149045
0.171408
21
0.00810262
0.0171277
0.284859
32
0.648291
0.331312
0.0052643
0.850312
0.162411
0.301928
38
0.00504898
0.0748045
0.017032
16
2.3071
0.335302
0.00439192
0.990381
0.113648
0.248324
16
0.00784741
0.0932512
0.322336
8
3.40201
0.0584775
0.00116465
0.910471
0.134373
0.1154
18
0.00603774
0.0879946
0.381406
56
2.6649
0.640883
0.00881776
0.837128
0.0500154
0.458373
77
0.00296278
0.0645514
0.498249
27
3.20125
0.0351669
0.00405729
0.769426
0.0976615
0.322097
1
0.00362346
0.094658
0.252919
8
3.62052
0.619349
0.00130061
0.809516
0.0921646
0.151206
30
0.000136753
0.0166357
0.456751
93
3.8878
0.562236
0.00562408
0.766496
0.053092
0.130437
22
0.000399931
0.0256578
0.12826
29
2.49106
0.354519
0.0053041
0.972028
0.0453576
0.439021
95
0.0022275
0.0563711
0.00279064
64
1.67342
0.619456
0.0081884
0.885671
0.102879
0.167131
35
0.00806865
0.0129101
0.239436
23
0.47119
0.372687
0.00645393
0.764963
0.069048
0.421103
79
0.0040551
0.0260707
0.328848
87
2.86293
0.243279
0.00518773
0.784516
0.0518754
0.397137
60
0.00651591
0.0899912
0.417984
10
0.594432
0.552918
0.00742041
0.876909
0.0286586
0.445895
51
0.00572366
0.0975062
0.194991
57
0.604388
0.342799
0.00448131
0.774074
0.159775
0.147142
62
0.00676546
0.0424026
0.185747
22
2.09294
0.435023
0.000399048
0.784314
0.0300211
0.0563576
70
0.00551616
0.0268923
0.365454
39
3.32268
0.729358
0.00327788
0.803657
0.0592686
0.255409
86
0.00850312
0.0594091
0.103441
76
3.42262
0.14001
0.00522138
0.727023
0.0184855
0.373096
74
0.00093429
0.0626858
0.250926
10
0.487877
0.15482
0.00700557
0.742251
0.169721
0.129048
52
0.000970449
0.0442345
0.490215
18
0.636782
0.711914
0.00269418
0.827374
0.136407
0.0490215
2
0.0011811
0.0316331
0.397825
35
2.15281
0.314786
0.00191682
0.789344
0.0635919
0.49056
13
0.00668841
0.0717099
0.0625231
27
1.72908
0.634086
0.00658535
0.831643
0.166984
0.127572
23
0.00281017
0.0293288
0.253724
20
1.76859
0.79139
0.0067439
0.753456
0.115633
0.46686
62
0.00998519
0.0206443
0.41605
83
1.80381
0.438209
0.00892324
0.846924
0.117595
0.145972
20
0.00128016
0.0431405
0.255848
61
3.3123
0.422937
0.000309273
0.909823
0.126509
0.0502154
23
0.00788523
0.0517398
0.448076
53
2.74811
0.0206138
0.000357686
0.99669
0.106364
0.263483
74
0.00951776
0.0296153
0.168961
54
1.53111
0.0497897
0.00543599
0.829494
0.141691
0.033925
6
0.00642764
0.0482009
0.070398
57
2.36476
0.626986
0.00749792
0.764451
0.184678
0.364201
41
0.00201404
0.0250525
0.174684
98
0.340997
0.602251
0.00170965
0.782769
0.164466
0.309222
98
0.00276506
0.0931047
0.409333
63
0.391084
0.400369
0.00380268
0.778115
0.0991923
0.392962
70
0.00838187
0.026605
0.0784712
74
0.418348
0.768353
0.00233072
0.816303
0.0479561
0.0283534
63
0.00216228
0.0107127
0.460681
16
2.97495
0.288936
0.00328875
0.911275
0.143855
0.283406
33
0.00660172
0.0844477
0.260566
82
0.53203
0.183917
0.00478384
0.88019
0.0574211
0.408283
25
0.00108216
0.0168627
0.344849
19
2.72056
0.267445
0.00210383
0.870256
0.187998
0.379212
13
0.00816914
0.0487614
0.373874
22
3.87132
0.0449708
0.00211299
0.904318
0.19023
0.367417
74
0.00468051
0.0785022
0.414966
72
2.25156
0.526924
0.00646502
0.772225
0.119353
0.48794
9
0.00927372
0.0350954
0.164061
96
3.92466
0.700554
0.00321343
0.735524
0.183319
0.343194
19
0.00160028
0.0731024
0.187392
58
3.13655
0.277264
0.000246027
0.972359
0.0967608
0.172107
40
0.00507022
0.0335637
0.499322
1
1.92063
0.00290863
0.00710798
0.815007
0.145381
0.212279
42
0.00691538
0.0511314
0.201965
90
3.82801
0.486695
0.000678863
0.962325
0.0699114
0.295708
84
0.00483521
0.0753016
0.436866
85
1.78178
0.407622
0.00914165
0.948128
0.191557
0.461295
31
0.00957405
0.0896976
0.396721
25
2.19375
0.200374
0.00548837
0.721341
0.179039
0.219383
44
0.00308986
0.054507
0.273823
38
3.81354
0.212399
0.00135656
0.809348
0.13723
0.225562
4
0.00554423
0.0689578
0.281635
73
3.11408
0.532471
0.00478759
0.957525
0.0889687
0.188492
60
0.00365972
0.0107759
0.0685767
35
0.299384
0.473872
0.00927749
0.96848
0.19276
0.47478
61
0.00737896
0.052711
0.301101
93
1.22547
0.228004
0.00184727
0.708404
0.101291
0.143349
92
0.00862813
0.0177054
0.197998
49
3.7263
0.159244
0.00110521
0.736312
0.0190463
0.454407
93
0.000439061
0.0592822
0.202932
39
3.89315
0.412062
0.00606255
0.970492
0.0612489
0.25307
21
0.00604145
0.0704426
0.256902
25
2.59806
0.25308
0.00330963
0.751944
0.125394
0.0885802
26
0.00701908
0.0197896
0.375846
26
1.03308
0.651741
0.00137746
0.873229
0.0241912
0.189385
49
0.00646021
0.0406984
0.494552
4
3.35743
0.249821
0.0016534
0.993181
0.0815172
0.280343
94
0.00362477
0.0214003
0.463976
71
1.42797
0.678306
0.00556893
0.815831
0.0729766
0.447222
69
0.0099138
0.0661131
0.313809
39
1.3305
0.502905
0.00991483
0.899245
0.0765705
0.218138
78
0.00847256
0.0811988
0.028803
92
1.37045
0.0137192
0.00830754
0.877186
0.0788352
0.250962
59
0.0026632
0.0585793
0.387305
32
3.52692
0.352041
0.00465108
0.986238
0.054674
0.0272245
84
0.0039459
0.0172541
0.140476
39
1.03981
0.278654
0.00504824
0.738573
0.0105183
0.155969
96
0.00658339
0.090255
0.227411
50
1.38999
0.538295
0.00350368
0.799533
0.169337
0.331942
93
0.0090748
0.0782103
0.267539
72
0.317804
0.671777
0.00252842
0.833307
0.17402
0.238655
13
0.00168469
0.0736271
0.295386
69
2.86972
0.481
0.00863259
0.924599
0.104227
0.104998
6
0.00431469
0.0598284
0.211389
14
1.29367
0.231666
0.00923754
0.724931
0.0158717
0.205287
40
0.00326847
0.0722731
0.475779
38
0.219166
0.771575
0.00657606
0.701131
0.197532
0.431224
43
0.0063393
0.0184983
0.33353
12
2.79983
0.239066
0.00955467
0.702292
0.0813155
0.211477
67
0.00682935
0.0858176
0.0652305
44
3.13275
0.0544132
0.0049075
0.711566
0.0870875
0.0652175
30
0.00436604
0.0348966
0.184718
25
2.75365
0.678666
0.00760049
0.892812
0.042164
0.207928
34
0.00901824
0.047732
0.479273
80
1.6296
0.500925
0.00654278
0.700589
0.0506626
0.00567799
38
0.000529353
0.0152237
0.433738
90
3.01618
0.242121
0.000695544
0.981105
0.0779677
0.123625
64
0.00522747
0.0248849
0.467376
27
3.37203
0.17862
0.0044465
0.883078
0.105993
0.0855048
46
0.00836454
0.0325234
0.053918
77
3.78914
0.414083
0.00822543
0.905878
0.0801315
0.137139
41
0.00580068
0.0665432
0.0136474
18
2.26034
0.556715
0.00314511
0.957917
0.0985199
0.00692489
25
0.00432258
0.0497176
0.218753
94
3.66492
0.492948
0.00360131
0.885064
0.00149583
0.0770624
49
0.001425
0.0960208
0.0426182
68
0.856722
0.579591
0.00630502
0.873524
0.15364
0.370036
90
0.000826123
0.0160304
0.265309
10
2.41733
0.648142
0.00977341
0.705823
0.0271261
0.400066
63
0.00187076
0.0575733
0.375242
40
0.350661
0.403611
8.7941e-05
0.95922
0.150145
0.38342
54
0.000795352
0.0550883
0.04666
98
3.45999
0.21376
0.00342338
0.86837
0.00818229
0.398202
15
0.00370233
0.019549
0.0193672
70
3.76025
0.221271
0.00508666
0.792504
0.00315784
0.281618
81
0.00824706
0.0492568
0.48942
91
2.53293
0.550555
0.00833882
0.749829
0.0163214
0.363192
73
0.00986448
0.0622856
0.424541
46
2.67494
0.0221096
0.000499743
0.944691
0.0215649
0.463445
52
0.00389495
0.0376316
0.0115286
31
3.52105
0.743418
0.00440561
0.865374
0.011059
0.158474
5
0.00181809
0.0534145
0.492379
16
1.69364
0.636427
0.00483235
0.719123
0.0618465
0.411424
81
0.00104032
0.0346999
0.0996448
65
3.51346
0.56549
0.00167886
0.766331
0.0180469
0.423844
32
0.00960016
0.0829929
0.327074
52
2.13281
0.61014
0.00195555
0.913926
0.09002
0.235499
9
0.000665866
0.0362124
0.0730941
63
1.41555
0.649074
0.00600472
0.731551
0.0543098
0.0321623
37
0.00595437
0.0770964
0.443419
40
2.82963
0.459181
0.00773642
0.993669
0.0652264
0.378093
19
0.0010901
0.0280869
0.0940167
91
3.02879
0.240206
0.00190257
0.704243
0.139512
0.249307
63
0.00760364
0.0997075
0.284353
18
1.4782
0.654643
0.00982767
0.953551
0.0480039
0.0664669
91
0.00202633
0.087618
0.343723
36
1.15451
0.482752
0.00311338
0.982479
0.170344
0.0131254
88
0.00523376
0.037308
0.233201
5
1.70643
0.623149
0.00847725
0.713823
0.0741231
0.335506
60
0.00971739
0.0908594
0.302617
64
0.996745
0.282683
0.00693659
0.844383
0.137818
0.224401
85
0.00992372
0.0276501
0.0476142
81
2.02961
0.786249
0.00501614
0.989973
0.147764
0.273413
54
0.00842336
0.0193084
0.102011
15
0.569052
0.753791
0.00186497
0.839583
0.0751821
0.140276
61
0.000910418
0.0552664
0.379717
69
2.33654
0.0692414
0.00626723
0.84342
0.0825669
0.0950699
78
0.00150431
0.022566
0.376907
78
1.67713
0.217475
0.000975309
0.793315
0.145909
0.101478
97
0.00518642
0.0202181
0.18321
73
3.26707
0.447746
0.00688375
0.854547
0.121277
0.334573
2
0.00463462
0.0889085
0.119183
10
0.540261
0.216399
0.00230888
0.889295
0.185605
0.0996726
43
0.00032527
0.0988533
0.419123
25
2.79281
0.378675
0.00415949
0.895949
0.127513
0.336499
64
0.00936846
0.0827725
0.200047
55
1.19586
0.311038
0.00275993
0.995387
0.0337266
0.260445
78
0.000626217
0.0809144
0.364497
62
1.90287
0.124531
0.0096339
0.874244
0.177942
0.0757572
39
0.00384779
0.0537639
0.389299
71
2.24677
0.193778
0.00367103
0.712413
0.0920081
0.162569
66
0.00792963
0.0408322
0.00662879
84
1.16273
0.112023
0.00734705
0.790095
0.0353699
0.0629838
50
0.00889985
0.0142613
0.455687
70
3.0651
0.681506
0.00514368
0.987696
0.0131998
0.233646
55
0.0016496
0.0604966
0.362505
11
3.87651
0.46045
0.00797312
0.733211
0.116766
0.323904
4
0.00896729
0.0460684
0.299949
17
0.956258
0.0939893
0.00902361
0.949043
0.118319
0.0354211
73
0.000196612
0.091437
0.0221481
65
0.804707
0.547397
0.000783953
0.813388
0.0596607
0.39218
2
0.00337771
0.0675529
0.497894
28
2.14626
0.327802
0.00710174
0.955385
0.0079179
0.17647
78
0.00612119
0.0221204
0.180191
35
1.63532
0.488465
0.00638886
0.845867
0.0862344
0.138044
86
0.00210168
0.0621542
0.3548
87
1.98474
0.134137
1.40187e-05
0.822058
0.198999
0.0694563
51
0.00253026
0.0588452
0.488059
62
2.72714
0.673198
0.00565582
0.828768
0.0791781
0.345662
55
0.00607083
0.0377461
0.0500134
95
2.90307
0.796028
0.000573624
0.930943
0.149212
0.160492
91
0.00411046
0.0972227
0.0141671
68
2.92864
0.543194
0.00104052
0.973271
0.146813
0.135658
80
0.00695911
0.0611589
0.481618
95
3.2158
0.529121
0.00589158
0.959825
0.130733
0.269157
52
0.00492473
0.0411861
0.0515279
33
2.48613
0.135591
0.00304287
0.713031
0.113425
0.493265
71
0.000995613
0.0183987
0.207846
20
0.362575
0.0143985
0.00867737
0.897715
0.0499095
0.20191
65
0.000338232
0.0764608
0.124271
3
3.18684
0.0601632
0.00487755
0.825218
0.0905715
0.489333
64
0.00870174
0.0942066
0.176921
8
3.28386
0.665882
0.00428509
0.96391
0.0675683
0.386147
7
0.00575574
0.0517662
0.325141
19
2.2836
0.732946
0.0066101
0.702458
0.0999304
0.0868463
79
0.0015129
0.0274105
0.280936
12
2.85682
0.401118
0.00704032
0.976688
0.0761776
0.276346
57
0.00940471
0.0832757
0.359303
14
3.68844
0.422344
0.00798774
0.785829
0.133805
0.182645
27
0.00618124
0.0471488
0.143855
53
1.90871
0.00758803
0.00992144
0.795366
0.0803871
0.322583
13
0.00073834
0.0125382
0.10116
29
2.171
0.19476
0.00175792
0.977853
0.156726
0.0544794
89
0.00933394
0.0968208
0.190745
6
3.72087
0.749306
0.00820921
0.942629
0.0785456
0.422578
26
0.00936503
0.0958505
0.075769
84
3.83613
0.127719
0.00752625
0.718043
0.112235
0.0311364
55
0.00379591
0.0708264
0.0899465
16
3.41496
0.741222
0.00569204
0.960429
0.0744815
0.0597591
34
0.0072303
0.0272297
0.39032
40
1.85542
0.716821
0.000836461
0.737305
0.0291222
0.226765
28
0.00470358
0.0980015
0.335534
60
3.19093
0.596597
0.00932544
0.93984
0.0359426
0.133121
17
0.00486804
0.0414651
0.394972
76
1.00875
0.188695
0.00443238
0.998015
0.0326637
0.0481583
50
0.00960959
0.0873179
0.221527
84
2.5745
0.420026
0.00522734
0.978896
0.0432427
0.478005
34
0.000919174
0.0331842
0.33242
65
1.61372
0.771095
0.0083644
0.937372
0.037315
0.475966
22
0.00325155
0.0849969
0.158945
87
3.58578
0.764548
0.00718626
0.757923
0.1129
0.379616
72
0.00172816
0.0216047
0.446295
35
1.49483
0.533425
0.00610635
0.930451
0.19577
0.431066
40
0.000239478
0.036617
0.350157
22
3.26622
0.639073
0.00296756
0.733734
0.140421
0.309633
92
0.00527878
0.0288517
0.459141
60
2.771
0.659739
0.000222347
0.775627
0.189306
0.181148
22
0.00828066
0.043525
0.0672524
18
2.65879
0.586318
0.000966533
0.826693
0.123053
0.17912
66
0.00206213
0.0505151
0.392322
100
0.159049
0.683738
9.42102e-05
0.796702
0.0686019
0.022257
38
0.00772778
0.074739
0.453983
34
0.784815
0.785133
0.00265187
0.933797
0.179994
0.0164525
93
0.00119789
0.0388917
0.116063
89
0.259022
0.087684
0.0010675
0.887772
0.182913
0.276545
22
0.00351921
0.0904681
0.0828575
8
0.398439
0.387572
0.00338223
0.836546
0.17527
0.0784668
99
0.000555836
0.0802327
0.0572671
33
3.50194
0.226382
0.00152396
0.88971
0.179387
0.222058
96
0.00548867
0.0500143
0.110606
99
0.501515
0.258247
0.00666865
0.926288
0.198252
0.0828886
57
0.000466175
0.0237971
0.367126
98
2.87783
0.208819
0.00426076
0.849491
0.111618
0.0526167
91
0.00459196
0.049
0.00760542
76
2.12039
0.439417
0.000871954
0.992844
0.108171
0.393984
56
0.00670338
0.0526314
0.306079
94
1.0033
0.663159
0.00730666
0.893735
0.0767013
0.338993
29
0.005995
0.0162733
0.0789367
67
3.17287
0.569855
0.00537863
0.760351
0.138754
0.225527
31
0.00887673
0.0629422
0.23252
32
1.44824
0.359746
0.00558993
0.90499
0.0559569
0.0971524
90
0.00429512
0.0792998
0.0825587
42
3.47202
0.344189
0.00449806
0.853019
0.0551124
0.210189
90
0.00471618
0.0486176
0.294223
42
2.56176
0.783621
0.000324521
0.943251
0.0734714
0.0641126
28
0.000112892
0.0120177
0.323548
12
0.660369
0.0289588
0.000637583
0.928007
0.0415159
0.329591
72
0.00621988
0.0956325
0.205958
2
1.75036
0.122319
0.00373745
0.892067
0.0264842
0.220204
92
0.00843989
0.0456748
0.172547
81
3.86794
0.0826129
0.00174758
0.726903
0.12805
0.412985
58
0.00414197
0.0855246
0.235381
57
0.789647
0.137814
0.00411441
0.723856
0.182297
0.0441451
4
0.00146783
0.0686821
0.269373
63
0.928734
0.0534874
0.00953487
0.840644
0.0100304
0.448782
83
0.00563701
0.0692459
0.180961
75
1.96498
0.0646422
0.00839121
0.730197
0.189718
0.346734
53
0.00583063
0.082031
0.295942
11
0.709268
0.203294
0.00574308
0.787102
0.0978518
0.476274
39
0.00566396
0.0632791
0.165285
26
1.06022
0.0790421
0.00288904
0.720818
0.116352
0.419619
29
0.00541586
0.0501465
0.0272205
91
0.824329
0.0916001
0.00421434
0.707228
0.117204
0.199844
75
0.0043834
0.0452886
0.345349
48
1.83633
0.674303
0.00317213
0.946188
0.0994027
0.191299
26
0.00397906
0.0810199
0.1226
56
0.587102
0.587911
0.00431263
0.864169
0.0860438
0.10631
17
0.00085563
0.0837986
0.435575
77
0.617662
0.392193
0.00541173
0.722654
0.171495
0.0907153
95
0.00254096
0.035502
0.0912434
60
3.9411
0.323407
0.00301216
0.802325
0.0431864
0.426566
29
0.0059175
0.0684323
0.308276
58
2.23007
0.561678
0.00901535
0.854024
0.0463349
0.373296
97
0.00753823
0.0606563
0.132174
79
0.848676
0.30741
0.00940752
0.761376
0.00440984
0.376641
89
0.0055864
0.0664887
0.0298606
45
0.149918
0.514886
0.00859493
0.71674
0.13253
0.451721
7
0.00115713
0.0300322
0.399761
76
1.73428
0.178276
0.00673104
0.844087
0.188717
0.444585
76
0.00157155
0.0634782
0.429919
93
2.81866
0.654023
0.000346733
0.797958
0.0366711
0.312245
63
0.00509553
0.0119269
0.363928
16
1.07538
0.466465
0.0082646
0.832518
0.10364
0.290307
33
0.00371918
0.0986616
0.361307
89
0.228522
0.0996331
0.00228932
0.871172
0.171977
0.432474
71
0.0049986
0.0800513
0.464642
42
1.59937
0.30837
0.00335651
0.908935
0.162644
0.0583828
88
0.00320402
0.0700584
0.379163
41
0.874863
0.346033
0.00111768
0.81874
0.148093
0.131016
24
0.00302538
0.0817222
0.0894887
42
1.18723
0.463176
0.00978537
0.782262
0.0436345
0.104736
68
0.00301003
0.0768687
0.288268
5
3.90427
0.191029
0.00603372
0.853425
0.162001
0.036607
27
0.00489213
0.0127976
0.445881
54
1.58759
0.321549
0.00256625
0.839982
0.0341025
0.40544
93
0.00204377
0.0954462
0.462104
72
0.904383
0.224733
0.00307141
0.747005
0.069392
0.275153
3
0.00955592
0.0522823
0.171592
78
2.68765
0.524184
0.00363383
0.881684
0.0875825
0.122003
45
0.00982789
0.076402
0.370339
47
1.56904
0.270954
0.00298918
0.851046
0.122558
0.496672
58
0.00234394
0.025904
0.443091
3
0.547808
0.326153
0.00286514
0.970235
0.184019
0.343772
27
0.000850053
0.0257831
0.491654
80
3.60629
0.443299
0.00293838
0.855421
0.00677543
0.0725321
92
0.00212863
0.0589739
0.46966
89
1.21019
0.504554
0.0093798
0.940894
0.167728
0.298802
86
0.00443262
0.0830882
0.466416
17
1.64274
0.313038
0.00361704
0.793978
0.088727
0.316336
44
0.00529987
0.0875738
0.150555
19
1.85328
0.275761
0.00016688
0.823469
0.0721117
0.266063
25
0.00219439
0.036855
0.196756
73
0.675992
0.490475
0.000745272
0.884707
0.174841
0.251567
80
0.00973302
0.0429776
0.116938
21
3.05177
0.376694
0.00485519
0.856688
0.144841
0.440575
60
0.00997183
0.0465425
0.189649
95
0.365726
0.469013
0.00178538
0.838209
0.0381746
0.307879
53
0.00179946
0.0580847
0.25181
86
2.01429
0.598447
0.00587315
0.937554
0.0416198
0.288328
31
0.00324069
0.0866957
0.297044
23
3.48983
0.306174
0.000662744
0.958801
0.198497
0.230959
33
0.00766069
0.0741739
0.0759834
99
3.33645
0.575704
0.00965437
0.975142
0.158022
0.280469
47
0.00871382
0.010509
0.370215
42
1.23318
0.361249
0.00429807
0.967828
0.174409
0.128083
95
0.00635863
0.0458924
0.147783
24
1.43842
0.708968
0.00169083
0.914869
0.138262
0.0762951
84
0.000302144
0.0302645
0.137291
85
2.90543
0.452455
0.000474289
0.735001
0.0074333
0.22914
86
0.00797763
0.0100943
0.478745
92
1.94895
0.12027
0.00393475
0.982187
0.151385
0.116848
53
0.00496069
0.0695655
0.357522
58
1.10183
0.453363
0.00829444
0.748177
0.126315
0.479946
16
0.00798159
0.013669
0.169677
45
2.62069
0.0866856
0.000548963
0.928699
0.155794
0.194732
67
0.00194381
0.0383139
0.264225
37
2.82501
0.727761
0.00879492
0.740058
0.0390404
0.227723
82
0.00526509
0.0726096
0.21707
96
1.59729
0.603601
0.00324606
0.78057
0.194541
0.439228
20
0.00314242
0.0796123
0.291641
74
2.27761
0.132628
0.00729933
0.812064
0.1075
0.300182
95
0.00245958
0.0403038
0.48524
69
0.337023
0.607342
0.00226641
0.952156
0.129815
0.341384
21
0.00407878
0.0575104
0.209417
49
2.18075
0.151232
0.00882591
0.985144
0.126848
0.220824
76
0.00700636
0.0555135
0.405324
15
0.689311
0.61533
0.00885851
0.898044
0.107771
0.47152
71
0.00488782
0.0600345
0.161362
11
3.5307
0.644152
0.00944737
0.968897
0.10401
0.351793
70
0.0058687
0.0603372
0.247425
77
2.22429
0.406585
0.0079567
0.824558
0.186239
0.320874
48
0.00359571
0.0642573
0.224163
90
0.381383
0.230759
0.00306098
0.920444
0.14852
0.370422
1
0.00747465
0.0681247
0.449249
5
1.88364
0.751756
0.00909926
0.740521
0.168035
0.292359
20
0.00434636
0.0433474
0.192608
18
3.04492
0.280202
0.00203492
0.741722
0.0108249
0.213166
100
0.00639697
0.0644929
0.138492
2
2.35604
0.35817
0.0043492
0.964862
0.120917
0.0895937
68
0.00715771
0.0673121
0.452304
27
2.42986
0.336625
0.00609084
0.998747
0.151585
0.174685
86
0.00787054
0.0790911
0.416538
59
1.45718
0.427302
0.00186871
0.805945
0.112627
0.164544
99
0.0082676
0.0840262
0.220373
43
1.33808
0.779482
0.00539055
0.941108
0.0929887
0.339333
72
0.00230261
0.0520017
0.121506
30
0.451947
0.395171
0.00966752
0.902234
0.00389457
0.450673
80
0.00105747
0.0113996
0.0712302
51
0.715644
0.162489
0.00629206
0.946654
0.00959957
0.3535
7
0.00815227
0.0961805
0.154421
52
1.10865
0.38478
0.00207826
0.842057
0.0246734
0.401239
31
0.000204095
0.0498314
0.441103
92
2.9527
0.0959443
0.00118397
0.753989
0.0880914
0.0426787
43
0.00505748
0.0696026
0.02335
44
3.39482
0.787742
0.00780255
0.750894
0.104857
0.389274
99
0.00708289
0.0399955
0.123569
9
0.974737
0.493289
0.00850792
0.906785
0.0369301
0.144297
69
0.00163313
0.0270975
0.474807
14
0.818843
0.698633
0.00503093
0.736898
0.0236018
0.0258052
66
0.00734549
0.0367349
0.0636533
10
2.84386
0.382733
0.0061695
0.891912
0.0837359
0.114579
48
0.00242329
0.070154
0.279213
95
3.74004
0.384185
0.00566732
0.893977
0.00933667
0.429439
23
0.0012093
0.0189326
0.391324
88
3.79719
0.290855
0.00139638
0.866116
0.191238
0.16347
52
0.0089838
0.0862369
0.248119
88
1.32258
0.0632066
0.002151
0.788156
0.0203922
0.161165
14
0.00730451
0.087047
0.0380306
30
1.13378
0.702868
0.000927324
0.842502
0.069701
0.245742
58
0.00184258
0.0966532
0.173114
56
1.54249
0.00107198
0.00761274
0.953625
0.155915
0.102486
45
0.00996015
0.0203095
0.477987
34
3.65899
0.0980532
0.00852391
0.846177
0.143374
0.0170398
75
0.00145489
0.0572088
0.340286
23
1.17779
0.739997
0.00267007
0.919891
0.00289777
0.298153
57
0.00547151
0.0362824
0.307291
97
0.631592
0.390511
0.00577277
0.974192
0.172305
0.0945595
30
0.00672649
0.0628745
0.0246803
86
1.31809
0.512402
0.00757301
0.742875
0.160831
0.232197
14
0.00867081
0.0766002
0.331314
2
2.58154
0.553935
0.00747915
0.717751
0.10847
0.223446
81
0.00167709
0.0515171
0.290143
44
0.232665
0.658409
0.00806469
0.894807
0.05331
0.0111562
96
0.00287314
0.0223504
0.353131
36
0.410994
0.317501
0.00120015
0.82385
0.088237
0.399081
94
0.000376099
0.0970372
0.0959402
37
2.61443
0.774301
0.00386192
0.929982
0.165037
0.145286
57
0.00333875
0.0782793
0.428048
61
1.69135
0.540607
0.00672189
0.817361
0.100672
0.236317
32
0.00236841
0.0167922
0.317152
13
1.76116
0.143511
0.00471028
0.814623
0.185964
0.403023
95
0.0065048
0.0566891
0.0972752
61
2.09831
0.299564
0.00599119
0.91677
0.114482
0.0937828
48
0.000222143
0.0394678
0.406418
40
1.56708
0.00707758
0.00377423
0.750512
0.110009
0.416808
100
0.00989361
0.0157671
0.428537
44
1.79664
0.0844096
0.00935386
0.980493
0.00890747
0.333619
83
0.00446406
0.075523
0.146363
89
0.288136
0.520885
0.00279414
0.821087
0.166291
0.383105
11
0.00198107
0.0242022
0.371839
87
2.71166
0.324171
0.00277082
0.838096
0.062953
0.411031
8
0.00278696
0.0654764
0.0302947
63
1.24182
0.0483828
0.0091705
0.800535
0.0625042
0.369197
68
0.00457232
0.0541063
0.372314
53
3.0824
0.0438864
0.00949257
0.754937
0.0200869
0.488605
90
0.00339231
0.0698632
0.0263052
50
0.737479
0.601161
0.00419337
0.774647
0.0514397
0.0244536
41
0.00356463
0.0123069
0.4657
54
0.749902
0.264815
0.00413114
0.921042
0.196059
0.0371369
19
0.00088722
0.0233256
0.40172
59
3.36285
0.705409
0.00356873
0.74071
0.122068
0.155654
47
0.0015346
0.0773521
0.409021
68
1.28246
0.398555
0.00720288
0.88093
0.109471
0.313741
47
0.00305891
0.0895235
0.331545
20
1.11619
0.0113174
0.00887744
0.756012
0.0634174
0.372219
37
0.00911528
0.0615598
0.407989
40
3.74929
0.582076
0.000867811
0.834794
0.0117798
0.249576
59
0.00856503
0.0199653
0.212611
95
2.06193
0.245403
0.00262139
0.8783
0.0523111
0.24676
78
0.00782142
0.0923182
0.402338
48
0.26667
0.0333347
0.00260497
0.902811
0.131676
0.365429
97
0.00126148
0.0559097
0.22763
4
3.16332
0.224566
0.00346195
0.98452
0.17081
0.215069
48
0.00239256
0.0112389
0.126002
72
3.62645
0.570819
0.00372522
0.977401
0.00137952
0.395936
42
0.00232013
0.0978089
0.162291
15
3.25212
0.450778
0.00840724
0.867901
0.161739
0.358876
29
0.00840755
0.0549222
0.145617
21
3.0085
0.165801
0.00615036
0.737853
0.0748776
0.424283
10
0.00968669
0.0865167
0.213959
21
3.8022
0.484705
0.00315591
0.723192
0.104927
0.166393
9
0.00900427
0.0775208
0.341421
88
1.04675
0.425235
0.00403044
0.971377
0.139138
0.165454
3
0.0024
0.0772901
0.288561
74
1.46834
0.415577
0.00475511
0.714816
0.194927
0.499673
12
0.000681787
0.0733334
0.360849
98
2.75951
0.525235
0.00788641
0.965759
0.0174865
0.316626
24
0.00262543
0.0657404
0.439699
21
3.57573
0.641955
0.00696037
0.9157
0.18668
0.386686
90
0.00244568
0.0306847
0.106354
97
0.551173
0.419121
0.00516018
0.93813
0.0173152
0.403808
18
0.00666257
0.0659251
0.138727
41
3.97281
0.657235
0.00751574
0.788529
0.070763
0.264734
55
0.00422795
0.0793092
0.199037
71
1.93379
0.145356
0.000555801
0.884017
0.0851493
0.472499
87
0.00170909
0.0292263
0.483332
62
2.91373
0.381264
0.00580008
0.934454
0.193229
0.293906
8
0.00475251
0.0484125
0.255412
12
2.80564
0.579263
0.00355494
0.856004
0.160389
0.00889153
64
0.00705575
0.0740612
0.141312
87
2.39579
0.0734553
0.00907742
0.820067
0.0807845
0.355562
59
0.00461121
0.083564
0.183654
44
3.07786
0.0562378
0.00775916
0.792925
0.110642
0.191866
4
0.00654772
0.0341936
0.174272
31
0.432632
0.302647
0.00438274
0.896292
0.0188276
0.125879
50
0.00398109
0.0123787
0.34763
67
0.143369
0.28744
0.00742579
0.805844
0.0939769
0.3381
53
0.00215577
0.0478512
0.496862
91
0.249327
0.160859
0.000791624
0.747329
0.0450502
0.167861
85
0.000159365
0.0950213
0.350547
15
3.99554
0.510931
0.00222443
0.798653
0.101952
0.0395085
89
0.00293507
0.0360522
0.486923
24
0.475133
0.375347
0.0032628
0.92693
0.00615026
0.395103
98
0.00569683
0.033796
0.151612
54
1.70729
0.0271623
0.0054817
0.851387
0.0706254
0.00142219
98
0.00610392
0.0336311
0.166681
28
1.27347
0.187842
0.00996799
0.804434
0.0607132
0.286584
73
0.00283546
0.0929561
0.367378
82
3.38178
0.58275
0.00707588
0.863188
0.123726
0.0231533
42
0.00751657
0.0920089
0.297787
26
3.93444
0.117846
0.00218692
0.886363
0.141373
0.103409
100
0.000379123
0.0385501
0.187694
64
2.51339
0.152892
0.00869528
0.761822
0.193537
0.384387
20
0.00391243
0.09933
0.104392
99
3.09369
0.0517582
0.0079088
0.866436
0.182673
0.437719
72
0.000718358
0.0734089
0.279557
97
1.35714
0.78905
0.00497097
0.703264
0.0756069
0.0042588
16
0.00383508
0.0312726
0.385529
31
3.29156
0.478945
0.00458668
0.720213
0.185155
0.152982
12
0.00535878
0.067163
0.356804
96
0.732905
0.284636
0.00898594
0.756312
0.199807
0.0183856
38
0.00593538
0.0934965
0.314868
78
2.64472
0.605566
0.00877854
0.9509
0.0276651
0.232629
80
0.0081789
0.0558129
0.291253
42
0.722989
0.443675
0.00014668
0.773021
0.0770289
0.483827
21
0.00625345
0.0191738
0.236182
77
2.54204
0.0401169
0.00777467
0.783681
0.157479
0.425464
51
0.00910646
0.0641775
0.451585
46
3.07115
0.508852
0.00343363
0.714976
0.0775149
0.15215
23
0.00687422
0.0816302
0.115739
35
1.31306
0.441033
0.00252126
0.882443
0.0124196
0.0861029
19
0.00208736
0.0322181
0.178112
72
2.06262
0.192154
0.00644089
0.734109
0.0292591
0.45782
98
0.00375495
0.03196
0.10571
90
3.55992
0.738603
0.00961953
0.70926
0.177519
0.170139
36
0.0042674
0.0913056
0.107519
19
2.34453
0.031822
0.00771657
0.949438
0.0311327
0.208777
30
0.000500393
0.0284054
0.393543
61
0.183069
0.59878
0.00785223
0.810243
0.0984872
0.118412
10
0.00661798
0.0194156
0.340856
47
1.15031
0.650925
3.72214e-05
0.709669
0.0538033
0.0819255
26
0.00718693
0.0827075
0.438373
45
3.70858
0.475044
0.00691024
0.713676
0.180692
0.0436132
79
0.00944971
0.0232735
0.181995
33
2.5005
0.261906
0.00679664
0.848297
0.173006
0.256041
88
0.000787311
0.0381949
0.0372802
47
3.85809
0.766864
0.00969034
0.763884
0.173426
0.239553
54
0.00760749
0.0530488
0.311953
12
1.84317
0.0199812
0.00723408
0.938948
0.175448
0.319647
96
0.00380978
0.0939093
0.384793
37
1.94307
0.309847
0.0027351
0.921774
0.00197742
0.452192
62
0.00803099
0.0676573
0.36831
60
3.02725
0.614589
0.0048226
0.784995
0.144416
0.0677836
54
0.00393078
0.0921262
0.304512
91
1.66023
0.60943
0.00918482
0.879373
0.0566077
0.271859
94
0.00453429
0.0543653
0.38363
4
1.66463
0.559736
0.00943631
0.886592
0.0526894
0.0535084
69
0.00879671
0.0157406
0.353687
100
1.99274
0.510172
0.00507702
0.786304
0.129232
0.206314
37
0.00630628
0.0353684
0.157877
96
2.10198
0.410479
0.00545765
0.705163
0.0351539
0.270591
83
0.00913428
0.0229445
0.315671
34
3.15815
0.78225
0.00805089
0.752711
0.0733189
0.485875
59
0.00719138
0.0709905
0.282863
47
3.6493
0.594143
0.00287725
0.760404
0.150682
0.0918373
61
0.00732669
0.0494613
0.112705
38
0.481104
0.547992
0.00856252
0.890169
0.156378
0.230321
76
0.00249126
0.0569642
0.0206306
7
2.00757
0.622125
0.00971267
0.822665
0.111932
0.304787
51
0.00196853
0.0964202
0.0935856
15
2.92281
0.14274
0.0015357
0.811545
0.199255
0.177293
73
0.00321987
0.0892323
0.349118
7
3.92079
0.207515
0.00946484
0.987288
0.0666864
0.0410017
27
0.00977938
0.0945178
0.398647
70
2.23337
0.497982
0.00223884
0.989278
0.114352
0.494997
66
0.000638789
0.0719843
0.0815765
59
1.8232
0.3341
0.00596665
0.92918
0.0400597
0.198189
35
0.00966735
0.0607836
0.108975
68
3.42995
0.736883
0.00586258
0.923444
0.0894419
0.421517
31
0.000260097
0.0446289
0.244309
93
0.520648
0.0592337
0.0014636
0.872525
0.0208569
0.295361
19
0.00683617
0.0109653
0.166198
51
3.73741
0.429969
0.00113603
0.76544
0.150359
0.186601
5
0.00260044
0.059621
0.151722
77
2.47229
0.371391
0.000465236
0.864649
0.14287
0.380387
81
0.00123212
0.0396429
0.0855766
78
0.670724
0.667876
0.000813902
0.887538
0.163545
0.387765
99
0.00749772
0.0998403
0.325472
51
0.198253
0.368785
0.00925596
0.908125
0.119713
0.284967
24
0.00875482
0.0797537
0.124799
54
1.39977
0.428278
0.00418283
0.833628
0.135455
0.120612
42
0.00401081
0.0992008
0.347018
79
2.555
0.702374
0.00468991
0.961483
0.125107
0.361972
2
0.00493261
0.0422934
0.083874
66
3.67369
0.319472
0.00910919
0.9343
0.124138
0.306274
91
0.000761628
0.0469897
0.159739
48
3.60249
0.74711
0.00198465
0.725197
0.00534908
0.327197
40
0.00784042
0.0264972
0.14898
75
3.38319
0.537376
0.00981713
0.890792
0.025645
0.284036
32
0.00768564
0.0536487
0.277834
79
1.51228
0.100361
0.00121075
0.99599
0.0319572
0.407078
11
0.00273539
0.0370657
0.245911
33
0.242531
0.173005
0.00512072
0.898708
0.0955526
0.347998
44
0.00112127
0.074519
0.242742
82
1.51789
0.164143
5.22666e-05
0.858341
0.00632113
0.462786
57
0.000607567
0.0860568
0.269782
82
2.94272
0.472329
0.00904899
0.807981
0.142602
0.473493
20
0.00985977
0.0883528
0.421054
85
0.986441
0.747519
0.00226943
0.974715
0.0396124
0.495511
12
0.00329304
0.0985176
0.266295
45
3.69359
0.5574
0.00533198
0.836078
0.111213
0.325529
87
0.0061678
0.0390738
0.127396
2
1.99919
0.75586
0.00842469
0.859157
0.067375
0.358182
51
0.0067498
0.0778911
0.432437
60
1.89662
0.47676
0.000752304
0.835596
0.193945
0.460113
28
0.000543235
0.0943904
0.338185
67
1.3968
0.14946
0.00973575
0.936088
0.158503
0.389039
33
0.00191309
0.0624118
0.450977
24
3.82068
0.186361
0.000414869
0.983445
0.192325
0.0512881
7
0.0017498
0.098177
0.411576
64
2.05248
0.630181
0.000946714
0.816784
0.120133
0.327666
54
0.00183612
0.0303502
0.493237
33
1.05572
0.573688
0.00237849
0.956966
0.169941
0.314844
21
0.00584583
0.0283582
0.0440246
92
0.917285
0.799892
0.00888871
0.877895
0.142043
0.0817742
56
0.00878377
0.0616766
0.48013
14
2.74073
0.175448
0.00625734
0.912928
0.118832
0.374673
36
0.00741995
0.0974033
0.0458053
99
3.44452
0.465939
0.00669049
0.962657
0.0575833
0.351277
6
0.00930162
0.085601
0.0555764
63
1.5292
0.469485
0.0075514
0.951719
0.146639
0.138738
88
0.00251077
0.0298654
0.3808
2
3.47916
0.497048
0.00998056
0.969362
0.0126253
0.149612
83
0.00556545
0.0179283
0.313248
30
3.49615
0.236336
0.000369948
0.996311
0.0910411
0.301076
74
0.00408936
0.0163631
0.0153871
99
1.49049
0.774611
0.00249996
0.758817
0.0474547
0.0200978
47
0.0069456
0.0464846
0.133439
92
0.779603
0.303927
0.00698442
0.955046
0.0025404
0.0716773
48
0.00851508
0.0151063
0.205577
66
2.53537
0.735339
0.00282741
0.845131
0.196466
0.125743
44
0.00722443
0.0618876
0.412495
85
2.50671
0.403926
0.00697734
0.86242
0.191841
0.194089
42
0.00921691
0.0227681
0.425922
48
2.89551
0.436557
0.00101592
0.762813
0.13561
0.0401849
58
0.00129911
0.0243965
0.147142
3
2.62854
0.388394
0.00810626
0.9482
0.138368
0.195977
67
0.00357039
0.0263474
0.470947
32
2.11318
0.55208
0.00295202
0.942024
0.0442936
0.0569694
40
0.00387253
0.0339691
0.495943
25
2.43299
0.721233
0.00554404
0.770196
0.0315795
0.184993
8
0.000420247
0.0750445
0.0986276
6
3.41298
0.523251
0.00243944
0.94557
0.0590255
0.217447
50
0.00944299
0.0319859
0.225485
3
3.76104
0.235546
0.00131448
0.861129
0.057039
0.416133
49
0.00315483
0.0506983
0.484503
94
1.28665
0.00562346
0.00581365
0.914456
0.187379
0.203903
46
0.00873681
0.0285625
0.0495085
11
0.463493
0.617447
0.00180922
0.848435
0.180108
0.449838
88
0.00710539
0.0155214
0.12882
34
1.38064
0.347622
0.00663672
0.767295
0.140288
0.149743
35
0.007143
0.08145
0.457909
56
2.63914
0.103508
0.00716744
0.943993
0.0135951
0.413896
8
0.000486378
0.0947826
0.211734
81
1.97607
0.114563
0.00682179
0.710751
0.0456944
0.142485
4
0.00344101
0.0647594
0.335286
8
0.772193
0.0251209
0.0093827
0.801572
0.133996
0.0215612
43
0.00775904
0.0420832
0.0126534
65
2.57049
0.21972
0.00292668
0.907136
0.124617
0.319234
53
0.00227998
0.0427813
0.193256
36
1.06965
0.198418
0.00848178
