0.808948
0.0679658
0.415992
3
0.00881009
0.871749
0.031251
0.183178
43
0.00294878
0.165415
0.885473
0.0314935
0.040246
42
0.00534547
0.6531
0.0235075
0.363535
24
0.000590207
0.285457
0.742611
0.0299495
0.07949
45
0.00696063
0.891877
0.068845
0.451856
95
0.0010082
0.31621
0.884405
0.0157701
0.485379
79
0.00421411
0.334114
0.0530174
0.149295
62
0.0015636
0.260427
0.868391
0.0583511
0.291084
37
0.0052399
0.620931
0.0498869
0.319673
15
0.0029898
0.113825
0.724641
0.0826986
0.180786
2
0.00817872
0.128018
0.0433537
0.29074
30
0.000905602
0.255137
0.856322
0.0271396
0.472197
7
0.0033457
0.874597
0.0212418
0.281495
36
0.00315861
0.272017
0.958553
0.0808445
0.0616403
36
0.00778462
0.421768
0.0847855
0.133126
18
0.00245916
0.243709
0.852962
0.0677173
0.308561
35
0.0090672
0.362711
0.0314507
0.258527
79
0.000757056
0.161394
0.784928
0.0871862
0.198729
7
0.00923818
0.596044
0.0273765
0.0738876
18
0.000563155
0.127164
0.929525
0.0151182
0.46811
84
0.00948764
0.197303
0.0913519
0.486367
28
0.0019671
0.151314
0.779575
0.0392232
0.330606
27
0.00246172
0.434744
0.0876576
0.213891
20
0.0044572
0.0184179
0.836493
0.0123447
0.385618
64
0.00666606
0.451405
0.0304206
0.341692
32
0.00360037
0.18654
0.904168
0.0992738
0.262676
31
0.00139399
0.314177
0.0935754
0.233034
5
0.00198341
0.102803
0.720576
0.0810034
0.356117
44
0.00450253
0.151858
0.0946387
0.122209
47
0.00218034
0.231413
0.904685
0.0791128
0.0638532
13
0.00747183
0.55353
0.0898609
0.414426
23
0.0019777
0.117781
0.77442
0.0442391
0.434082
73
0.00122763
0.573085
0.0389466
0.463962
49
0.00215327
0.198334
0.820267
0.0635158
0.424236
74
0.0042926
0.998925
0.0911742
0.28829
93
0.000550297
0.0897164
0.807893
0.0752023
0.119948
41
0.00469755
0.0343561
0.0483797
0.242878
63
0.00240172
0.308089
0.749192
0.0764215
0.0453341
67
0.0044868
0.951187
0.0465766
0.316709
21
0.00204996
0.123361
0.993954
0.0936708
0.254844
31
0.00356802
0.246718
0.0338615
0.235405
43
0.000584598
0.139846
0.922246
0.0725731
0.380184
66
0.00629881
0.849364
0.0282068
0.397504
34
0.00401198
0.207415
0.911181
0.0351659
0.071599
11
0.00772886
0.0150668
0.0143744
0.0342642
64
0.00341128
0.0481856
0.707652
0.0187383
0.366269
20
0.00781075
0.443379
0.0613184
0.152017
61
0.00417611
0.380376
0.873243
0.0744368
0.442979
58
0.00580644
0.36108
0.0658461
0.0902732
34
0.000654228
0.0948968
0.792851
0.0951932
0.242801
93
0.00759164
0.301429
0.0193683
0.178132
42
0.0047582
0.254045
0.957494
0.0162797
0.257904
95
0.000767523
0.968269
0.0295735
0.344422
81
0.000713437
0.154013
0.940713
0.0736023
0.0339996
41
0.00446201
0.256233
0.0558919
0.161212
86
0.0046828
0.214762
0.733438
0.0254944
0.375626
79
0.00475141
0.882638
0.0210177
0.293349
22
0.00154967
0.0606407
0.953853
0.0820409
0.466988
85
0.00952994
0.830753
0.0245627
0.471487
73
0.00483852
0.166167
0.933864
0.0938749
0.122741
31
0.00876638
0.69275
0.0231365
0.385667
38
0.00130817
0.357707
0.837069
0.0804169
0.297046
81
0.00364448
0.762998
0.0415618
0.465864
62
0.00424398
0.208203
0.847505
0.0178086
0.0286959
31
0.00517325
0.507731
0.0376629
0.343824
94
0.00035788
0.0611996
0.973499
0.0282735
0.196239
72
0.00591335
0.594229
0.0782253
0.341205
34
0.00216709
0.279366
0.731285
0.0857249
0.285381
61
0.000416348
0.141471
0.0814935
0.136669
27
0.00102089
0.0792133
0.72599
0.063069
0.305681
65
0.00995435
0.157355
0.0747809
0.175911
15
0.000319504
0.157509
0.712531
0.0960092
0.36265
21
0.0042284
0.706362
0.0253281
0.144744
6
0.00289989
0.144195
0.876349
0.0175329
0.261089
66
0.00124295
0.954556
0.0119398
0.396588
59
0.00385758
0.321939
0.965901
0.0452233
0.356678
97
0.00788576
0.542973
0.0605801
0.295394
2
0.00103728
0.373191
0.856894
0.0656622
0.184342
52
0.00337999
0.110392
0.0445779
0.381806
42
0.00347045
0.282427
0.951408
0.0887096
0.438753
70
0.00972232
0.576214
0.0232421
0.457305
7
0.00421693
0.0668204
0.900661
0.0487201
0.328531
82
0.00742474
0.711522
0.0527694
0.28405
54
0.0027237
0.140645
0.9265
0.0915034
0.484364
74
0.00544262
0.500192
0.0335519
0.113964
58
0.00295208
0.050217
0.799499
0.0891392
0.33293
2
0.00658057
0.976825
0.041053
0.309948
100
0.00291468
0.225946
0.812104
0.0483526
0.108328
17
0.00841743
0.980609
0.0469209
0.491423
56
0.00437416
0.219352
0.938353
0.015029
0.349729
22
0.00934087
0.619705
0.028849
0.216977
98
0.00478888
0.249441
0.984589
0.0695185
0.378502
45
0.00425537
0.559127
0.031848
0.231457
28
0.00454952
0.316667
0.874557
0.0780584
0.0482144
82
0.00918712
0.582093
0.0714615
0.0411841
98
0.00171802
0.385299
0.771673
0.0397081
0.279798
88
0.00399684
0.0103102
0.0151188
0.0303284
92
0.000623511
0.312738
0.805758
0.0463928
0.474254
80
0.00826273
0.164465
0.0651133
0.442567
83
0.00212218
0.232272
0.910532
0.056304
0.0750455
51
0.00403376
0.537759
0.0218376
0.286035
24
0.00338446
0.0174032
0.768555
0.0342449
0.0524058
23
0.00692009
0.814956
0.0404447
0.224343
39
0.000915147
0.0697964
0.734727
0.0211862
0.361644
48
0.00481677
0.924132
0.0788744
0.347757
21
0.00120781
0.0532784
0.83007
0.0134624
0.124209
57
0.00193638
0.425436
0.0229461
0.29874
79
0.00190479
0.148287
0.885218
0.0388599
0.0296468
37
0.00487216
0.296319
0.0848829
0.345361
91
0.00453967
0.0507267
0.732516
0.0777568
0.00901077
97
0.00976906
0.325336
0.017931
0.409753
48
0.00153135
0.117046
0.903902
0.0721099
0.0422089
50
0.0085205
0.661513
0.0278485
0.441918
25
0.00171618
0.359769
0.847014
0.0407723
0.150279
33
0.00504179
0.275034
0.0989292
0.202202
9
0.00487343
0.17075
0.832038
0.0532516
0.316604
42
0.0046049
0.51735
0.0856494
0.0944822
36
0.00125925
0.290704
0.919761
0.08234
0.214404
31
0.00363487
0.555687
0.0341066
0.248846
40
0.00282664
0.386637
0.729675
0.0242225
0.0192745
6
0.00465102
0.037531
0.0283747
0.177278
48
0.0047326
0.297052
0.772192
0.0476699
0.403062
8
0.00347936
0.234097
0.0928965
0.42716
65
0.00214768
0.251028
0.769805
0.0643572
0.463381
100
0.0064077
0.338792
0.0586613
0.217646
92
0.0021339
0.0267258
0.926705
0.0268958
0.125063
43
0.00883872
0.540588
0.0493328
0.469187
1
0.000736675
0.322152
0.749688
0.0595616
0.00897424
39
0.0083185
0.732354
0.0725252
0.278867
90
0.0037939
0.0260714
0.781743
0.0510532
0.0141052
63
0.00408673
0.407838
0.0419593
0.314639
24
0.00269817
0.248108
0.931484
0.0708855
0.0222096
97
0.000110314
0.0981382
0.0260895
0.16753
50
0.00352237
0.0971875
0.747143
0.0560965
0.426217
51
0.00295781
0.460463
0.0810155
0.0407906
53
0.00184128
0.241057
0.738079
0.0522506
0.00785088
32
0.000388569
0.370698
0.0342348
0.219723
72
0.00165035
0.176337
0.901297
0.097832
0.246954
93
0.00682254
0.199514
0.0674991
0.408488
70
0.00406233
0.0733387
0.873791
0.0208822
0.133244
91
0.00535185
0.491417
0.0148244
0.271554
84
0.00463743
0.132582
0.882849
0.0419595
0.00126286
89
0.00427379
0.834612
0.040289
0.181717
46
0.000949562
0.201814
0.810152
0.0499955
0.0892721
76
0.00444826
0.787891
0.0103147
0.208136
28
0.00194298
0.167748
0.8066
0.0155633
0.121505
67
0.00957635
0.058531
0.0447455
0.339454
45
0.00274073
0.142327
0.95274
0.0322427
0.0387356
13
0.00154961
0.817461
0.062479
0.43149
47
0.00320726
0.3725
0.891863
0.0789014
0.0583924
83
0.00301805
0.77086
0.0510706
0.0580912
71
0.00139186
0.332508
0.751431
0.0692463
0.407201
78
0.00896438
0.529777
0.0553304
0.0787178
44
0.00256575
0.334067
0.939129
0.0157159
0.149549
64
0.000162294
0.133119
0.0752895
0.0719978
64
0.00280004
0.295281
0.776775
0.0586921
0.15433
15
0.00230906
0.384815
0.025111
0.164596
70
0.00249656
0.320061
0.793446
0.0105637
0.203357
67
0.000872822
0.179663
0.0579454
0.474725
37
0.00263559
0.0298018
0.759591
0.0308426
0.128309
45
0.00263945
0.473844
0.0429901
0.130614
12
0.00425451
0.139099
0.946581
0.0232894
0.179557
22
0.0050924
0.795798
0.0280039
0.0311634
82
0.000436708
0.393598
0.731832
0.0278222
0.20598
16
0.00882448
0.847906
0.0781344
0.0633491
64
0.00010735
0.273071
0.765577
0.0329689
0.418895
80
0.00615459
0.405006
0.098818
0.407311
9
0.00481997
0.144153
0.789535
0.0717947
0.0704847
65
0.00586528
0.263089
0.0316503
0.199561
62
0.00224329
0.159145
0.719756
0.046322
0.0920284
20
0.00406727
0.194435
0.0642007
0.49034
55
0.00253065
0.275419
0.908547
0.0117796
0.242486
78
0.00594497
0.608212
0.0494591
0.323459
92
0.00160331
0.20565
0.949505
0.0253929
0.0737695
19
0.00452588
0.778208
0.0396383
0.147673
75
0.00325508
0.0248474
0.832622
0.0170381
0.180088
40
0.00766655
0.347737
0.0637794
0.0123878
30
0.00244548
0.385157
0.753268
0.0437239
0.482613
24
0.00910535
0.983874
0.0365375
0.35753
3
0.000243828
0.104861
0.876802
0.0302352
0.236363
36
0.00676115
0.365425
0.0524188
0.325873
20
0.00124858
0.113468
0.897972
0.0690707
0.238106
47
0.00271263
0.351142
0.0710464
0.0874534
63
0.00221133
0.289475
0.788687
0.0263911
0.392777
72
0.0030397
0.272064
0.0302751
0.291646
81
0.00354046
0.287446
0.907928
0.0707008
0.203739
36
0.0034326
0.568306
0.0879206
0.0496025
94
0.002601
0.072102
0.708517
0.0745698
0.0329036
75
0.0097421
0.738194
0.0973668
0.297564
91
0.00224842
0.218669
0.800472
0.0319316
0.445142
96
0.00954636
0.83799
0.015975
0.492838
72
0.0024247
0.362744
0.947607
0.0983741
0.389066
83
0.00599951
0.829673
0.0137127
0.300213
4
0.004442
0.0138496
0.77059
0.0211409
0.185719
8
0.00860691
0.388299
0.0182646
0.392792
44
0.00484964
0.252904
0.700319
0.0639821
0.377888
12
0.0015979
0.336267
0.0607866
0.383149
29
0.00344838
0.216182
0.881497
0.053863
0.363559
99
0.00885939
0.0434247
0.0453917
0.0578641
77
0.00134385
0.221134
0.920941
0.0461161
0.352491
66
0.00566881
0.445659
0.026544
0.308647
96
0.00398917
0.263012
0.932241
0.0658707
0.436263
43
0.00664694
0.667807
0.0224972
0.172268
94
0.00311897
0.280889
0.709599
0.020252
0.286527
89
0.00356287
0.892226
0.0620611
0.146026
27
0.00151819
0.349041
0.727766
0.0714962
0.368602
44
0.000977528
0.255302
0.0720742
0.435185
4
0.00115722
0.359124
0.991622
0.0603347
0.481419
91
0.00628592
0.562863
0.0268789
0.422082
43
0.00492906
0.3512
0.96935
0.0805643
0.460936
25
0.00319814
0.726084
0.098617
0.480944
56
0.00374659
0.32373
0.717281
0.0520152
0.440084
29
0.00975661
0.144605
0.0978555
0.158721
81
0.00169811
0.296559
0.997675
0.0234036
0.395259
71
0.00149314
0.914
0.0135599
0.423389
69
0.00265991
0.0554027
0.913571
0.0625875
0.136289
70
0.00566179
0.96022
0.0756754
0.185722
23
0.000194769
0.226867
0.765048
0.0844755
0.1194
77
0.00262687
0.264181
0.0240916
0.241275
53
0.00322716
0.223672
0.807137
0.0928265
0.0317359
40
0.000158558
0.932573
0.0248585
0.400368
88
0.00430781
0.155409
0.92545
0.0688012
0.181792
14
0.000967015
0.162379
0.0931567
0.234252
53
0.00486917
0.0939246
0.866006
0.0786549
0.211683
9
0.00582739
0.854637
0.0322975
0.136893
36
0.00335795
0.218122
0.884011
0.0166311
0.238702
97
0.00588709
0.793697
0.0581035
0.140551
55
0.00241659
0.34152
0.716239
0.0763
0.494367
17
0.00114997
0.697369
0.0920586
0.1508
19
0.0046989
0.355447
0.734068
0.0530012
0.364758
49
0.00964677
0.941719
0.0129131
0.245772
78
0.00459185
0.0571384
0.861119
0.028048
0.0848608
99
0.0080398
0.105631
0.09446
0.134108
90
0.00391698
0.0289317
0.857869
0.0645423
0.256368
58
0.00111277
0.0714349
0.0452362
0.37345
83
0.000138829
0.175535
0.858196
0.072403
0.0240055
21
0.00457826
0.73505
0.0521309
0.303585
18
0.000146674
0.340149
0.936047
0.0833837
0.333453
4
0.00234791
0.974085
0.0277372
0.252725
25
0.000985657
0.214227
0.858698
0.0814037
0.087229
63
0.00611193
0.32612
0.0554481
0.0190446
96
0.000746345
0.200871
0.972945
0.0306036
0.0545647
21
0.00914119
0.908483
0.0768894
0.144621
56
0.000954299
0.37173
0.842979
0.0551313
0.470695
22
0.00668551
0.374024
0.0345693
0.0646682
67
0.000505063
0.080698
0.891222
0.0531835
0.145026
37
0.00718476
0.412833
0.0591999
0.429635
79
0.00137018
0.392769
0.888833
0.049324
0.229372
82
0.00308297
0.511768
0.0657631
0.495411
51
0.00474017
0.236822
0.91409
0.0994582
0.282709
48
0.00643979
0.884559
0.0325037
0.282611
58
0.00387637
0.240211
0.932732
0.0578095
0.123153
34
0.00677312
0.219903
0.0394081
0.422795
14
0.00269051
0.358591
0.842801
0.0482314
0.128984
25
0.00148238
0.355502
0.0721924
0.310938
9
0.0042352
0.265529
0.741017
0.0217058
0.110695
96
0.00519102
0.321586
0.0343505
0.185486
80
0.00113236
0.396401
0.979603
0.0916491
0.35774
61
0.00771937
0.400926
0.0705897
0.316128
61
0.0049146
0.188815
0.956124
0.0727936
0.0554513
65
0.00579622
0.169189
0.0884806
0.25785
33
0.00448188
0.389566
0.855879
0.0682847
0.231965
65
0.00855811
0.0335922
0.0164127
0.379737
21
0.00281976
0.270359
0.918528
0.0601983
0.301008
82
0.0013063
0.832504
0.0408314
0.0687466
56
0.00318742
0.367634
0.763164
0.0471311
0.0881616
56
0.00715616
0.313006
0.0537386
0.0969285
39
0.00119107
0.34241
0.773069
0.0422189
0.478483
87
0.00711212
0.6017
0.0491773
0.32053
84
0.002874
0.233402
0.912501
0.0897091
0.0358767
4
0.00849182
0.432858
0.0960149
0.127987
76
0.00313735
0.323024
0.942085
0.0146179
0.147647
59
0.00813107
0.790767
0.0174793
0.0427685
15
0.00372042
0.272127
0.777836
0.0637251
0.423174
93
0.0024327
0.0266687
0.0475602
0.370672
66
0.00341778
0.0731306
0.912012
0.09244
0.190625
47
0.000813799
0.0574349
0.0292957
0.110207
47
0.000638675
0.0950226
0.864413
0.0609007
0.175278
4
0.00414392
0.757909
0.0957504
0.357114
73
0.000886154
0.109993
0.877923
0.0497612
0.432585
13
0.00729283
0.498613
0.0199627
0.493364
7
0.00179884
0.259435
0.9509
0.085951
0.0941403
63
0.00859087
0.300624
0.0916557
0.0244337
37
0.00123888
0.0363117
0.797839
0.0969316
0.0265841
100
0.00280488
0.98881
0.0892565
0.470517
29
0.00414304
0.0701897
0.969705
0.0946841
0.169283
55
0.001319
0.137777
0.021345
0.107209
36
0.00382331
0.0680908
0.845223
0.0206902
0.320607
61
0.00113634
0.826235
0.0533672
0.17962
66
0.00038073
0.100749
0.958156
0.0750483
0.239702
79
0.00878176
0.0843482
0.082007
0.149924
92
0.00133187
0.0139439
0.701422
0.0514423
0.399869
79
0.00218893
0.319428
0.0572983
0.126513
87
0.00345287
0.277664
0.930362
0.0965216
0.0259467
60
0.00257295
0.658638
0.0485509
0.197678
57
0.00403297
0.34497
0.827677
0.0427633
0.104722
41
0.0059776
0.806931
0.0951919
0.387925
76
0.00033246
0.325067
0.964119
0.0344762
0.278651
26
0.000185399
0.785273
0.0184029
0.455085
46
0.0016093
0.224267
0.714711
0.081256
0.289694
78
0.000522538
0.636919
0.0761451
0.322895
3
0.00431798
0.173943
0.909153
0.022636
0.104844
76
0.00099944
0.887821
0.0543484
0.142558
73
0.00207883
0.0672191
0.730509
0.0679238
0.126599
19
0.000484536
0.704295
0.0149932
0.475314
15
0.000644015
0.198958
0.746135
0.0400864
0.264175
9
0.00326977
0.76022
0.0786387
0.29688
96
0.00223345
0.18465
0.811076
0.0310247
0.154741
87
0.00673737
0.346227
0.0795786
0.104014
54
0.000430266
0.13783
0.839942
0.0839742
0.380311
28
0.00501268
0.945028
0.086949
0.0597078
99
0.0032189
0.32066
0.861701
0.0400494
0.411137
72
0.00690354
0.655277
0.0790951
0.0502012
26
0.00122815
0.024102
0.956721
0.0183723
0.473554
94
0.00381745
0.363475
0.0859009
0.365942
12
0.00342601
0.369577
0.902281
0.0980819
0.38252
93
0.00891642
0.277865
0.0142773
0.0949
57
0.000934676
0.19762
0.79684
0.0570338
0.288469
69
0.00928016
0.719242
0.080403
0.124873
13
0.00106713
0.304941
0.939438
0.0621736
0.343432
59
0.00851261
0.282061
0.0591008
0.148421
3
0.00337123
0.0635389
0.783403
0.0730565
0.270176
8
0.00507808
0.494244
0.0513615
0.41714
16
0.00208587
0.189607
0.869249
0.037335
0.159122
38
0.00797157
0.986995
0.0574666
0.385103
87
0.00478406
0.187072
0.866273
0.0866068
0.498443
42
0.0036115
0.183724
0.0141383
0.428328
70
0.00115952
0.14959
0.838532
0.0855864
0.315245
11
0.00104723
0.0131439
0.069905
0.112614
75
0.00199729
0.0527244
0.92798
0.0365891
0.11607
6
0.000132712
0.13507
0.0717313
0.221892
20
0.00284127
0.298351
0.987741
0.0772069
0.301757
85
0.00889862
0.501196
0.0623391
0.255802
17
0.00332191
0.0984455
0.98698
0.0317099
0.325642
24
0.000774621
0.35256
0.0867465
0.372136
49
0.00411488
0.284814
0.889648
0.063331
0.295997
87
0.00250622
0.145975
0.0836257
0.437656
9
0.00466271
0.319588
0.745554
0.0706338
0.351638
19
0.000230807
0.577895
0.0736824
0.353134
66
0.000529873
0.180735
0.863404
0.0457897
0.359859
53
0.00866631
0.100836
0.0830219
0.139247
90
0.00344003
0.0405686
0.976885
0.076923
0.0911671
33
0.00252431
0.242636
0.0126921
0.0755053
37
0.00496924
0.191183
0.865104
0.0579668
0.410065
68
0.00888901
0.597581
0.0663032
0.362771
73
0.00081087
0.328115
0.722654
0.043381
0.451848
35
0.00698252
0.127556
0.073467
0.0469079
90
0.00111137
0.18856
0.784436
0.031262
0.0516081
7
0.0072017
0.409427
0.013249
0.447416
33
0.00152999
0.0415825
0.920468
0.0192598
0.117504
11
0.0041621
0.441472
0.0821928
0.396197
22
0.00200781
0.0550699
0.839414
0.079317
0.215384
24
0.000334048
0.525418
0.0363904
0.223
83
0.000388225
0.310564
0.786286
0.0395132
0.115459
5
0.000921993
0.236629
0.0678791
0.0608779
31
0.00248151
0.147951
0.736915
0.0973664
0.196763
30
0.000453264
0.175888
0.0934172
0.157228
68
0.00118621
0.374199
0.877227
0.0853488
0.0847307
45
0.00203799
0.995235
0.0360688
0.443358
27
0.00408058
0.242959
0.814954
0.0381952
0.29293
23
0.00943044
0.888394
0.0471785
0.210511
3
0.00255922
0.150494
0.936263
0.0802622
0.326699
7
0.00728395
0.450437
0.071803
0.00743425
93
0.00369544
0.168542
0.800286
0.0756717
0.401631
34
0.00800815
0.00684196
0.0693444
0.444449
10
0.00453703
0.257799
0.953329
0.0481533
0.413418
44
0.00441797
0.0925472
0.0643913
0.189839
88
0.00428372
0.0975213
0.882161
0.0827669
0.42879
60
0.00745168
0.866151
0.0525576
0.0166731
14
0.00189379
0.219893
0.815961
0.0103038
0.403443
75
0.00506703
0.927092
0.0154218
0.00449409
31
0.00196085
0.266153
0.996262
0.0903236
0.0366245
17
0.00617413
0.0826803
0.010553
0.106579
87
0.00267005
0.106287
0.945356
0.0848144
0.348185
12
0.00273013
0.121155
0.0901185
0.00281218
52
0.00148838
0.382647
0.722964
0.0558733
0.156563
37
0.00209377
0.970589
0.0947877
0.266642
27
0.00360845
0.239519
0.790315
0.0173744
0.201197
30
0.00521576
0.616697
0.0744231
0.154469
4
0.00350027
0.0342492
0.757444
0.0458866
0.0301959
33
0.00404264
0.106613
0.0215927
0.360581
59
0.0025276
0.092743
0.782742
0.0775853
0.146465
94
0.00434531
0.514024
0.0576658
0.303302
50
0.000700409
0.278397
0.971874
0.0645048
0.303247
28
0.00299983
0.773402
0.0204559
0.0614716
77
0.00181133
0.26012
0.830759
0.0917948
0.171433
74
0.00834317
0.910514
0.0893826
0.257217
13
0.00233642
0.344261
0.975472
0.0259488
0.241023
42
0.00466674
0.330697
0.036186
0.240366
84
0.00218781
0.290854
0.825771
0.0517092
0.441706
76
0.00380218
0.967477
0.0584828
0.289393
55
0.00414911
0.262309
0.752137
0.0441374
0.0867697
67
0.00412309
0.569178
0.0639654
0.0359072
11
0.000116125
0.252576
0.965374
0.0998628
0.081231
88
0.000910764
0.229644
0.0482854
0.0921098
97
0.00366458
0.238785
0.99675
0.0895513
0.283653
91
0.00990068
0.161169
0.0468233
0.153369
69
0.00120248
0.395079
0.851811
0.0557069
0.015066
29
0.00937836
0.0917144
0.0255336
0.0671477
38
0.00309421
0.128021
0.76763
0.0732709
0.234364
15
0.00988012
0.916847
0.0158829
0.0457589
10
0.000694779
0.0770434
0.728436
0.0942846
0.457926
11
0.00869573
0.797273
0.038332
0.242261
61
0.00489195
0.289074
0.832949
0.0890171
0.071935
5
0.00635983
0.0539091
0.0296796
0.494307
30
0.00307127
0.226309
0.941164
0.0189852
0.45104
3
0.00352181
0.551043
0.0414888
0.367546
13
0.000661355
0.21168
0.821608
0.0962659
0.414339
18
0.00236596
0.174653
0.062008
0.0880233
52
0.00277902
0.32972
0.968261
0.0276975
0.178213
38
0.00400756
0.43634
0.0519967
0.446366
99
0.00497358
0.0350329
0.870897
0.0368899
0.223173
6
0.0036688
0.639793
0.0462341
0.275312
50
0.00217737
0.236182
0.772415
0.0199086
0.449887
3
0.0081076
0.766473
0.0765735
0.327723
95
0.00264883
0.249571
0.829319
0.0222606
0.489666
95
0.00737415
0.520852
0.0371082
0.220857
96
0.00128197
0.118909
0.735801
0.087443
0.142785
30
0.00152519
0.31774
0.0801454
0.226201
79
0.0044261
0.102882
0.862984
0.0647861
0.377097
32
0.00685928
0.765912
0.0400876
0.277938
60
0.000366615
0.335762
0.837851
0.0840099
0.192632
67
0.00390607
0.108483
0.0805809
0.250394
8
0.0033535
0.39713
0.795471
0.0697834
0.131293
83
0.00757265
0.35386
0.0547868
0.00527288
29
0.00129231
0.0488209
0.853362
0.0358253
0.150939
39
0.0017187
0.203824
0.0266672
0.0471266
41
0.00426892
0.0584783
0.968691
0.0465413
0.226614
74
0.00429861
0.659861
0.0489734
0.00935129
95
0.00130353
0.114643
0.787919
0.0546848
0.312633
19
0.00529403
0.97847
0.0202202
0.244278
17
0.00262097
0.294171
0.859446
0.0798344
0.488215
95
0.00631795
0.605097
0.0666211
0.415184
79
0.00157579
0.309802
0.967004
0.0240358
0.336738
45
0.00197976
0.844549
0.0243463
0.121486
83
0.001444
0.228285
0.883395
0.0921159
0.458587
10
0.00249568
0.340519
0.0251778
0.405834
76
0.00443431
0.120288
0.998985
0.0909724
0.381657
40
0.00802972
0.584667
0.0399985
0.0116112
6
0.00168076
0.0468517
0.886155
0.0405526
0.0463314
27
0.000948471
0.0859418
0.0170323
0.343098
35
0.00483339
0.0331285
0.826628
0.0245933
0.185421
73
0.00439576
0.251423
0.0812905
0.280827
2
0.0049535
0.14535
0.804793
0.0214324
0.425976
62
0.0027881
0.074058
0.0336944
0.0444274
91
0.000976192
0.276809
0.816753
0.0453903
0.142235
54
0.000205677
0.22668
0.0728278
0.16848
5
0.0015106
0.366887
0.755499
0.0864155
0.303688
50
0.0011782
0.285467
0.0329834
0.0233539
14
0.00084925
0.355885
0.900069
0.0340684
0.0115841
1
0.00915574
0.843909
0.0308729
0.17005
77
0.00177527
0.165155
0.872364
0.0180776
0.398024
39
0.00476167
0.828112
0.0853528
0.45658
33
0.00102994
0.0160219
0.974039
0.0195941
0.34256
33
0.0037765
0.603849
0.0891828
0.445815
7
0.00229291
0.0219696
0.823546
0.0505297
0.220979
54
0.00340039
0.039743
0.0458038
0.46793
75
0.00112337
0.250698
0.83531
0.0422483
0.476022
79
0.00473138
0.124959
0.086537
0.15524
59
0.00181742
0.0628162
0.842093
0.0396772
0.0432434
89
0.00109517
0.591968
0.0925076
0.496154
78
0.000346317
0.1641
0.929861
0.0160059
0.189044
98
0.00142544
0.504953
0.0354483
0.460792
98
0.00469039
0.350783
0.712972
0.0491038
0.437167
85
0.00324694
0.635058
0.0740235
0.156484
78
0.00418188
0.352443
0.855305
0.0366852
0.409011
71
0.00211396
0.189064
0.0517343
0.201059
71
0.0030422
0.293686
0.879018
0.0191346
0.338197
22
0.000561427
0.415086
0.0421794
0.209389
100
0.00458784
0.390252
0.871516
0.0425694
0.0534016
46
0.00168216
0.150154
0.0275667
0.211353
88
0.00480298
0.0811116
0.758886
0.0913057
0.404356
14
0.00642327
0.0201387
0.0962328
0.00145538
71
0.00238459
0.364417
0.922986
0.0950349
0.354395
77
0.00732854
0.247851
0.0808776
0.218826
23
0.00463681
0.0200268
0.849824
0.057649
0.318338
4
0.0010557
0.612649
0.0669711
0.109447
16
0.00107556
0.36039
0.762438
0.0955217
0.396537
21
0.00326259
0.0620641
0.0750555
0.455622
67
0.00356431
0.361868
0.704958
0.0380688
0.0137508
59
0.00738846
0.866983
0.0631959
0.105341
38
0.00413464
0.281465
0.763882
0.0377977
0.225811
17
0.00609902
0.381542
0.0358575
0.450074
100
0.0021116
0.303619
0.719415
0.0376472
0.134916
5
0.00652417
0.698929
0.0122078
0.086323
12
0.000478655
0.195852
0.887624
0.0573189
0.277306
96
0.00526724
0.959612
0.0697286
0.260737
63
0.00258694
0.33362
0.909584
0.0689964
0.281707
26
0.00683583
0.627124
0.0323469
0.0324131
65
0.00433051
0.0690279
0.974919
0.0715683
0.209541
88
0.00945615
0.243999
0.0506117
0.276399
68
0.00089576
0.0187856
0.777488
0.0163163
0.365736
35
0.00397378
0.232156
0.0836022
0.290393
81
0.00067543
0.157403
0.937963
0.0356037
0.274214
62
0.00862546
0.285152
0.0818401
0.390431
97
0.00373449
0.0831564
0.749026
0.0456235
0.344956
89
0.000283536
0.0305614
0.06738
0.300702
54
0.00188127
0.152014
0.753852
0.0564515
0.0119814
50
0.000550802
0.565076
0.050904
0.458631
8
0.00178254
0.330039
0.727241
0.0502673
0.420617
18
0.00688191
0.402931
0.0124317
0.380794
80
0.001375
0.150213
0.995759
0.0182148
0.461663
58
0.000750466
0.455054
0.0999296
0.412036
98
0.00355125
0.085216
0.792427
0.0961611
0.162669
76
0.00938983
0.632758
0.0728102
0.265152
57
0.000340622
0.336279
0.868993
0.0628616
0.200376
98
0.0055767
0.0293263
0.0712998
0.212093
72
0.00294199
0.0386955
0.874683
0.0469844
0.417428
66
0.00313127
0.701697
0.0757529
0.0546991
73
0.00493414
0.313457
0.79495
0.0843172
0.227839
1
0.000513469
0.628841
0.0514247
0.138368
60
0.00275642
0.100014
0.928846
0.0385377
0.329577
11
0.00516586
0.521743
0.0791411
0.329025
17
0.00396655
0.126142
0.846285
0.0597499
0.327618
55
0.0086789
0.0729246
0.0629656
0.263114
62
0.00117112
0.366216
0.748303
0.0132235
0.446162
28
0.00244507
0.0173162
0.0406703
0.0279556
97
0.00174517
0.331243
0.96012
0.0485442
0.0412596
74
0.00875037
0.631565
0.0549812
0.302299
47
0.00193516
0.38052
0.739293
0.0905594
0.308365
84
0.00298399
0.874158
0.0116996
0.448205
74
0.00226799
0.0438093
0.886767
0.0942049
0.434545
9
0.00436352
0.148135
0.0767114
0.115419
78
0.00390754
0.375091
0.899642
0.0589427
0.334423
43
0.00769113
0.672185
0.0544912
0.269606
19
0.00365016
0.33755
0.852002
0.0535505
0.491066
71
0.00785734
0.516373
0.0426475
0.108368
50
0.00135004
0.37111
0.843803
0.0335111
0.0821941
71
0.00708775
0.973799
0.0694487
0.317563
32
0.00450803
0.13378
0.934543
0.0632565
0.427559
86
0.00268142
0.46365
0.0762496
0.369255
23
0.00330296
0.169559
0.769283
0.0957251
0.369958
77
0.00840479
0.864134
0.0616367
0.462106
90
0.000778208
0.273688
0.892957
0.065396
0.272315
66
0.00190499
0.617436
0.0219977
0.271025
35
0.00210187
0.16327
0.702411
0.0592089
0.0239166
49
0.00809534
0.479699
0.0595786
0.287356
36
0.00300139
0.0402244
0.713205
0.058488
0.0334151
52
0.00744388
0.398624
0.0744668
0.188023
31
0.00184609
0.110679
0.887964
0.061773
0.00222322
57
0.0079467
0.811567
0.0391117
0.464649
11
0.00379497
0.0872749
0.87878
0.0867851
0.431302
15
0.00057831
0.579456
0.0691948
0.0760503
6
0.00243806
0.269452
0.948604
0.0510158
0.205334
55
0.00854559
0.91442
0.0570691
0.322302
75
0.00430251
0.0492191
0.745019
0.0248423
0.0203617
43
0.00941774
0.547145
0.0907625
0.22748
25
0.00191423
0.365225
0.917463
0.0898491
0.252413
73
0.00618297
0.550467
0.0833906
0.244574
85
0.0046007
0.388495
0.713967
0.0900468
0.448397
53
0.00222982
0.590635
0.0873679
0.294372
89
0.00144219
0.124544
0.872172
0.061998
0.0970601
42
0.00894991
0.921221
0.0367068
0.483838
28
0.00179083
0.17306
0.741607
0.022436
0.248999
55
0.00368744
0.948558
0.0588459
0.166567
22
0.000680158
0.0453373
0.724318
0.0872466
0.0695994
83
0.00901257
0.0457012
0.0398062
0.126858
46
0.00240336
0.0924271
0.959007
0.0623426
0.050156
92
0.0082779
0.72292
0.020659
0.101667
31
0.00465205
0.18279
0.740601
0.032508
0.021087
73
0.00968482
0.393473
0.0994625
0.229267
16
0.00498911
0.361414
0.899096
0.0443809
0.0981956
68
0.00204742
0.778921
0.0602762
0.318988
10
0.00435062
0.0341663
0.794285
0.0127237
0.441043
8
0.00537885
0.200471
0.0435665
0.452994
85
0.00202771
0.12189
0.819254
0.0303918
0.0178524
20
0.00455529
0.688629
0.0373694
0.478618
84
0.00257331
0.305984
0.915895
0.0559358
0.0832164
17
0.00188376
0.217382
0.0319747
0.284567
22
0.00174882
0.121076
0.978053
0.022795
0.267004
70
0.00277257
0.750272
0.0198295
0.0966897
7
0.000293652
0.209328
0.718796
0.0360845
0.298298
79
0.000461037
0.341714
0.0444723
0.366321
91
0.0029637
0.180861
0.983416
0.0432487
0.345429
18
0.00656804
0.209294
0.0628375
0.351062
49
0.0037659
0.174653
0.834904
0.0594257
0.141087
57
0.00600412
0.496239
0.0131149
0.497246
71
0.00147632
0.222112
0.754618
0.0886541
0.464608
85
0.00904933
0.0689021
0.0300962
0.426034
89
0.00428679
0.325436
0.817452
0.073448
0.294768
50
0.00239096
0.269878
0.0917821
0.247977
14
0.00489223
0.212315
0.976534
0.0817414
0.0492848
59
0.00194873
0.678102
0.0478806
0.0031028
14
0.00388753
0.142694
0.867994
0.0837023
0.0773378
10
0.00186578
0.210239
0.053458
0.186807
69
0.000303277
0.134488
0.987486
0.0753865
0.360969
75
0.00184708
0.732841
0.0347828
0.398473
56
0.000862155
0.326424
0.992366
0.0410253
0.0739224
7
0.00288839
0.307095
0.0604482
0.386368
12
0.00323665
0.258245
0.966328
0.097025
0.487137
51
0.0055478
0.183268
0.0372971
0.262438
26
0.00041415
0.363856
0.739573
0.0517623
0.300394
64
0.00541637
0.0505546
0.0559204
0.489907
69
0.00235246
0.154941
0.910246
0.0324473
0.254174
38
0.00997893
0.0782608
0.0661249
0.356034
82
0.000929271
0.178538
0.850189
0.0670254
0.00326369
69
0.00387144
0.964302
0.0168145
0.194361
86
0.00303405
0.394261
0.939836
0.0814994
0.250093
75
0.00647262
0.730046
0.0940533
0.305222
94
0.00451169
0.244134
0.955177
0.0349832
0.307167
98
0.00775785
0.390977
0.0481408
0.439713
37
0.00385336
0.217412
0.723573
0.0702769
0.280917
71
0.000613263
0.80155
0.0796872
0.499473
24
0.00398061
0.0775758
0.879974
0.0703895
0.0761876
48
0.00226158
0.118787
0.0455589
0.462012
70
0.00409104
0.166809
0.781194
0.0283772
0.160408
10
0.00489788
0.142037
0.0960513
0.27664
2
0.00325684
0.274925
0.766707
0.0945036
0.0571948
52
0.00713632
0.805807
0.0285405
0.191901
89
0.00461105
0.108237
0.844189
0.0972561
0.107055
9
0.000640785
0.76899
0.0177325
0.432312
42
0.00376516
0.0892292
0.91899
0.0987433
0.244093
40
0.00260996
0.268836
0.0508377
0.259936
71
0.00185799
0.0595512
0.760868
0.0142508
0.266242
84
0.00627757
0.740721
0.0683366
0.216434
18
0.00164775
0.343129
0.918197
0.0954257
0.164039
51
0.00511356
0.599052
0.0965856
0.436415
40
0.00274658
0.302075
0.721604
0.0877665
0.198174
99
0.00980042
0.136175
0.0956156
0.306159
40
0.0026429
0.202362
0.880217
0.0274416
0.406813
78
0.000732127
0.303748
0.0440862
0.080574
5
0.0031392
0.247345
0.970323
0.0949565
0.140001
62
0.00169456
0.74298
0.0965141
0.4108
88
0.00380929
0.112768
0.801512
0.0539231
0.158017
29
0.00663116
0.0486771
0.0116078
0.207538
52
0.00337498
0.2159
0.710472
0.0403762
0.130266
21
0.00725423
0.898145
0.0476778
0.434895
33
0.00362086
0.0203651
0.744028
0.0176734
0.371457
57
0.00798232
0.851618
0.0610763
0.39392
15
0.00205953
0.0316243
0.948889
0.0893319
0.469613
81
0.00389647
0.928838
0.0842244
0.235948
97
0.00141343
0.0869643
0.704726
0.0267328
0.267761
50
0.00144702
0.68497
0.0138365
0.0788487
41
0.00404284
0.234187
0.936931
0.0590185
0.3835
18
0.00709914
0.680323
0.0565044
0.0179214
68
0.00384236
0.147148
0.808319
0.0746878
0.339019
46
0.00109
0.534353
0.0496036
0.224635
56
0.000227864
0.170431
0.803424
0.0137615
0.374569
27
0.00554117
0.868668
0.0208621
0.0619271
17
0.00490533
0.286255
0.736006
0.0994924
0.102863
65
0.00395437
0.395747
0.0774924
0.401879
64
0.00228372
0.263753
0.895312
0.0260319
0.27833
61
0.00371306
0.524654
0.014638
0.020565
45
0.00109881
0.266839
0.964499
0.0185522
0.111194
4
0.00332102
0.0399258
0.0418153
0.239492
11
0.00395543
0.327279
0.860859
0.0146854
0.456866
86
0.00177867
0.0961265
0.0863985
0.0391432
68
0.00281162
0.115757
0.80357
0.0544231
0.236749
5
0.0019815
0.429584
0.0905358
0.0331386
86
0.00446493
0.17179
0.867108
0.0748231
0.0952637
27
0.00570418
0.510422
0.0817213
0.081013
89
0.00419255
0.124762
0.802373
0.0835651
0.258657
84
0.0096675
0.462396
0.0626901
0.252137
21
0.00022273
0.178367
0.935477
0.0418431
0.173203
26
0.00793517
0.649872
0.0844103
0.337645
94
0.000618993
0.210802
0.875803
0.011487
0.163657
2
0.00650468
0.528924
0.0668649
0.0555113
74
0.000204808
0.235102
0.734377
0.061414
0.153258
92
0.00661093
0.0519531
0.0655367
0.438304
38
0.00363083
0.0619137
0.721228
0.0507507
0.232627
12
0.00392445
0.775701
0.0794125
0.254922
65
0.00158971
0.105354
0.950455
0.0931211
0.390707
78
0.0038353
0.102116
0.0290027
0.467011
34
0.00301807
0.0884346
0.893926
0.0919589
0.372987
68
0.00613146
0.641658
0.0378146
0.026121
19
0.00104984
0.0817875
0.804062
0.0166748
0.0807126
30
0.0089885
0.545436
0.0156228
0.482514
52
0.0043595
0.246902
0.864553
0.0347881
0.336044
19
0.00765023
0.953683
0.0954485
0.4537
91
0.00308611
0.368197
0.828687
0.027492
0.395029
54
0.00239764
0.470288
0.0860815
0.0846432
72
0.00411974
0.388155
0.717775
0.0976238
0.176511
23
0.00493702
0.0950292
0.0501615
0.426372
21
0.00259287
0.304416
0.729989
0.098583
0.00622161
90
0.00823536
0.906694
0.0831712
0.334509
99
0.0033139
0.116692
0.972418
0.0374015
0.0563924
28
0.00815006
0.089385
0.0888867
0.158344
27
0.00440786
0.254173
0.773872
0.0675435
0.310368
34
0.00919726
0.82368
0.0998083
0.374642
47
0.00393977
0.34943
0.703872
0.0197306
0.202496
90
0.00286498
0.756394
0.0165046
0.022295
65
0.00188472
0.312512
0.98483
0.0295367
0.250562
46
0.00701153
0.644161
0.0431304
0.0535322
65
0.000265429
0.0521142
0.89469
0.0202759
0.138827
49
0.00163516
0.372108
0.0428991
0.459758
35
0.0025042
0.136636
0.798965
0.0494546
0.102779
97
0.00568626
0.0642887
0.0611417
0.0520376
48
0.00472475
0.193962
0.849096
0.029407
0.218708
59
0.000869744
0.456683
0.0555617
0.0933163
7
0.000602214
0.0369013
0.906671
0.0109852
0.294278
14
0.000678154
0.610075
0.0473186
0.325255
52
0.00499283
0.0373225
0.806264
0.0616221
0.41248
64
0.00948492
0.70954
0.0350628
0.346577
8
0.00466695
0.010316
0.718334
0.0599288
0.0619302
57
0.00223909
0.166996
0.0393314
0.0981738
31
0.0040284
0.383324
0.813689
0.0906408
0.134354
32
0.00348859
0.47619
0.043797
0.0895221
61
0.00110462
0.229997
0.905289
0.0320446
0.0591383
82
0.00315324
0.902894
0.0840103
0.204283
19
0.00373725
0.335112
0.838932
0.0641239
0.223989
10
0.00625654
0.380384
0.0754125
0.484181
78
0.00261148
0.246001
0.870104
0.0568843
0.207929
28
0.00639499
0.490639
0.098492
0.128877
98
0.00271547
0.376544
0.819844
0.0672037
0.452103
3
0.00547826
0.29864
0.010144
0.0213991
86
0.00268571
0.340861
0.903312
0.0144838
0.479866
34
0.00179313
0.706593
0.0583187
0.3922
76
0.00456026
0.345408
0.752698
0.0236464
0.27314
82
0.00309898
0.253063
0.0193322
0.46839
28
0.00436312
0.279882
0.813196
0.0193847
0.319642
25
0.00561218
0.820685
0.0153882
0.476664
49
0.00251523
0.295963
0.790223
0.080136
0.230608
12
0.00335551
0.681433
0.0732891
0.350195
21
0.00293166
0.301013
0.893724
0.0665216
0.0440304
61
0.0090763
0.171148
0.0909592
0.0383495
42
0.00247464
0.339262
0.962149
0.0311579
0.444943
24
0.0073566
0.173592
0.0463921
0.485503
10
0.00272966
0.107038
0.778427
0.0426015
0.268818
48
0.00410483
0.715932
0.0517756
0.163351
75
0.000575337
0.0215831
0.758117
0.0290008
0.117856
15
0.00127525
0.407003
0.0883961
0.488716
51
0.000152715
0.128908
0.767361
0.0263296
0.0667939
49
0.00468833
0.506443
0.0450804
0.195753
8
0.00439068
0.0996448
0.986295
0.0700233
0.18721
99
0.00700005
0.53263
0.0112868
0.361591
82
0.000833337
0.0653048
0.711719
0.0122341
0.10079
92
0.000354251
0.224132
0.0601498
0.333294
20
0.000453581
0.377126
0.818967
0.0140595
0.0598936
32
0.00602716
0.859097
0.0633467
0.11902
87
0.000514269
0.053976
0.828567
0.0740734
0.253236
81
0.00622151
0.228174
0.0108898
0.181348
26
0.00140943
0.160317
0.738731
0.0566497
0.264545
23
0.00258246
0.0196365
0.0189518
0.306531
10
0.00135596
0.267578
0.960242
0.0773377
0.217487
92
0.00291583
0.486985
0.056911
0.424784
60
0.000469174
0.386901
0.892142
0.0984729
0.499183
55
0.00836928
0.343405
0.0306271
0.0652513
55
0.00311253
0.0800785
0.756219
0.0409263
0.0649898
86
0.00724132
0.15816
0.0369414
0.353597
24
0.00028138
0.0715596
0.833373
0.0555303
0.219903
21
0.00752323
0.687933
0.0309887
0.102932
83
0.00277508
0.346753
0.981439
0.0120753
0.465076
23
0.00552271
0.116393
0.0203339
0.0149684
99
0.00105509
0.28805
0.801764
0.0338733
0.15229
55
0.0029077
0.782741
0.027089
0.115828
53
0.00286682
0.190287
0.787716
0.0450941
0.0396088
53
0.00540615
0.310079
0.0578493
0.264228
62
0.00143236
0.138473
0.925066
0.0413716
0.286055
28
0.00816665
0.856996
0.0195423
0.203395
76
0.00462523
0.119388
0.895939
0.0429709
0.275935
49
0.00432285
0.876325
0.0169795
0.0697378
67
0.00400489
0.283064
0.994485
0.0581686
0.496143
16
0.00498083
0.80999
0.0723279
0.205909
26
0.00370962
0.0858565
0.70795
0.0574267
0.12703
9
0.00025268
0.0462909
0.044214
0.0108206
2
0.00357261
0.205932
0.787105
0.0270234
0.493143
58
0.00273555
0.308622
0.0749074
0.134954
85
0.00203749
0.261214
0.783828
0.0287828
0.0641153
96
0.00838163
0.222858
0.0882596
0.236567
42
0.0036412
0.328341
0.706461
0.0818237
0.416799
85
0.00294627
0.468199
0.0103732
0.389485
70
0.000966831
0.177436
0.779154
0.0111151
0.454862
47
0.00573237
0.293784
0.0654299
0.370129
16
0.000843997
0.0431142
0.814612
0.0784848
0.394075
91
0.00721228
0.854241
0.0738981
0.348552
34
0.0034724
0.181753
0.921547
0.0219886
0.318466
94
0.0082167
0.332523
0.085164
0.477977
54
0.00353367
0.303152
0.797354
0.0129947
0.0372252
80
0.00153217
0.803462
0.0779003
0.0431964
95
0.0032839
0.057729
0.786007
0.0503654
0.443344
100
0.00311792
0.727324
0.0983372
0.33053
44
0.000866152
0.222588
0.77487
0.0290833
0.137608
14
0.00221224
0.440089
0.0439657
0.339138
48
0.00415842
0.0237683
0.896202
0.0285769
0.429158
77
0.00181015
0.841077
0.0664126
0.314108
92
0.00206553
0.245053
0.818199
0.0741171
0.341179
33
0.00373651
0.193083
0.025942
0.00871973
9
0.00405879
0.377691
0.755825
0.0332398
0.315578
95
0.00213413
0.275734
0.0941159
0.30741
85
0.00470807
0.276024
0.943499
0.0883534
0.370746
62
0.00514796
0.327522
0.0357189
0.274381
64
0.00155156
0.131566
0.944644
0.0850689
0.22469
56
0.00831463
0.368406
0.0824895
0.377905
94
0.00377719
0.347918
0.901672
0.0383
0.211369
69
0.00161745
0.623411
0.0246356
0.251132
59
0.000407679
0.0560691
0.83136
0.071283
0.189645
98
0.000662413
0.99112
0.0969542
0.194819
80
0.00434038
0.155887
0.743523
0.0850326
0.26172
65
0.00694206
0.472496
0.0994384
0.175171
45
0.000788284
0.331445
0.85985
0.0352101
0.00520747
93
0.00952297
0.899876
0.0488358
0.169205
41
0.00166073
0.185121
0.976187
0.0113311
0.389417
83
0.00440429
0.267417
0.0828355
0.247138
74
0.00425883
0.153183
0.980305
0.0655793
0.292072
59
0.00496539
0.942973
0.0272799
0.0132254
23
0.00122222
0.126867
0.764338
0.0231289
0.27489
60
0.00671819
0.21179
0.0899929
0.364683
61
0.00457299
0.347553
0.834365
0.0875871
0.0990464
51
0.00782981
0.651419
0.0702234
0.123431
2
0.000208641
0.399521
0.709549
0.0610463
0.157174
47
0.00133317
0.558258
0.0887108
0.332322
67
0.00232979
0.0126522
0.795827
0.0684054
0.472028
23
0.00756425
0.625263
0.0703456
0.0716112
40
0.00319831
0.306963
0.824581
0.0370226
0.0966353
63
0.00126443
0.424454
0.0618151
0.0768815
45
0.00285546
0.210035
0.989308
0.0663118
0.495777
84
0.00655241
0.881946
0.0871105
0.487667
30
0.00399478
0.27075
0.798077
0.0237642
0.10605
30
0.00359559
0.799355
0.097754
0.190692
44
0.00420432
0.204219
0.913315
0.0612164
0.210503
87
0.00763338
0.0765176
0.0641739
0.228275
64
0.00306408
0.179325
0.776251
0.0448423
0.324115
14
0.0030679
0.261201
0.0903064
0.113613
61
0.00209036
0.256633
0.954371
0.0296819
0.459508
88
0.00584752
0.713299
0.038677
0.379048
80
0.0023233
0.0848482
0.811535
0.0387752
0.1946
41
0.00207515
0.0666105
0.075998
0.179865
87
0.000560018
0.129698
0.905815
0.043961
0.454043
72
0.000796265
0.64796
0.0740861
0.0995663
89
0.00386687
0.074099
0.757155
0.0104425
0.077983
36
0.00845993
0.0607899
0.0700199
0.268803
6
0.00168839
0.38154
0.942992
0.0328223
0.486168
35
0.00776633
0.0817144
0.0541295
0.20551
26
0.00394978
0.229857
0.998394
0.0478093
0.421378
43
0.00550239
0.215439
0.0914401
0.173968
83
0.00407294
0.194227
0.791387
0.0489736
0.341352
36
0.00912421
0.90047
0.0926632
0.172885
88
0.00113997
0.0756729
0.825496
0.0354927
0.00497107
90
0.0048545
0.178205
0.0221573
0.329399
72
0.0035104
0.204617
0.827371
0.0939665
0.165285
75
0.00172473
0.482262
0.0178419
0.40245
9
0.0019295
0.35346
0.978317
0.033668
0.288317
10
0.00574462
0.753471
0.0459807
0.0156895
46
0.00349014
0.338394
0.761919
0.0434997
0.245311
44
0.00282561
0.240642
0.0776951
0.140789
43
0.000724729
0.101701
0.791532
0.0606896
0.497283
6
0.00499557
0.419249
0.0550703
0.0186646
39
0.00278593
0.300735
0.933762
0.0100577
0.161535
18
0.00233588
0.375491
0.0500914
0.0289638
25
0.00221844
0.015078
0.916995
0.0990459
0.216435
29
0.00980528
0.789505
0.0352024
0.0487083
68
0.000534927
0.134981
0.854815
0.076016
0.165837
25
0.000846028
0.572503
0.0862103
0.0732074
78
0.00392347
0.356932
0.890575
0.0663714
0.248226
16
0.00754012
0.289769
0.0262571
0.161953
13
0.00439495
0.0918482
0.962563
0.0345292
0.113048
2
0.00255006
0.740283
0.0385998
0.312028
20
0.000161866
0.354224
0.703044
0.0660553
0.476579
15
0.00563838
0.564442
0.0223521
0.359792
5
0.00149557
0.298624
0.95577
0.0711331
0.114569
8
0.00807344
0.997709
0.0839359
0.440223
85
0.00332526
0.338139
0.742048
0.0499031
0.174496
63
0.000708965
0.5412
0.0111787
0.0663203
58
0.00299641
0.241721
0.848514
0.0118655
0.310717
20
0.00670596
0.00582454
0.0564096
0.412317
74
0.00382653
0.0838629
0.766277
0.0245611
0.480082
12
0.00265657
0.957513
0.0186795
0.47976
2
0.00237135
0.237199
0.984011
0.0697345
0.348397
72
0.00462165
0.386357
0.0648005
0.238351
50
0.00201199
0.314756
0.97093
0.0831439
0.16816
63
0.00386032
0.427908
0.0185041
0.118041
34
0.00158693
0.318018
0.94756
0.0672412
0.368162
68
0.00749379
0.993786
0.029088
0.420817
38
0.00317182
0.0323731
0.94592
0.0859833
0.405375
73
0.000620151
0.745901
0.0562134
0.419817
86
0.00127271
0.0959666
0.821163
0.0523002
0.191895
69
0.00418551
0.963771
0.082602
0.120145
22
0.00315506
0.146063
0.924214
0.055206
0.33991
61
0.00605554
0.0220593
0.0802081
0.451065
37
0.00235872
0.131995
0.952194
0.093373
0.100814
46
0.00479772
0.89455
0.0382066
0.473963
4
0.00027204
0.0640581
0.915167
0.0447062
0.312032
44
0.00213994
0.934732
0.0238908
0.41756
16
0.00186428
0.213337
0.923509
0.0138195
0.304513
26
0.00578044
0.23838
0.0594985
0.351716
81
0.0010865
0.136048
0.840911
0.0830644
0.0678039
3
0.00635448
0.113252
0.0923887
0.100796
18
0.00254173
0.292711
0.982406
0.0792572
0.299286
75
0.00283892
0.721101
0.0530378
0.00616112
55
0.00481149
0.141625
0.823883
0.0363279
0.245609
80
0.00620039
0.466265
0.0812763
0.498271
44
0.00339604
0.291993
0.924284
0.0902719
0.257428
87
0.00545703
0.645616
0.019004
0.070361
4
0.0022617
0.108595
0.809579
0.0415497
0.0904773
41
0.00704899
0.905461
0.0799356
0.358407
41
0.00326815
0.130707
0.751211
0.0882857
0.0935235
54
0.00607455
0.782367
0.0504323
0.13174
46
0.00333735
0.379373
0.812671
0.0729441
0.109181
38
0.00143312
0.588547
0.0237668
0.0364135
35
0.0014629
0.311662
0.780547
0.0169274
0.177247
54
0.00559079
0.289177
0.0599269
0.376495
77
0.000495344
0.268628
0.841586
0.0979064
0.187903
46
0.00491491
0.937275
0.056784
0.354815
93
0.00441696
0.308777
0.927695
0.0362272
0.270935
60
0.0098504
0.938638
0.0707967
0.375604
51
0.000247745
0.238389
0.744682
0.0390088
0.138178
39
0.00899475
0.477296
0.0677189
0.413708
29
0.00475475
0.256358
0.961519
0.0766585
0.112566
39
0.00136277
0.114524
0.0328374
0.231722
63
0.00172707
0.196545
0.989571
0.0782705
0.412077
26
0.00484348
0.691055
0.0597694
0.197253
93
0.000484028
0.112109
0.726611
0.0548672
0.322124
40
0.00990588
0.585146
0.0422421
0.08225
11
0.00368133
0.229046
0.770352
0.054101
0.0278931
96
0.00317527
0.6765
0.0424406
0.333432
59
0.00162978
0.206587
0.889287
0.0737756
0.422165
24
0.00531078
0.258746
0.0635711
0.189373
98
0.00305308
0.0906551
0.737255
0.0220779
0.490557
69
0.00936025
0.280899
0.0972413
0.472981
66
0.00370127
0.398464
0.967816
0.0411759
0.144353
56
0.0017607
0.00914619
0.0845254
0.418878
45
0.00289241
0.224699
0.75036
0.0537168
0.0105101
48
0.000427106
0.439084
0.0976527
0.230433
53
0.00077252
0.0424023
0.816173
0.0686548
0.462666
25
0.00790237
0.203042
0.0980803
0.165321
80
0.00410271
0.29961
0.782237
0.0152863
0.0167951
99
0.00344651
0.457928
0.012721
0.212585
97
0.000752353
0.161311
0.850756
0.0206176
0.324984
91
0.00165413
0.879243
0.0895731
0.433775
33
0.00176465
0.103919
0.99278
0.0474439
0.068281
68
0.000373335
0.984438
0.0950026
0.117451
13
0.00452081
0.391262
0.944269
0.0624424
0.386323
5
0.0015804
0.186854
0.023408
0.0567042
74
0.00230328
0.374763
0.725302
0.0796462
0.358384
89
0.00864018
0.391701
0.0685437
0.193108
17
0.00238109
0.18578
0.897083
0.0997786
0.384749
53
0.00998925
0.448585
0.0937804
0.0837076
30
0.00359375
0.0783089
0.728743
0.0240987
0.235104
52
0.00930308
0.219441
0.0932808
0.383628
42
0.000310795
0.158695
0.715392
0.0251874
0.455181
81
0.00963832
0.673667
0.0172541
0.102313
26
0.000820353
0.0748574
0.715615
0.047421
0.467737
13
0.00592806
0.00376564
0.0708755
0.268185
1
0.00494403
0.16243
0.701042
0.0761855
0.399149
93
0.00183711
0.861576
0.0875091
0.265982
30
0.00448051
0.109714
0.99036
0.0249458
0.400716
52
0.00926305
0.614343
0.0775292
0.0513073
59
0.00302311
0.0165531
0.915707
0.0757192
0.167592
47
0.0082475
0.536553
0.0332946
0.481579
11
0.0035033
0.203269
0.707111
0.0300578
0.206596
34
0.00228738
0.814312
0.0772427
0.394457
57
0.00230993
0.378348
0.862338
0.0780007
0.0478495
7
0.00982851
0.760711
0.0879987
0.123982
32
0.000883587
0.391519
0.897351
0.013313
0.332133
92
0.000277823
0.0241914
0.077015
0.337195
40
0.00485331
0.398027
0.71088
0.0526616
0.212652
70
0.00137272
0.930942
0.0681381
0.399575
76
0.000451024
0.369982
0.881092
0.0845427
0.492247
94
0.00340719
0.15485
0.0671378
0.388905
19
0.0047735
0.0464189
0.853958
0.0125214
0.217963
38
0.00920805
0.419031
0.0922327
0.143383
96
0.00219735
0.395748
0.981756
0.0910858
0.221708
32
0.00732619
0.123287
0.0855184
0.19979
93
0.00318507
0.0228043
0.942471
0.0770777
0.147758
81
0.00871431
0.66353
0.0540378
0.130978
32
0.00366863
0.0396393
0.963376
0.0667682
0.0189234
37
0.00761351
0.819725
0.0379364
0.327067
54
0.000121088
0.284325
0.961082
0.0862692
0.169691
88
0.003543
0.668946
0.0411892
0.0374293
60
0.00246675
0.0281074
0.993256
0.0649705
0.430222
35
0.00329396
0.948035
0.0121402
0.405069
58
0.00310571
0.122933
0.995307
0.0926221
0.195253
43
0.00706324
0.315877
0.0943712
0.296025
66
0.000993211
0.0277151
0.835805
0.0512604
0.313983
90
0.0096103
0.92455
0.0731443
0.111097
58
0.00139879
0.183366
0.760256
0.0545567
0.477301
95
0.00680114
0.207348
0.068209
0.0910152
49
0.000399379
0.307345
0.822967
0.060516
0.350462
13
0.00787658
0.291555
0.0689433
0.02513
39
0.000179447
0.26476
0.906948
0.0257194
0.182676
77
0.00958764
0.751894
0.0784481
0.0850511
6
0.00357955
0.0121454
0.747387
0.0925381
0.172644
52
0.00454926
0.488534
0.0349262
0.160355
67
0.000176631
0.192135
0.930932
0.0651439
0.353392
70
0.0052681
0.9187
0.0992124
0.215471
40
0.00162531
0.172999
0.70585
0.0966069
0.483083
90
0.000310648
0.129985
0.0461236
0.430528
12
0.00328504
0.200135
0.97879
0.0468979
0.419637
86
0.00119885
0.415979
0.0331504
0.33612
32
0.00298063
0.0654814
0.980809
0.0868992
0.39175
56
0.00477408
0.357459
0.0646747
0.406953
38
0.00449048
0.351645
0.990832
0.0526396
0.131992
3
0.00993769
0.378601
0.0161758
0.171305
6
0.0013214
0.0449675
0.845594
0.03308
0.346634
2
0.00217757
0.840252
0.0110695
0.184017
82
0.00285069
0.0111244
0.988781
0.0825067
0.229733
86
0.00201512
0.694639
0.0538526
0.312998
51
0.00390122
0.384209
0.702378
0.0107261
0.388134
29
0.00648615
0.664907
0.0227096
0.3725
69
0.00146058
0.318801
0.822176
0.0798538
0.32329
16
0.0032278
0.747048
0.025678
0.279976
48
0.0029054
0.23242
0.761539
0.0931692
0.435744
13
0.00844885
0.189981
0.0967647
0.403605
3
0.000805263
0.0302855
0.84823
0.0215668
0.373984
97
0.00932497
0.718095
0.0299621
0.253572
85
0.00167332
0.315132
0.775412
0.0879497
0.260253
58
0.00102596
0.684261
0.0312208
0.0275319
44
0.00182743
0.19283
0.985503
0.0720676
0.447571
19
0.00374871
0.483891
0.0649298
0.273343
51
0.00420661
0.19524
