0.931383
0.064248
0.396194
68
0.00902677
0.0369232
0.0120467
15
1.1955
0.667727
0.00541047
0.998534
0.0712789
0.227257
17
0.00506056
0.0174182
0.0588831
85
2.93498
0.582436
0.00959861
0.924607
0.0247842
0.2013
33
0.00633537
0.0135774
0.454593
7
3.28913
0.538421
0.000668001
0.961691
0.155872
0.352738
4
0.00614501
0.0382122
0.0927379
31
2.3436
0.358477
0.00183222
0.977731
0.147275
0.399726
9
0.00326038
0.0291623
0.356373
72
1.40466
0.537373
0.00419586
0.98199
0.133909
0.1164
74
0.00518251
0.0265555
0.372844
27
3.03184
0.169665
0.0001233
0.948858
0.00945599
0.255544
46
0.000650353
0.0134683
0.18921
77
2.81617
0.0343752
0.00314687
0.908045
0.185747
0.49615
13
0.00896422
0.0438703
0.0896772
43
2.28008
0.124001
0.00155204
0.99381
0.181118
0.472915
40
0.00188757
0.0324778
0.191368
47
2.75601
0.00257184
0.00231114
0.949252
0.145233
0.206258
8
0.00191638
0.0253215
0.317654
43
2.52563
0.0514129
0.00198577
0.951006
0.00524816
0.457772
47
0.00703762
0.0231351
0.437597
79
2.08846
0.30981
0.000738155
0.987597
0.0658645
0.119248
96
0.003488
0.0402634
0.146059
24
2.00603
0.744451
0.00946966
0.96542
0.0313585
0.398553
82
0.00170285
0.0232405
0.395964
14
0.682546
0.354347
0.00381507
0.960785
0.0346529
0.303687
95
0.00282372
0.0192098
0.0274985
94
3.86466
0.704364
0.00628516
0.992749
0.0598243
0.471238
36
0.00479892
0.0448413
0.175426
93
0.888732
0.645978
2.17461e-05
0.966378
0.109942
0.447105
58
0.00468092
0.0307656
0.0630901
52
0.526592
0.258984
0.00438263
0.946726
0.167553
0.256202
29
0.00955767
0.0464134
0.3938
43
1.61019
0.17957
0.00557411
0.945351
0.102712
0.3159
43
0.0057685
0.017265
0.120055
73
3.8981
0.141907
0.00796158
0.932207
0.0492301
0.215049
60
0.00179513
0.0149448
0.284857
19
2.66584
0.672054
0.00390539
0.937235
0.178028
0.0959875
70
0.00996299
0.0177832
0.129591
66
2.40019
0.121488
0.00962406
0.980411
0.0838111
0.465189
56
0.00305174
0.0113632
0.33665
61
3.84518
0.799731
0.000507693
0.923263
0.140637
0.451774
93
0.0069386
0.0336597
0.179561
82
3.97397
0.601199
0.00236471
0.969884
0.0129678
0.340154
26
0.00968926
0.0482637
0.0814333
61
3.75059
0.148575
0.00538659
0.954753
0.194516
0.147663
23
0.00985576
0.0123987
0.48845
22
0.226831
0.793839
0.00166022
0.930586
0.0361691
0.435203
15
0.00115932
0.0138303
0.360625
44
3.3886
0.530731
0.00573832
0.920292
0.153095
0.293785
85
0.00221572
0.033573
0.364025
16
2.97078
0.560848
0.00353263
0.931127
0.150978
0.199052
79
0.000606579
0.0427841
0.481157
6
0.771024
0.192792
0.00118931
0.960464
0.11791
0.0331287
10
0.00370651
0.027304
0.441994
17
2.02807
0.643206
0.000334825
0.981556
0.0321915
0.0501013
57
0.00478829
0.0318718
0.300295
93
0.980788
0.73074
0.0061345
0.989133
0.00153936
0.106841
50
0.00346997
0.0268021
0.373823
57
2.06666
0.477655
0.00480312
0.937076
0.123247
0.116009
86
0.00586087
0.0132266
0.235138
21
3.42233
0.516648
0.000964239
0.91815
0.0923851
0.425724
27
0.00389452
0.0197131
0.31366
13
1.97852
0.607162
8.10062e-05
0.988733
0.137427
0.32188
65
0.00813986
0.0338403
0.428188
3
1.07865
0.276074
0.00443146
0.960378
0.00473735
0.304637
23
0.0024235
0.0165783
0.194219
27
2.76068
0.272838
0.00158808
0.975872
0.0522745
0.288016
30
0.00953626
0.046114
0.399572
42
0.438048
0.0427752
0.00356204
0.968869
0.0888921
0.228935
72
0.00186139
0.0144728
0.294336
17
2.25198
0.775827
0.00831952
0.944701
0.0834218
0.41089
91
0.00714572
0.0319555
0.0766395
50
1.85883
0.426673
0.00164722
0.929122
0.0586389
0.0591048
72
0.00994595
0.0489028
0.108557
20
2.92125
0.218864
0.00642897
0.975288
0.0760075
0.226459
83
0.000925148
0.0458479
0.00528203
55
0.652645
0.0294949
0.00965166
0.940171
0.0664626
0.385932
34
0.00868263
0.0155404
0.250599
92
0.702931
0.304789
0.00371599
0.973865
0.191518
0.247208
77
0.00236924
0.0257686
0.0342997
59
1.5571
0.255765
0.0081374
0.930474
0.0774098
0.188913
33
0.00728317
0.0208059
0.315371
35
2.4313
0.419763
0.000977033
0.929831
0.123962
0.487518
31
0.00261418
0.0433267
0.379795
7
2.38971
0.257763
0.00325261
0.942881
0.0338399
0.154257
5
0.00369617
0.0374929
0.302821
69
1.9968
0.571488
0.000449202
0.985239
0.10462
0.462483
28
0.0096072
0.0286485
0.330081
30
2.30762
0.333592
0.00667412
0.924205
0.173734
0.46103
62
0.00679891
0.0386071
0.0362466
15
2.99992
0.117253
0.0080844
0.91252
0.131537
0.107688
21
0.00774557
0.019614
0.349128
3
2.26812
0.792341
0.00620552
0.936426
0.0747906
0.234132
52
0.00920485
0.0254764
0.231707
67
3.58024
0.481422
0.00255767
0.964234
0.0831145
0.288808
99
0.00285494
0.0442033
0.176934
80
2.9039
0.226362
0.00618414
0.939993
0.170267
0.0257538
73
0.000116618
0.022999
0.14963
38
1.02846
0.672976
0.00953504
0.968106
0.0549608
0.307102
25
0.00915544
0.0315235
0.0208017
35
2.08258
0.567605
0.00226524
0.947238
0.154367
0.25762
58
0.00529919
0.0494781
0.47519
44
2.77014
0.232627
0.000287471
0.958064
0.114762
0.248969
67
0.00617183
0.0437495
0.0288862
6
1.0259
0.487611
0.00237084
0.940951
0.0594743
0.159796
45
0.00888091
0.0300775
0.39294
88
1.86891
0.0806965
0.00692835
0.99447
0.149732
0.374844
2
0.00520811
0.0499697
0.464668
59
0.916439
0.23
0.00742996
0.982481
0.13929
0.190484
76
0.00674473
0.0455473
0.17002
57
0.272793
0.23805
0.00733299
0.955552
0.193618
0.412396
9
0.00162088
0.0147467
0.266779
97
0.557903
0.451393
0.00976861
0.905324
0.10424
0.0936118
55
0.00671968
0.0432772
0.447067
94
1.33366
0.374648
0.000925478
0.903264
0.0626234
0.0269956
80
0.00964303
0.0243721
0.118571
68
2.05667
0.0952633
0.00321153
0.939575
0.0364235
0.0247799
78
0.0055175
0.0333494
0.0227375
91
1.51871
0.389217
0.00614542
0.922444
0.159757
0.168528
95
0.00936532
0.0216473
0.0444446
54
0.15191
0.780076
0.00324598
0.97612
0.166824
0.281034
67
0.00575155
0.0107994
0.312514
81
1.53047
0.00835477
0.00359016
0.902031
0.111427
0.366381
97
0.00851499
0.0401733
0.0469029
96
3.01995
0.212685
0.00732262
0.913321
0.101499
0.440225
6
0.00762548
0.0417034
0.264257
87
3.59079
0.290276
0.00680708
0.907803
0.115853
0.0990808
81
0.00736325
0.0292645
0.0543746
99
3.75878
0.742816
0.00448614
0.930019
0.146741
0.060416
32
0.0080798
0.0366861
0.255019
42
3.06895
0.345105
0.00131712
0.971681
0.170877
0.187756
37
0.00863398
0.013396
0.0735687
96
1.96193
0.271236
0.00525987
0.975463
0.179768
0.02205
72
0.00470721
0.0471941
0.0693552
53
1.76555
0.394577
0.000457436
0.950765
0.187503
0.192863
91
0.00805405
0.0358291
0.324187
54
2.07633
0.497175
0.00669624
0.949811
0.0551613
0.36558
21
0.00869378
0.0395388
0.389817
54
2.18473
0.349384
0.00496943
0.920632
0.0557263
0.345752
3
0.0035088
0.0141401
0.2708
46
2.02076
0.625712
0.00815324
0.927775
0.0278333
0.387378
70
0.00945962
0.0476486
0.232809
1
3.11704
0.67783
0.00139074
0.970848
0.112139
0.0754534
44
0.00619318
0.0466044
0.217735
3
0.732093
0.683392
0.00512658
0.941189
0.15568
0.334197
32
0.00512748
0.015313
0.159505
57
3.83728
0.119915
0.00188729
0.90655
0.0101939
0.491509
33
0.00358447
0.0360421
0.0510777
71
1.25318
0.466403
0.00639935
0.910456
0.192894
0.468025
61
0.000702794
0.0267375
0.486882
98
2.45802
0.251309
0.00206171
0.956155
0.131817
0.299693
82
0.00216537
0.0326565
0.00808588
62
0.511305
0.164208
0.00863385
0.963946
0.130679
0.125365
44
0.00988523
0.0416297
0.335195
84
0.431851
0.464297
0.00289552
0.983417
0.0763614
0.221256
17
0.0015553
0.0378739
0.236956
66
0.260716
0.630682
0.00362362
0.923977
0.190941
0.103473
81
0.00390193
0.0273914
0.0313088
6
1.90266
0.308727
0.00508192
0.992118
0.10358
0.355327
19
0.00897481
0.0127091
0.429746
2
3.40869
0.3476
0.00251481
0.904631
0.109357
0.4634
30
0.00438804
0.0207214
0.0853677
89
3.54818
0.415116
0.00480686
0.959084
0.149028
0.298562
41
0.0078483
0.0270961
0.291695
74
3.99523
0.0912592
0.00167337
0.954425
0.190525
0.123411
72
0.0054114
0.0443986
0.244289
37
3.85725
0.727799
0.0002542
0.915599
0.144413
0.14614
62
0.0033938
0.0356499
0.404328
78
0.454152
0.30091
0.00199906
0.955053
0.102194
0.182295
100
0.00178099
0.0272715
0.260832
36
1.12552
0.586675
0.00762679
0.939354
0.133939
0.252799
50
0.00240365
0.0150278
0.354054
79
3.76702
0.206805
0.000777227
0.943007
0.138961
0.481395
13
0.00381183
0.0159226
0.188747
75
1.89471
0.639573
0.00064779
0.901392
0.00860423
0.218835
57
0.00856738
0.02108
0.213065
31
1.84115
0.191374
0.00586488
0.972275
0.0205267
0.384949
32
0.00213818
0.0493433
0.411692
49
1.96188
0.211479
0.00334664
0.969371
0.150566
0.420055
60
0.00780377
0.0206752
0.212974
67
0.402177
0.0262229
0.00653513
0.983772
0.00369613
0.0325319
53
0.00796847
0.0276541
0.466273
70
0.866901
0.178193
0.00779351
0.95146
0.139899
0.181243
82
0.000148357
0.0264142
0.237543
32
2.83004
0.621788
0.00558458
0.925094
0.0684772
0.2966
57
0.00645109
0.0166544
0.480905
64
0.550111
0.366694
0.00407901
0.984869
0.00854686
0.267167
99
0.005797
0.0201043
0.248732
9
3.65205
0.00665849
0.00483294
0.977224
0.0616159
0.21736
65
0.00071479
0.0397006
0.206131
2
2.62041
0.570059
0.00859428
0.941471
0.0042836
0.394518
12
0.0014441
0.0128865
0.254124
90
1.01269
0.592495
0.00413496
0.959401
0.183996
0.382445
40
0.00457044
0.0463843
0.257666
55
1.75611
0.512712
0.00852421
0.955815
0.0443251
0.175888
39
0.00697592
0.037274
0.211281
68
3.65339
0.197522
0.0043143
0.976538
0.16954
0.109857
66
0.00293595
0.018959
0.493375
47
0.169559
0.313888
0.00911441
0.993357
0.0496234
0.258746
3
0.00340783
0.0366351
0.155759
91
3.17537
0.736259
0.00388086
0.96246
0.0702042
0.433761
36
0.000575548
0.0368102
0.398639
96
1.82594
0.675555
0.00263276
0.989429
0.151141
0.406149
38
0.00249159
0.0487351
0.245997
48
1.54321
0.204702
0.00445098
0.967179
0.127509
0.263652
11
0.00777095
0.0120709
0.293645
72
3.21615
0.629643
0.00111763
0.90223
0.0282923
0.0612724
52
0.00437457
0.0112132
0.479705
56
1.68824
0.115977
0.0030748
0.953568
0.146435
0.0049871
12
0.00440335
0.0358718
0.224811
100
0.59337
0.531759
0.00903407
0.929655
0.12122
0.236523
38
0.00394912
0.0436261
0.283434
69
1.79367
0.751438
0.00787153
0.947902
0.124537
0.488665
36
0.00493572
0.0462596
0.193036
99
3.72328
0.718117
0.00971875
0.99895
0.0827285
0.445861
80
0.00434481
0.0281908
0.0910579
85
0.389096
0.221753
0.00245104
0.993135
0.163117
0.371681
39
0.00721463
0.0106491
0.431271
39
3.05233
0.595185
0.00114269
0.956004
0.116755
0.121787
95
0.00705676
0.0253626
0.413042
46
1.79096
0.263439
0.00515822
0.902843
0.0183904
0.31208
9
0.00344765
0.0285175
0.401504
94
0.343018
0.429012
0.0033561
0.952453
0.0796621
0.338765
51
0.00972475
0.0365085
0.436117
29
2.64094
0.240264
0.00143129
0.995833
0.0412181
0.324624
41
0.00507086
0.0352848
0.221775
99
0.96467
0.562826
0.0052155
0.918293
0.140829
0.351117
57
0.00692249
0.0234782
0.166289
36
0.376431
0.363976
0.00135956
0.938332
0.182192
0.397872
93
0.00361456
0.0233065
0.0629935
85
3.35996
0.398276
0.00529475
0.955297
0.00314618
0.416219
23
0.00661892
0.0450706
0.38599
40
2.10924
0.368328
0.00305206
0.917817
0.0804775
0.0835366
87
0.00750149
0.0452155
0.416032
7
3.21253
0.430147
0.00511407
0.96272
0.125962
0.380735
20
0.00127407
0.0411447
0.444035
62
1.41949
0.252439
0.00543551
0.932593
0.114014
0.157499
77
0.00531412
0.0488559
0.122265
3
3.0767
0.41778
0.00691872
0.948005
0.0542299
0.105418
99
0.00215282
0.0446441
0.0779236
23
1.32651
0.495114
0.00659396
0.935593
0.0806733
0.308789
37
0.00149229
0.0444134
0.178354
32
3.22219
0.361973
0.00983131
0.993967
0.0221542
0.3732
34
0.000682719
0.0281545
0.472155
26
3.10967
0.449677
0.00490444
0.97902
0.0227944
0.483724
83
0.00171167
0.0139329
0.471349
58
0.579958
0.0723514
0.00253444
0.942121
0.00713141
0.498801
14
0.00772912
0.0392731
0.163851
74
1.26306
0.565136
0.0043553
0.980914
0.0705702
0.160146
34
0.00707398
0.0306434
0.239587
62
2.79205
0.0445626
0.00765335
0.959294
0.171546
0.22358
50
0.00154416
0.0185563
0.200083
10
1.91233
0.722129
0.00877718
0.963269
0.0931385
0.401487
49
0.00105897
0.0227199
0.0610607
66
1.41048
0.376885
0.000764273
0.907285
0.0566964
0.426563
53
0.00943372
0.0163582
0.0672718
94
3.60412
0.378405
0.0063235
0.9216
0.175462
0.0575019
1
0.0034445
0.0122636
0.307189
39
0.270643
0.759303
0.000698816
0.908672
0.0658898
0.0568444
91
0.000236802
0.0237788
0.308541
91
0.839819
0.522635
0.00562563
0.909753
0.0530666
0.203435
77
0.00336189
0.0447907
0.442251
86
2.84248
0.325248
0.00807179
0.91845
0.0291822
0.0300087
23
0.00231825
0.0171934
0.215864
24
0.72154
0.024911
0.00416584
0.934613
0.168237
0.326837
34
0.00410166
0.0229399
0.131323
7
3.33107
0.183044
0.00214684
0.916668
0.145907
0.354517
22
0.00862172
0.0297011
0.252208
60
2.13466
0.756229
0.00562071
0.901808
0.0327814
0.127347
39
0.0045384
0.0316629
0.199492
68
3.15908
0.533839
0.00146297
0.965213
0.119548
0.236049
8
0.00620366
0.0199259
0.087313
4
1.5473
0.317987
0.00702023
0.99151
0.0738901
0.476199
67
0.000509606
0.0240617
0.417386
25
0.739277
0.712072
0.00369952
0.974059
0.0434457
0.391833
52
0.00710069
0.0283603
0.281361
19
1.19866
0.461907
0.0021716
0.902409
0.0300593
0.0661797
47
0.00819716
0.0481097
0.160621
30
1.66623
0.151209
0.0072868
0.986497
0.184748
0.358474
19
0.00768926
0.0100175
0.355856
47
0.952791
0.52398
0.000516229
0.934758
0.18837
0.403227
48
0.00219614
0.0345844
0.203705
89
3.66507
0.545202
0.00171781
0.959895
0.108923
0.375948
14
0.00927199
0.0170879
0.10931
2
1.27426
0.599352
0.00836623
0.943486
0.0736632
0.210972
38
0.00745237
0.0246139
0.298056
53
3.57405
0.00354994
0.00611048
0.932438
0.0688602
0.242675
65
0.00205018
0.0496636
0.306391
88
1.64524
0.329151
0.000851187
0.986822
0.197046
0.239158
63
0.0064185
0.0324985
0.104208
37
3.50005
0.766814
0.00415701
0.914932
0.199432
0.47335
12
0.00276721
0.0286292
0.161292
40
2.99287
0.0979518
0.00889092
0.923416
0.149113
0.0655875
80
0.00199308
0.045186
0.202651
33
2.65017
0.498154
0.00399114
0.920165
0.0870503
0.0405437
23
0.00416781
0.0213939
0.403926
32
2.77647
0.0274651
0.00674064
0.994842
0.0059931
0.363712
78
0.00450312
0.0182152
0.0640252
18
1.17015
0.0523353
0.00468785
0.971121
0.0508223
0.207594
59
0.00656903
0.044012
0.208631
59
1.82212
0.710021
0.00818453
0.98502
0.0517928
0.011637
51
0.00907603
0.023663
0.134527
4
0.622
0.708254
0.00363172
0.93647
0.161198
0.189482
89
0.00549677
0.0141973
0.169574
82
2.62972
0.434403
0.00460274
0.966584
0.0384169
0.0638537
68
0.00747477
0.0210377
0.185717
60
3.69241
0.386877
0.00352249
0.966924
0.185513
0.0750022
36
0.00393578
0.0160451
0.228624
20
0.198846
0.280785
0.00375465
0.953249
0.0788346
0.0555961
64
0.00231306
0.0126225
0.150135
20
2.78483
0.774228
0.00635914
0.950355
0.0999036
0.0842084
75
0.00482383
0.034075
0.103204
94
2.59152
0.795563
0.000723616
0.998726
0.159091
0.23733
59
0.000863388
0.0486316
0.299896
15
1.31255
0.76425
0.000999915
0.988532
0.118218
0.444903
85
0.00268421
0.0362735
0.381167
95
3.05852
0.38558
0.00993968
0.968319
0.104901
0.405199
25
0.00225461
0.040744
0.0339646
30
2.23529
0.410571
0.00494566
0.919874
0.0140243
0.393641
97
0.00801495
0.0320338
0.0496938
66
3.47277
0.135142
0.000684795
0.905943
0.130789
0.364714
12
0.00472008
0.0131356
0.0957631
27
1.93847
0.167753
0.00594245
0.905726
0.01207
0.156471
78
0.00502988
0.0360915
0.0263417
76
3.80647
0.518737
0.00996754
0.957177
0.139919
0.490493
14
0.00778635
0.0140676
0.141048
26
0.369466
0.136886
0.00159247
0.945245
0.00788968
0.0100808
27
0.00603454
0.0150824
0.492317
34
3.93333
0.17392
0.00401147
0.967328
0.016028
0.0221812
35
0.00380174
0.0125211
0.0652932
8
2.09676
0.0764446
0.00598291
0.977822
0.131955
0.400959
92
0.00264012
0.0162042
0.265354
45
0.567615
0.10596
0.00208244
0.980675
0.162234
0.0767694
31
0.00918055
0.0177332
0.207262
48
1.6947
0.555383
0.00799486
0.960879
0.0868671
0.31947
71
0.00407637
0.0473071
0.182242
43
1.07101
0.403282
0.00686859
0.923122
0.192602
0.301788
48
0.00679211
0.0483576
0.101639
81
0.443204
0.569461
0.00929736
0.950218
0.122155
0.070912
27
0.00752566
0.0303596
0.230693
50
1.17687
0.689157
0.0055581
0.949668
0.0582894
0.191991
55
0.00853895
0.0190506
0.382936
61
1.9215
0.680419
0.00756961
0.961961
0.181907
0.215142
65
0.00820524
0.0343351
0.456137
71
2.61183
0.338161
0.00714623
0.979627
0.17003
0.233885
71
0.00688083
0.0369935
0.496169
29
0.672773
0.505992
0.00409092
0.964106
0.0896156
0.0167012
30
0.00622309
0.0383555
0.135438
83
0.146386
0.482681
0.00404532
0.965796
0.0169793
0.111045
97
0.00545297
0.0342017
0.280226
28
2.98088
0.432242
0.00750818
0.906994
0.166993
0.322203
25
0.00365397
0.0471058
0.478257
55
1.73924
0.479564
0.00527214
0.990934
0.0901201
0.0477391
30
0.00500636
0.0111255
0.0725719
9
3.14856
0.117997
0.000135397
0.996802
0.0144311
0.329358
79
0.00630268
0.0298489
0.333902
63
0.893186
0.674248
0.00849789
0.93566
0.192202
0.414175
24
0.00476921
0.0122335
0.3904
56
3.13065
0.656296
0.00246767
0.987134
0.00255755
0.432562
44
0.00638067
0.0221749
0.187704
22
2.54192
0.503265
0.00298867
0.908449
0.15497
0.383443
43
0.00079045
0.024642
0.387161
90
0.417802
0.155495
0.00685734
0.914063
0.0953231
0.421905
75
0.000616755
0.0290069
0.484316
76
0.928133
0.576222
0.00933009
0.925718
0.121071
0.466589
9
0.00858335
0.0380457
0.0116319
14
0.636498
0.679671
0.000545197
0.90041
0.17214
0.330835
76
0.00723055
0.0104174
0.418476
29
1.98919
0.724534
0.00280617
0.957411
0.0400999
0.179443
15
0.0032935
0.0332367
0.00399093
60
3.14159
0.608498
0.00318477
0.92275
0.13635
0.499168
64
0.00886043
0.0225783
0.25822
78
1.27786
0.288203
0.00913869
0.914815
0.0816143
0.0283551
54
0.00874222
0.0373573
0.0470729
48
1.57524
0.720684
0.00578857
0.957579
0.171114
0.0469365
42
0.00848283
0.0320894
0.368511
80
2.25553
0.577419
0.00950307
0.94239
0.18646
0.449566
26
0.00932441
0.0362086
0.463695
33
1.81344
0.778183
0.00908808
0.994305
0.119974
0.126317
54
0.00975636
0.029105
0.114584
99
3.94212
0.187895
0.00110655
0.952525
0.114177
0.392433
40
0.00667577
0.0406831
0.337251
49
0.250957
0.156271
0.0098961
0.921303
0.0177971
0.133769
90
0.0027848
0.0119083
0.197508
16
2.33469
0.0143813
0.00229101
0.97825
0.167876
0.00249188
95
0.00523267
0.0412514
0.251677
77
0.804371
0.605833
0.000479363
0.909161
0.0471589
0.0895842
84
0.00376634
0.0249028
0.376982
30
2.42228
0.322958
0.0010595
0.959785
0.157537
0.0627204
75
0.0070129
0.0439398
0.49877
24
2.29565
0.195628
0.00288213
0.949905
0.00206525
0.149953
96
0.00566621
0.0202191
0.0503438
82
2.03436
0.0614353
0.00986713
0.956699
0.0537415
0.295442
29
0.00426299
0.0409809
0.467785
29
0.909616
0.399391
0.00169426
0.928473
0.07745
0.0413826
90
0.0036274
0.0173078
0.233344
33
2.5603
0.626123
0.00432694
0.938607
0.188046
0.193606
69
0.00403665
0.0339558
0.35114
90
1.77744
0.444394
0.00703394
0.976916
0.115032
0.417892
88
0.00732925
0.0396057
0.375473
79
3.68952
0.086337
0.00847559
0.916421
0.173142
0.349894
16
0.00274239
0.0225422
0.290703
90
3.18411
0.52788
0.00633683
0.990041
0.0722988
0.155905
88
0.00332037
0.0137215
0.246866
55
2.21586
0.340248
0.0048603
0.917145
0.0989152
0.0104483
57
0.00131062
0.0206054
0.0450708
53
0.463519
0.046645
0.00591502
0.941802
0.0546726
0.0531862
94
0.00227078
0.0460518
0.289673
14
0.709741
0.162279
0.00107602
0.958447
0.0133663
0.300111
54
0.00077095
0.0223188
0.272403
98
1.64668
0.529536
0.00385339
0.972195
0.0925782
0.284864
55
0.00304755
0.035019
0.434198
31
3.79618
0.184822
0.00957794
0.973148
0.117186
0.245666
95
0.00732694
0.0433614
0.205612
36
1.61577
0.158749
0.00854718
0.95174
0.110225
0.134861
16
0.00878356
0.0296575
0.311767
13
3.78612
0.696415
0.00501656
0.970362
0.16047
0.424524
20
0.000848051
0.0168871
0.0187909
22
1.77389
0.755
0.00821321
0.973471
0.111143
0.460852
5
0.0083558
0.0462336
0.465794
11
3.27353
0.785667
0.00745989
0.911361
0.0121806
0.29438
87
0.00554271
0.0191334
0.31972
63
2.48192
0.188542
0.00606254
0.945682
0.0768387
0.0240428
100
0.000967898
0.0405491
0.473596
20
2.43964
0.0822769
0.00411031
0.907425
0.0193478
0.389186
15
0.00374034
0.0147063
0.451451
7
3.92269
0.582982
0.00337127
0.993516
0.115403
0.0950236
85
0.00047644
0.0180436
0.342958
27
2.2781
0.782292
0.00835982
0.936851
0.0960583
0.453717
13
0.0022853
0.0422307
0.0402067
48
1.15762
0.502028
0.00868365
0.981578
0.0378304
0.313511
73
0.00948153
0.0351881
0.195095
77
1.59002
0.413198
0.00682755
0.950638
0.0512375
0.269178
53
0.00894624
0.0354779
0.40936
12
3.26638
0.653364
0.00342872
0.972845
0.0349383
0.105004
93
0.00597014
0.0308744
0.440957
58
0.747272
0.244729
0.00491983
0.944492
0.0174015
0.305348
76
0.00810974
0.01086
0.38025
44
0.310199
0.664814
0.00061148
0.911161
0.0250638
0.225288
38
0.00832293
0.0128707
0.37896
92
3.46216
0.636282
0.00676589
0.969021
0.14197
0.111811
51
0.00197644
0.0344994
0.0553846
57
2.04943
0.0554734
0.00823614
0.958231
0.148624
0.05863
2
0.00514956
0.0334798
0.0301776
69
3.90896
0.409753
0.00638339
0.964933
0.0915068
0.199979
56
0.00892613
0.04695
0.384788
12
1.97101
0.260103
0.000105575
0.913541
0.0484985
0.17624
47
0.00397603
0.0195653
0.286453
91
3.98727
0.764871
0.00120994
0.915909
0.133422
0.0394198
14
0.00588276
0.0323383
0.402487
16
2.49565
0.423942
0.001768
0.984307
0.163524
0.231756
88
0.00627084
0.0415641
0.223447
78
2.58686
0.200418
0.00474318
0.96119
0.0589888
0.474829
22
0.000806357
0.0190146
0.414611
75
2.22746
0.77025
0.00584505
0.916464
0.0875587
0.00162338
6
0.000935209
0.0188723
0.0292577
13
3.12526
0.289449
0.00274247
0.988209
0.0679973
0.494901
79
0.00836568
0.0146211
0.137748
10
3.39029
0.129696
0.000872841
0.908916
0.00382002
0.137623
70
0.0052609
0.0106366
0.282074
66
1.62684
0.132093
0.00154452
0.903447
0.0955894
0.135877
6
0.00110221
0.0238569
0.263641
89
1.80412
0.393474
0.00570255
0.937848
0.179654
0.359902
97
0.00842665
0.021444
0.216782
38
0.279862
0.0354132
0.00723606
0.985946
0.179079
0.495104
31
0.00612875
0.0391455
0.0685606
79
2.82634
0.470432
0.00937113
0.991349
0.0298082
0.16145
1
0.00536548
0.0186619
0.386775
100
3.51007
0.760985
0.00739558
0.923677
0.0603497
0.27651
92
0.00595878
0.046843
0.310586
19
2.53822
0.546478
0.00981689
0.938836
0.0479091
0.317753
71
0.000400805
0.0282824
0.181489
44
3.34761
0.65258
0.00282469
0.967609
0.121711
0.43694
59
0.00839068
0.0442803
0.329813
18
3.32698
0.401313
0.002952
0.983689
0.162832
0.0781015
1
0.00423717
0.0124785
0.371915
5
2.60337
0.347774
0.00850194
0.928265
0.107543
0.152664
54
0.00139131
0.0129873
0.0939912
26
1.18917
0.0410782
0.00606549
0.901706
0.0343872
0.369114
35
0.00464739
0.0355997
0.152199
21
0.406073
0.234846
0.00546557
0.945113
0.186714
0.279428
49
0.00421362
0.037806
0.214129
98
0.309398
0.201746
0.00624533
0.960029
0.198946
0.0181184
94
0.00922787
0.0158276
0.0980349
88
3.80793
0.101025
0.00776832
0.997199
0.0285307
0.183538
55
0.00798779
0.0477624
0.126556
37
3.95245
0.0704555
0.00180845
0.979827
0.0480434
0.439966
92
0.0060879
0.0380838
0.0527922
31
3.90402
0.451695
0.00861996
0.919435
0.0798544
0.132952
33
0.00922639
0.0346937
0.112743
69
1.49966
0.63258
0.00257272
0.916124
0.128494
0.03171
24
0.00536993
0.0409296
0.288863
17
1.20638
0.715996
0.000304071
0.944302
0.173536
0.274716
68
0.00398236
0.0453047
0.0432534
41
1.60267
0.514893
0.00580981
0.963035
0.0411269
0.0691197
89
0.00829029
0.0420471
0.357811
82
0.505412
0.223994
0.0092386
0.925901
0.142403
0.0879634
42
0.00682819
0.0220056
0.0232969
87
1.564
0.0749044
0.00595387
0.966133
0.0717325
0.353953
97
0.0003522
0.0245076
0.448248
37
2.93381
0.7974
0.00769302
0.927428
0.0911407
0.372294
19
0.00503874
0.0102915
0.499561
75
1.08585
0.207672
0.00149493
0.916914
0.0966221
0.0177775
86
0.00803103
0.0220818
0.497864
16
3.35906
0.520479
0.009386
0.979254
0.151546
0.170315
45
0.00956686
0.0219079
0.461872
75
2.86952
0.37
0.00943166
0.922125
0.165493
0.485902
28
0.00591206
0.0167552
0.397209
39
0.93897
0.510565
0.00975914
0.938199
0.0218187
0.404661
46
0.00539891
0.0492387
0.0192709
37
0.21951
0.493721
0.00576682
0.941649
0.190151
0.489312
91
0.00359722
0.0472701
0.243002
10
3.43552
0.511469
0.00749535
0.948441
0.0475573
0.164025
7
0.00207692
0.0294696
0.296999
28
0.295426
0.693053
0.00994548
0.912158
0.112616
0.0927682
86
0.000136162
0.0249686
0.476457
67
0.900062
0.0923124
0.00698807
0.901131
0.16483
0.243737
43
0.00737727
0.0284659
0.190208
36
2.66126
0.352773
0.00968139
0.970562
0.137782
0.486678
7
0.00604597
0.0417883
0.210823
76
3.30764
0.735082
0.00260867
0.971969
0.196471
0.196518
48
0.0043124
0.0228552
0.106221
1
2.19133
0.548722
0.00583747
0.943199
0.00771255
0.379358
74
0.00301393
0.0187517
0.0972771
50
3.49279
0.658416
0.00177114
0.976789
0.120416
0.362417
28
0.00939868
0.0423033
0.0596847
77
0.324531
0.559981
0.00797216
0.933409
0.0106885
0.361275
5
0.00324369
0.0198332
0.367675
66
1.2418
0.131194
0.00533378
0.903063
0.0398643
0.00771257
74
0.00320861
0.0116154
0.183848
41
0.648753
0.113531
0.00832681
0.984019
0.0215605
0.166828
27
0.00583322
0.0312545
0.143801
18
2.68053
0.712962
0.00784216
0.909591
0.105635
0.0375615
28
0.00544075
0.0382748
0.26918
93
0.712779
0.508041
0.00454658
0.913047
0.0620181
0.244642
84
0.00203006
0.0213123
0.285197
18
0.601646
0.0953562
0.000429394
0.914359
0.067001
0.467705
66
0.00938544
0.0318306
0.419833
32
3.25573
0.585764
0.00654798
0.906841
0.106352
0.138485
51
0.00486076
0.0375612
0.48575
26
3.48769
0.66956
0.00705339
0.93311
0.0977015
0.325541
90
0.00906878
0.040471
0.427737
6
3.70291
0.166671
0.00151296
0.982969
0.0260065
0.273895
13
0.00166905
0.0312985
0.138285
4
3.24582
0.332207
0.00784675
0.987023
0.177497
0.415321
25
0.00257155
0.0266595
0.327186
9
0.858619
0.535491
0.00967199
0.933705
0.128115
0.0830057
46
0.00729212
0.0386951
0.242868
29
1.45956
0.0385926
0.00789133
0.945942
0.0648883
0.448736
60
0.00806111
0.0304832
0.121569
58
3.17089
0.0900527
0.000899154
0.931699
0.199613
0.479924
32
0.00259106
0.0393442
0.0717673
73
3.54204
0.749962
0.00439658
0.984627
0.155123
0.458644
84
0.0028759
0.0486494
0.358042
84
2.71833
0.719251
0.00430528
0.92478
0.108025
0.162191
77
0.000880798
0.0431518
0.226542
27
1.71143
0.616992
0.00272243
0.962092
0.0632844
0.0794415
21
0.00998469
0.0148599
0.154474
58
1.4315
0.491377
0.0031873
0.969516
0.0310266
0.443603
67
0.0029296
0.0434581
0.350207
73
1.3722
0.713861
0.00102818
0.995644
0.113467
0.25397
39
0.000269876
0.0328409
0.340404
21
3.20391
0.445786
0.00392657
0.90615
0.0961461
0.470658
26
0.0041418
0.0399936
0.374833
38
2.41469
0.459608
0.00706922
0.974468
0.185264
0.186374
98
0.00758318
0.0244671
0.0141064
71
1.85249
0.471447
0.000194048
0.978421
0.158354
0.428574
96
0.0031396
0.0109617
0.309153
74
3.88727
0.660239
0.00467883
0.978773
0.0185364
0.277486
50
0.00793752
0.0205302
0.105633
68
3.41486
0.552411
0.00689144
0.984406
0.19598
0.00534239
52
0.00239544
0.032261
0.240028
62
1.88562
0.550085
0.00931331
0.921463
0.0372107
0.419417
88
0.0026279
0.0421042
0.415315
62
1.11416
0.443148
0.00719844
0.962209
0.165363
0.0675851
7
0.00424063
0.0428741
0.323914
82
0.158025
0.125105
0.0057135
0.964737
0.0853819
0.087043
56
0.0069509
0.0490068
0.220945
76
0.797392
0.603389
0.00137209
0.9528
0.105909
0.270272
78
0.000218172
0.0212294
0.422259
97
3.85178
0.297938
0.00694455
0.979457
0.030618
0.26814
2
0.00651165
0.0154676
0.262942
5
2.6976
0.746763
0.00276612
0.982819
0.00570217
0.407556
7
0.00657648
0.0334219
0.400083
3
3.96648
0.320232
0.00727195
0.961528
0.0525274
0.173184
54
0.00568938
0.0384065
0.453158
25
0.758957
0.0847478
0.00756056
0.93194
0.125414
0.0912579
65
0.00269439
0.045834
0.0740207
36
2.69436
0.0995812
0.00519049
0.990854
0.181687
0.493968
15
0.00266356
0.0427176
0.491895
51
3.0893
0.301687
0.00180645
0.913842
0.161991
0.492334
4
0.00289355
0.0131073
0.0962844
17
0.384234
0.666496
0.000576104
0.988023
0.0780231
0.153181
85
0.00647927
0.0180885
0.301857
65
1.52503
0.790262
0.00780459
0.90263
0.153663
0.437849
8
0.00740936
0.0219818
0.494591
11
3.30299
0.650123
0.000187657
0.928572
0.168713
0.297979
45
0.000368593
0.0322166
0.227201
25
1.05819
0.43739
0.00651325
0.963591
0.180527
0.41331
96
0.00581067
0.0178525
0.259235
59
2.50248
0.604023
0.00886885
0.953666
0.135301
0.344686
86
0.00562892
0.0142522
0.162827
79
2.86095
0.540075
0.00339283
0.986138
0.120359
0.222402
43
0.00459936
0.0316859
0.352669
34
1.31691
0.240757
0.00736614
0.905072
0.1826
0.286278
10
0.00314963
0.0441401
0.133302
54
2.35856
0.620976
0.00475687
0.951608
0.195097
0.28207
6
0.00510676
0.0114914
0.33267
80
2.00961
0.112476
0.00900716
0.917986
0.0569275
0.314518
28
0.0062573
0.0115973
0.39472
56
0.785916
0.0228308
0.00949931
0.900691
0.128857
0.122423
8
0.00960007
0.0418585
0.0567985
97
2.19531
0.27448
0.00116223
0.93386
0.108134
0.17262
96
0.00130338
0.0241443
0.275692
12
1.21797
0.588269
0.004707
0.995455
0.0429253
0.27837
19
0.00811918
0.0298272
0.180649
98
0.206281
0.638177
0.00204334
0.939154
0.133027
0.114264
20
0.00846525
0.0199122
0.000422563
45
0.851302
0.224954
0.00220644
0.972611
0.0153833
0.335703
51
0.00462495
0.0268866
0.229166
95
2.72351
0.414776
0.00094623
0.919022
0.141557
0.246821
83
0.00251642
0.0176321
0.338384
57
2.17218
0.362951
0.00200809
0.949487
0.134382
0.409394
31
0.00181746
0.0152004
0.0393325
88
3.61304
0.320701
0.00174204
0.948279
0.025491
0.283783
59
0.00296747
0.0387505
0.151682
46
0.216341
0.140598
0.000565181
0.928838
0.1299
0.311779
3
0.00209466
0.015676
0.268897
87
3.24283
0.24826
0.00311462
0.964361
0.0993389
0.20277
20
0.00817302
0.0278967
0.470344
10
3.52109
0.268769
0.00373634
0.912344
0.187187
0.464777
10
0.00890562
0.0490603
0.107847
87
3.77128
0.725678
0.00290762
0.915125
0.0420751
0.0807148
72
0.00488822
0.0435778
0.495985
42
3.45456
0.128139
0.000245075
0.94895
0.0860937
0.316705
42
0.00666294
0.0109004
0.13223
70
3.00458
0.0500619
0.00298461
0.954971
0.0628072
0.423466
99
0.00211587
0.0430132
0.348813
72
0.176426
0.728849
0.00259214
0.981208
0.0948285
0.11889
87
0.00445738
0.033115
0.0530813
70
2.40261
0.476846
0.00551358
0.945847
0.136077
0.306855
44
0.000997173
0.0354173
0.0172052
28
2.89744
0.644096
0.00405322
0.968123
0.116211
0.211575
81
0.00150766
0.0203569
0.00492282
63
3.43708
0.0741204
0.00466204
0.910028
0.0908191
0.48028
35
0.000256031
0.0151739
0.0750165
75
0.332217
0.468847
0.00793141
0.946497
0.0969469
0.064307
19
0.00491516
0.0478633
0.474832
12
2.34988
0.662538
0.0027072
0.94411
0.160917
0.0121417
5
0.000424025
0.0274401
0.12456
61
1.44366
0.104704
0.000597171
0.912051
0.0693988
0.475807
68
0.00123546
0.0248479
0.125413
88
0.613641
0.00958061
0.00919861
0.926133
0.107004
0.367462
82
0.00711261
0.0327879
0.388801
4
2.37595
0.552126
0.00327157
0.948617
0.0354423
0.289975
74
0.00607706
0.0444874
0.34463
99
2.96317
0.328396
0.00868014
0.997285
0.0453516
0.212851
93
0.000284447
0.0498362
0.035039
34
3.38074
0.407601
0.00734412
0.94025
0.064411
0.174993
25
0.00665022
0.02659
0.487453
72
1.49253
0.265517
0.00384061
0.966114
0.0853393
0.275213
71
0.00465862
0.0348427
0.460446
42
1.35826
0.390846
0.00773246
0.942753
0.119202
0.0460824
81
0.00327737
0.0349316
0.331162
17
0.967801
0.0621028
0.00680083
0.996328
0.0791502
0.136107
76
0.00880058
0.0279539
0.363295
47
1.67992
0.380351
0.00767594
0.927163
0.172027
0.37827
16
0.0010113
0.0424643
0.412527
14
2.49047
0.0540626
0.00191493
0.935111
0.158896
0.151922
3
0.00126223
0.0193805
0.0706043
94
1.25044
0.102945
0.003663
0.971315
0.157824
0.0429584
98
0.00451711
0.0182712
0.218567
87
0.184227
0.15224
0.0052413
0.992639
0.0507473
0.310486
60
0.00117411
0.0247464
0.177019
32
0.29242
0.591235
0.00456941
0.965107
0.0333987
0.272031
94
0.00909189
0.0429486
0.346289
89
3.08215
0.293478
0.00918008
0.94378
0.178433
0.0209881
40
0.00136777
0.0419701
0.110763
85
2.24057
0.330642
0.00892663
0.980229
0.0242691
0.0354194
11
0.00592929
0.0261089
0.483056
59
2.9838
0.486757
0.00427729
0.973833
0.101854
0.422228
98
0.0043253
0.0227888
0.438888
86
0.657262
0.31733
0.00488218
0.939608
0.0383372
0.141452
66
0.00382575
0.0289028
0.0109907
95
2.5664
0.339195
0.000163511
0.927048
0.0235536
0.120725
67
0.00966598
0.0389395
0.19639
52
1.46386
0.768195
0.000841463
0.929009
0.12709
0.17848
82
0.000658572
0.0299412
0.241224
14
1.94977
0.0680986
0.00711946
0.997906
0.196208
0.124317
79
0.00783677
0.0347604
0.0867941
6
3.81646
0.172503
0.00347218
0.968592
0.0918712
0.429095
63
0.00634499
0.0103282
0.222897
80
2.16488
0.564112
0.00905808
0.987444
0.176715
0.395119
48
0.00825844
0.0364044
0.34197
63
1.48579
0.228383
0.00210808
0.977544
0.138362
0.0737785
35
0.0086596
0.0270051
0.353622
2
0.52252
0.465552
0.00961491
0.95331
0.175172
0.0390328
46
0.00201755
0.0408441
0.0609739
86
2.12943
0.573091
0.00463482
0.975791
0.124935
0.484102
87
0.00611654
0.0363319
0.139491
41
1.39394
0.78547
0.00864344
0.992994
0.057666
0.430401
75
0.00428826
0.0467919
0.117378
51
2.89385
0.0832566
0.00243103
0.9917
0.0697171
0.0154469
83
0.0018421
0.0475777
0.316857
47
0.604386
0.686089
0.00753137
0.942317
0.0443892
0.320685
71
0.00986904
0.0336943
0.099845
23
0.478102
0.690734
0.00934921
0.965702
0.144149
0.0138505
22
0.00246225
0.0410511
0.40731
8
3.53433
0.0580921
0.00811497
0.985518
0.0163373
0.336781
6
0.00659757
0.0313806
0.048276
28
1.11023
0.291976
0.00984244
0.926915
0.189039
0.0889303
10
0.00951364
0.020893
0.359239
39
0.925367
0.419432
0.00978466
0.947541
0.0755157
0.0307368
67
0.00654676
0.037137
0.320327
81
2.57276
0.383407
0.00626769
0.990413
0.026148
0.348468
62
0.00761975
0.0413642
0.0780894
65
2.83549
0.147773
0.00505351
0.95389
0.07084
0.0441353
49
0.00715205
0.0374285
0.256611
98
3.37378
0.596589
0.00870586
0.904878
0.0114805
0.230175
31
0.00791242
0.0136415
0.322415
67
0.468275
0.237349
0.00817303
0.926393
0.0571639
0.251692
9
0.00766631
0.0287714
0.0429644
80
2.59884
0.432693
0.0053739
0.921863
0.180388
0.0909794
64
0.00950263
0.0343056
0.168102
72
0.848219
0.159493
0.000393622
0.978825
0.117428
0.108181
62
0.00904486
0.0261827
0.482156
70
3.87415
0.267811
0.00341501
0.994928
0.164239
0.22945
3
0.000475683
0.0344772
0.345159
23
2.91727
0.579081
0.00624033
0.93302
0.134902
0.285237
80
0.00726282
0.0376998
0.339191
64
1.10247
0.359537
0.0035674
0.951964
0.111728
0.347353
58
0.00875424
0.0165029
0.123793
84
3.52258
0.282862
0.00331245
0.915264
0.106568
0.350786
42
0.00222105
0.0430426
0.144804
38
3.62576
0.0163884
0.00646427
0.941102
0.104067
0.408045
94
0.00408022
0.0479458
0.198624
35
0.818213
0.107303
0.00875912
0.935367
0.0151093
0.00335065
62
0.00556069
0.0278118
0.140058
37
0.833141
0.176276
0.00599167
0.974737
0.0984606
0.131469
75
0.0012105
0.0154204
0.424676
93
2.04051
0.153202
0.00972546
0.944805
0.118504
0.213203
61
0.000438999
0.0480297
0.253495
71
3.67429
0.664084
0.00882855
0.919694
0.172612
0.220779
69
0.00513198
0.0224208
0.0806174
90
0.362408
0.21804
0.00397697
0.982695
0.16172
0.250624
3
0.00173082
0.039019
0.0661291
8
2.51329
0.0656376
0.00215894
0.983262
0.0231492
0.148274
86
0.00720699
0.0262539
0.287468
51
3.59703
0.641649
0.006583
0.904091
0.0200749
0.452455
92
0.00883334
0.0133273
0.158603
31
2.81032
0.312591
0.00716394
0.982261
0.148047
0.0971161
59
0.002994
0.0379776
0.234412
5
2.36443
0.351059
0.00509189
0.913179
0.127726
0.376921
46
0.00142082
0.0484158
0.136935
95
2.31564
0.1395
0.000361255
0.936798
0.193791
0.0435872
17
0.00990467
0.0259551
0.172622
13
3.05003
0.203331
0.00461163
0.989519
0.00899364
0.238583
92
0.000187475
0.0302893
0.0166283
83
2.71057
0.484703
0.00426114
0.985673
0.183554
0.427696
69
0.0097963
0.019488
0.261913
84
2.2079
0.441873
0.00661558
0.920571
0.00980305
0.333473
44
0.000533342
0.0485555
0.0382261
77
1.50837
0.0594472
0.00999013
0.930719
0.0985169
0.165978
26
0.00419804
0.0401309
0.127844
24
1.63665
0.019929
0.0064526
0.980061
0.0404818
0.0715071
89
0.00882067
0.0397761
0.219529
24
1.09524
0.391794
0.0013428
0.946253
0.165855
0.264697
37
0.0033424
0.0144831
0.426107
70
3.55398
0.627476
0.00103679
0.958713
0.0318518
0.262784
29
0.000553118
0.0403248
0.295843
19
1.46787
0.0693855
0.0054543
0.908239
0.147804
0.178062
17
0.00560364
0.0258858
0.171159
83
0.77321
0.144276
0.0054925
0.931616
0.0884278
0.456425
4
0.00245454
0.0459241
0.142665
45
3.74264
0.691968
0.00670439
0.957701
0.0149238
0.356458
45
0.00017566
0.0263658
0.408442
17
0.423244
0.457199
0.0072167
0.951202
0.0203329
0.343196
40
0.00104257
0.0305941
0.119208
53
2.94422
0.0117559
0.00588483
0.907594
0.0601278
0.164145
50
0.00932812
0.0394288
0.446799
11
2.21963
0.611175
0.00532233
0.996552
0.126111
0.224801
69
0.00759038
0.0255821
0.201644
22
0.755998
0.634333
0.00899117
0.905534
0.177156
0.0363714
4
0.00527774
0.0376566
0.115258
45
1.14082
0.198144
0.00442326
0.995271
0.0394575
0.360641
85
0.00586317
0.0104947
0.435578
3
3.82958
0.271049
0.00129075
0.981157
0.124235
0.197708
12
0.000893899
0.0257569
0.00718713
42
1.42708
0.372284
0.0023442
0.962874
0.191671
0.368559
58
0.00912817
0.0119554
0.17496
35
1.34718
0.234278
0.00602873
0.911561
0.14359
0.158177
73
0.00565178
0.0465116
0.377122
69
3.44546
0.732241
0.00907831
0.981957
0.152352
0.205697
98
0.00823824
0.0230606
0.0156494
44
2.87745
0.371588
0.00554024
0.957869
0.0295456
0.113966
36
0.00146617
0.0127325
0.15703
34
2.14269
0.0398629
0.00128852
0.920851
0.0752013
0.477725
52
0.00752367
0.0193574
0.455826
65
2.38493
0.740872
0.000828441
0.974438
0.0732051
0.0690558
70
0.00669812
0.0301787
0.369873
40
0.691196
0.184274
0.00709462
0.917335
0.0437218
0.0724099
62
0.0076574
0.0400574
0.458563
44
2.29387
0.475484
0.00193567
0.906409
0.0821284
0.129722
87
0.0083035
0.0438079
0.271925
62
1.13002
0.439131
0.00925104
0.976358
0.00659616
0.261016
90
0.00355196
0.0498861
0.425979
92
0.629602
0.556944
0.00390758
0.92228
0.153935
0.266647
84
0.00120688
0.0474615
0.462597
2
2.85463
0.453551
0.00517513
0.996199
0.0844188
0.261866
18
0.00844505
0.0293471
0.304525
81
2.14932
0.287022
0.00826416
0.988415
0.183032
0.450505
46
0.00474009
0.0454147
0.43225
48
0.823873
0.126621
0.00240704
0.997628
0.126753
0.323436
29
0.00860575
0.0211549
0.366489
20
1.83442
0.341498
0.00920357
0.918791
0.0271943
0.102501
76
0.0092965
0.0341432
0.443484
19
0.985222
0.436197
0.00249014
0.93611
0.178783
0.446907
8
0.00599181
0.0311978
0.274927
73
2.4706
0.776542
0.00760557
0.940728
0.164128
0.185483
47
0.00570854
0.0329492
0.167528
100
1.29934
0.170505
0.00880179
0.943723
0.00288106
0.150834
97
0.00193311
0.0405685
0.184889
52
3.47711
0.762405
0.00309995
0.956335
0.176108
0.101311
15
0.000975941
0.0175902
0.0132279
65
3.71042
0.424728
0.00227475
0.952208
0.0861914
0.254216
81
0.00307937
0.0357545
0.445862
26
1.70682
0.220664
0.00535261
0.970263
0.156584
0.140401
89
0.00195384
0.0164571
0.297115
54
1.28477
0.741685
0.00885861
0.932778
0.0729743
0.338012
11
0.00690331
0.0260751
0.396061
92
1.29694
0.278098
0.00616408
0.978035
0.144736
0.0349607
11
0.00822818
0.0251063
0.33486
25
3.63637
0.0324003
0.00477809
0.904376
0.0209132
0.411755
48
0.0062849
0.0350839
0.365261
49
2.7296
0.295095
0.0060897
0.960985
0.188493
0.184354
42
0.0025427
0.0174929
0.148627
27
1.88183
0.344032
0.00185297
0.934448
0.14308
0.0811122
91
0.00984104
0.0325612
0.111174
53
1.22556
0.526513
0.0082897
0.940582
0.152169
0.0499579
63
0.00754869
0.0280339
0.225116
23
0.188939
0.405952
0.000383365
0.977193
0.0111554
0.43874
77
0.00108999
0.0252774
0.468392
64
1.38393
0.0050007
0.00758245
0.934972
0.0676898
0.0516546
83
0.00976325
0.0117846
0.165354
50
2.73482
0.612884
0.00742166
0.900028
0.157007
0.431513
54
0.00284665
0.0426293
0.276665
30
1.37864
0.303227
0.00366868
0.957006
0.0375469
0.216623
33
0.00839935
0.0138847
0.370866
59
3.03558
0.0648384
0.00724977
0.912768
0.0237229
0.357318
24
0.00158356
0.0251427
0.0829931
33
1.04951
0.357198
0.00126766
0.991876
0.00138971
0.388221
18
0.00926443
0.0304526
0.439559
91
3.67719
0.758358
0.00774901
0.900981
0.100799
0.332105
68
0.00385663
0.0101437
0.391426
21
1.33754
0.580212
0.00148818
0.947056
0.0812486
0.497483
61
0.0094133
0.0301429
0.116124
87
1.74986
0.0201999
0.00330095
0.910642
0.157125
0.240944
39
0.00652754
0.0294089
0.156814
96
0.670404
0.747531
0.00422069
0.947386
0.138171
0.194948
8
0.00497233
0.0120927
0.45215
97
1.72477
0.499665
0.000323149
0.969257
0.100496
0.292793
63
0.00111218
0.0168668
0.186607
39
0.989359
0.162617
0.00301138
0.969957
0.174137
0.241497
73
0.00676353
0.0183606
0.00993923
33
2.11703
0.0481874
0.00665865
0.90938
0.195245
0.1284
36
0.00787819
0.0169983
0.0257172
86
2.32368
0.261707
0.00282856
0.928106
0.122956
0.00814733
24
0.00700207
0.033031
0.164594
5
3.64058
0.542488
0.00954482
0.929331
0.0190152
0.381026
80
0.00872954
0.0112929
0.469161
92
3.27947
0.460523
0.00663475
0.924525
0.0275213
0.0984855
61
0.00484666
0.0295632
0.0210984
52
3.31713
0.687364
0.00841106
0.923854
0.169061
0.167179
65
0.00164347
0.0200634
0.0577163
51
3.29087
0.752625
0.00674682
0.90376
0.0562907
0.0194588
16
0.00310274
0.0425207
0.088084
89
3.73588
0.190188
0.00196601
0.910789
0.113221
0.442704
99
0.00030036
0.0449484
0.128691
60
1.73612
0.791272
6.33345e-05
0.901376
0.0934317
0.328479
47
0.00561606
0.0466967
0.102612
8
3.56382
0.0888892
0.00890655
0.958957
0.13269
0.0142217
63
0.00175998
0.039094
0.303699
71
2.32608
0.73369
0.00453187
0.954613
0.0357145
0.38674
11
0.00401552
0.0370746
0.292586
46
0.997586
0.0786454
0.00264746
0.998158
0.0424174
0.117223
21
0.00448442
0.0414703
0.421876
22
1.45125
0.145466
0.00601579
0.903816
0.166262
0.318873
10
0.00556983
0.0241653
0.0372675
11
3.95976
0.647843
0.00117331
0.975179
0.0465008
0.418676
64
0.000829722
0.0352468
0.273668
40
1.03704
0.315451
0.00576419
0.926706
0.0939905
0.281944
14
0.0091365
0.0143685
0.0245924
45
3.88383
0.455247
0.0045102
0.913996
0.0823948
0.0546015
16
0.00147141
0.0271286
0.3624
51
2.15601
0.613908
0.00222294
0.974996
0.0166769
0.482688
18
0.000379764
0.0385569
0.094148
42
0.87688
0.519308
0.0080422
0.937804
0.176314
0.171857
18
0.00352757
0.015872
0.238401
24
0.545238
0.55768
0.0039653
0.925215
0.0065129
0.390252
49
0.00235192
0.047717
0.459325
61
2.52046
0.382099
0.00896466
0.935894
0.0782215
0.16924
32
0.0044508
0.0497082
0.0834096
95
0.24425
0.694914
0.00566921
0.92291
0.160032
0.454224
74
0.00795358
0.0233881
0.347487
78
2.64423
0.682994
0.00873317
0.99756
0.18987
0.145128
18
0.00386362
0.0288349
0.423142
81
2.47225
0.655706
0.00277347
0.927523
0.0942689
0.342272
5
0.00165986
0.0413501
0.430309
12
3.33918
0.0130007
0.00945331
0.934104
0.0265841
0.37096
78
0.00496374
0.0235865
0.00278695
82
2.79584
0.108819
0.00803119
0.925466
0.198315
0.130347
73
0.00298125
0.0455087
0.4064
28
3.40446
0.0370201
0.00447045
0.905838
0.194303
0.19594
60
0.00851608
0.0184578
0.267213
14
1.22969
0.598495
0.00895599
0.972869
0.0457439
0.14434
26
0.00971681
0.0388589
0.410106
49
1.5812
0.298773
0.00242291
0.93352
0.141212
0.100149
79
0.00981261
0.0494295
0.490778
52
2.45363
0.707313
0.00493074
0.926281
0.197392
0.346058
20
0.00965472
0.0215629
0.113756
11
3.61853
0.279759
0.00377594
0.98986
0.050115
0.341212
56
0.00770829
0.0423385
0.173685
56
2.74683
0.421524
0.00268235
0.989064
0.197904
0.377871
53
0.003171
0.0162754
0.209485
50
2.67241
0.447315
0.0074758
0.915806
0.198578
0.143208
22
0.000332611
0.0202466
0.40532
9
1.00637
0.788801
0.00801449
0.95425
0.0419633
0.455963
40
0.00900012
0.0309631
0.314201
73
1.06471
0.589509
0.00941225
0.917583
0.145495
0.265862
85
0.006399
0.0239916
0.277793
73
1.87461
0.285091
0.00314205
0.938716
0.0635089
0.0961119
61
0.00133446
0.0185941
0.305748
16
0.498459
0.504874
0.00189196
0.952909
0.102919
0.459984
88
0.00637063
0.0218003
0.249433
19
1.5969
0.325713
0.00502704
0.995225
0.122588
0.30918
13
0.00279913
0.0445828
0.328866
74
3.15187
0.491907
0.00498769
0.921049
0.136988
0.478901
89
0.00459154
0.0311036
0.0412168
34
1.48056
0.404374
0.00303988
0.914525
0.184113
0.142942
15
0.00249971
0.0359543
0.130689
41
3.77946
0.13663
0.00224602
0.918983
0.0491046
0.0855176
43
0.00601069
0.0331926
0.192502
84
0.351035
0.623077
0.00926559
0.985864
0.0533975
0.291775
90
0.00374597
0.0157343
0.00696775
68
1.1463
0.543752
0.00770501
0.946788
0.0612684
0.219473
93
0.000738681
0.0449914
0.204329
5
2.10537
0.64959
0.00564659
0.998271
0.0719543
0.112885
22
0.0015885
0.045746
0.153401
33
1.71514
0.0307622
0.00878432
0.967065
0.0607568
0.0529117
53
0.00413897
0.0470394
0.279397
22
3.98032
0.245519
0.00713891
0.930268
0.189406
0.331549
2
0.00738836
0.0275303
0.420203
5
0.494312
0.699247
0.00839283
0.971619
0.0881508
0.00669998
56
0.00718623
0.0394667
0.383919
10
3.19307
0.209787
0.00123533
0.973298
0.0901706
0.29005
66
0.00187089
0.0456065
0.361123
15
1.36579
0.783783
0.00142621
0.991167
0.101032
0.208695
35
0.00134806
0.0399142
0.145249
64
2.44439
0.375103
0.004243
0.994221
0.110502
0.209672
58
0.00534382
0.0102306
0.433796
76
1.16191
0.700043
0.00162288
0.986563
0.0462551
0.139209
69
0.00645747
0.0179209
0.326757
84
0.339687
0.307564
0.00991903
0.99018
0.130347
0.249599
30
0.00743286
0.0161535
0.0799154
77
0.795135
0.335417
0.000795932
0.900373
0.143205
0.441611
34
0.00685781
0.024262
0.278762
96
2.55511
0.489776
0.00842856
0.904267
0.0391365
0.204419
29
0.00337397
0.022394
0.489445
39
2.95682
0.215753
0.00915075
0.963459
0.0745233
0.302678
49
0.00521372
0.0256178
0.0909977
85
0.535492
0.242876
0.00791076
0.992303
0.174775
0.0271292
81
0.00114713
0.0309493
0.4577
8
3.10337
0.616011
0.00648965
0.990495
0.0448572
0.0487629
93
0.00489673
0.0338315
0.4509
56
1.65777
0.772039
0.00286437
0.9309
0.12928
0.469316
41
0.00992605
0.0367341
0.449275
64
3.01225
0.110466
0.0085814
0.908888
0.0846726
0.180945
41
0.00789194
0.0474225
0.477631
9
3.71763
0.214793
0.00642343
0.911738
0.0653706
0.327183
100
0.00572389
0.0495691
0.147928
83
2.88705
0.180228
0.00824888
0.967887
0.150092
0.43472
27
0.00442341
0.0237476
0.318839
13
1.93006
0.0181818
0.00845277
0.996894
0.0673146
0.0778475
25
0.00055793
0.0110502
0.100632
49
3.92551
0.254741
4.08703e-05
0.98773
0.097822
0.200882
21
0.00405986
0.0481717
0.0321161
55
0.946988
0.618275
0.000214095
0.937544
0.135636
0.000455497
45
0.0068366
0.02046
0.325751
93
1.94432
0.249192
0.00350365
0.919297
0.152679
0.339531
5
0.00271923
0.0314615
0.321542
46
3.23216
0.473112
0.00345415
0.970945
0.0330705
0.259082
37
0.00547956
0.0277575
0.24707
64
1.6721
0.702823
0.00379423
0.956463
0.0126889
0.23269
70
0.00367549
0.0491994
0.0845146
41
0.583361
0.702403
0.00210294
0.910977
0.0891655
0.272623
20
0.00311505
0.0117044
0.00185846
58
0.23343
0.737903
0.00697416
0.910119
0.108761
0.40238
38
0.00319526
0.0216937
0.343918
69
0.482849
0.396422
0.00294551
