0.986846
0.183649
0.435761
82
0.00257646
0.0317536
0.0306956
0.0322709
93
0.933923
0.0412111
0.143564
35
0.00859645
0.0880815
0.029672
0.198855
5
0.992153
0.0525988
0.0385749
36
0.0012744
0.0544401
0.0385792
0.454961
72
0.965389
0.0263699
0.346144
5
0.00403312
0.0533092
0.0250933
0.453149
88
0.942112
0.0260721
0.107277
82
0.00217881
0.00703146
0.0365583
0.459702
16
0.917797
0.026755
0.341558
59
0.00599203
0.0902174
0.0441176
0.404122
18
0.978019
0.148263
0.249772
43
0.00471593
0.0394259
0.0495208
0.0819674
70
0.904462
0.0986957
0.0913967
83
0.000334223
0.063404
0.0144145
0.249438
63
0.9556
0.00253885
0.00579785
62
0.00626979
0.0206777
0.0154646
0.297457
66
0.963414
0.162425
0.132445
45
0.00703278
0.0115733
0.0124186
0.386123
36
0.948442
0.0841429
0.188086
20
0.000242606
0.0952192
0.0108128
0.476574
53
0.982366
0.0386483
0.10333
45
0.000500235
0.0788166
0.0240525
0.316274
86
0.980271
0.163115
0.15779
86
0.00856639
0.0414264
0.036614
0.323286
48
0.973613
0.113673
0.267176
95
0.00419618
0.0631254
0.0252324
0.226606
41
0.959486
0.0802321
0.0730584
37
0.00420021
0.0874761
0.0481816
0.337758
53
0.983476
0.00507192
0.114493
95
0.00735592
0.0087093
0.0175965
0.33454
65
0.989078
0.0958541
0.390813
11
0.00862368
0.0867913
0.0406285
0.44505
35
0.91726
0.165219
0.0803034
89
0.00531936
0.065062
0.0458773
0.111306
86
0.932822
0.0382441
0.275557
16
0.00970049
0.0124451
0.0336846
0.374282
81
0.92732
0.088155
0.460295
33
0.00771148
0.0913632
0.0109686
0.34379
80
0.934414
0.0420794
0.158996
10
0.00960388
0.0943697
0.0410237
0.186904
79
0.91702
0.18059
0.386817
61
0.00569575
0.0780685
0.0179357
0.271556
67
0.921701
0.00401075
0.189652
63
0.00264659
0.0108662
0.0430335
0.287705
80
0.974214
0.17543
0.240009
33
0.0026984
0.0621471
0.0148775
0.295288
74
0.964234
0.197094
0.344407
13
0.00223726
0.0583237
0.0427679
0.341344
90
0.944205
0.0914032
0.497604
85
0.00804841
0.0403973
0.0433761
0.121538
87
0.962878
0.126145
0.0379136
76
0.00962685
0.00200702
0.0497496
0.0801114
56
0.956399
0.170667
0.151134
83
0.00448252
0.0609568
0.0379197
0.259291
75
0.967526
0.0553526
0.310108
94
0.00467816
0.0205725
0.0410751
0.222111
50
0.960027
0.137829
0.0426807
9
0.000623953
0.00651882
0.0218606
0.18178
6
0.941748
0.0538059
0.0464071
82
0.0063025
0.0585584
0.0264504
0.134325
73
0.95646
0.0407808
0.250745
77
0.00704987
0.0499022
0.0230907
0.255655
44
0.900409
0.176049
0.178557
41
0.00831701
0.00719333
0.0403246
0.368666
91
0.935482
0.102339
0.0831284
22
0.00741504
0.0159902
0.0158794
0.094805
47
0.925197
0.0641998
0.10823
81
0.00146768
0.0988728
0.0372417
0.213447
33
0.938765
0.197247
0.277262
25
0.000981115
0.0551495
0.0277905
0.332935
12
0.951778
0.125326
0.402561
6
0.00367853
0.0990689
0.0476817
0.471178
62
0.997712
0.0166592
0.339054
27
0.00575716
0.0420383
0.0368867
0.286136
97
0.941969
0.102877
0.358782
10
0.00113582
0.0210748
0.0315683
0.0988962
69
0.911428
0.146522
0.254872
41
0.00932818
0.0247607
0.0154348
0.281898
30
0.964654
0.166042
0.45643
67
0.00302114
0.0508354
0.0101972
0.18091
36
0.985676
0.177224
0.0671794
26
0.00122626
0.0171796
0.0318059
0.0797867
25
0.986978
0.177877
0.342387
80
0.00954079
0.0962979
0.0279487
0.110734
17
0.947265
0.131585
0.136893
54
0.00170615
0.0865475
0.0261194
0.474899
79
0.961884
0.0966066
0.308432
22
0.00485963
0.0731392
0.0451909
0.0397513
60
0.950021
0.0659789
0.397938
21
0.00411383
0.0847063
0.0263294
0.41516
64
0.932978
0.0233931
0.232451
50
0.00826912
0.0912246
0.0321974
0.319377
46
0.952758
0.180471
0.206603
29
0.00359718
0.0613869
0.0364702
0.232927
6
0.901959
0.0341671
0.457902
11
0.00873207
0.0518959
0.0227281
0.0524422
51
0.960434
0.0530605
0.474611
5
0.00801789
0.0985461
0.0170424
0.203565
28
0.975023
0.0755244
0.171462
56
0.00151199
0.053474
0.0239572
0.0873473
71
0.906521
0.0664211
0.138575
16
0.00834167
0.0470961
0.0145218
0.211086
32
0.972848
0.0356889
0.368409
24
0.00398984
0.00522204
0.0232022
0.439523
87
0.991326
0.160095
0.330118
10
0.00353951
0.0589289
0.0176218
0.338584
52
0.968823
0.0446112
0.343365
43
0.00154364
0.0118623
0.0112258
0.468906
96
0.940516
0.0201626
0.22491
31
0.00558284
0.0393882
0.016621
0.291665
77
0.940252
0.0585468
0.328681
97
0.00175992
0.00478751
0.0471683
0.429753
4
0.935282
0.153026
0.354404
21
0.00126441
0.0907637
0.0143289
0.0761018
55
0.988649
0.184073
0.0544747
15
0.0091948
0.0905928
0.0409501
0.0686778
54
0.998796
0.0999993
0.152874
92
0.00119575
0.00918954
0.0389433
0.17117
5
0.986627
0.0950967
0.0529149
24
0.00967086
0.00151276
0.0266823
0.0284381
43
0.935116
0.0473866
0.359791
86
0.00576578
0.0105795
0.0189374
0.169151
29
0.958859
0.125768
0.061296
70
0.00285504
0.0576906
0.0489553
0.383897
29
0.902429
0.0733158
0.0695038
56
0.00810742
0.00512262
0.0177997
0.101655
4
0.962638
0.130625
0.407578
99
0.00337782
0.0601903
0.0221882
0.228644
66
0.976521
0.17231
0.430873
52
0.00356455
0.0568598
0.0129682
0.11685
4
0.923973
0.0718105
0.29871
72
0.00831666
0.0526508
0.0320185
0.382727
39
0.918653
0.0612026
0.317546
77
0.0061152
0.059609
0.0202608
0.0496314
30
0.975502
0.17361
0.280983
13
0.00821046
0.0887104
0.0248232
0.351527
50
0.956804
0.153235
0.168755
73
0.00859346
0.0646766
0.0494916
0.0486849
8
0.9227
0.00116317
0.0899387
22
0.00550662
0.0749534
0.0225901
0.431661
51
0.943373
0.141718
0.241347
40
0.000969804
0.0428853
0.0486892
0.48402
76
0.944661
0.131944
0.19484
89
0.0088823
0.072379
0.0324046
0.475247
27
0.996519
0.00606312
0.372937
88
0.00512272
0.0717367
0.0137854
0.495545
58
0.979883
0.0785088
0.0534419
1
0.00248513
0.030742
0.0136677
0.460092
56
0.994522
0.0360543
0.443313
17
0.00409453
0.0477245
0.0280599
0.272772
75
0.950951
0.00561015
0.0354178
99
0.000612928
0.0574961
0.0484172
0.417835
25
0.918603
0.0830541
0.08301
35
0.00929645
0.0231362
0.043787
0.292585
90
0.951667
0.186994
0.171011
1
0.00652748
0.0953611
0.0492932
0.446882
65
0.918212
0.0207466
0.0239421
99
0.00686427
0.0965681
0.0124874
0.422894
63
0.966373
0.00633996
0.48105
16
0.00743985
0.0222956
0.0467337
0.437226
23
0.929569
0.0714127
0.285646
78
0.00693467
0.0521232
0.0103057
0.482488
38
0.994931
0.0962516
0.323919
15
0.00535621
0.0471601
0.0236617
0.154822
83
0.942192
0.127901
0.0625794
94
0.00185829
0.0849899
0.012385
0.381403
94
0.92279
0.0351686
0.129545
88
0.00917499
0.0966509
0.0284702
0.0354511
76
0.967065
0.117424
0.0322681
51
0.00573113
0.00754421
0.0268233
0.127096
80
0.970194
0.138956
0.105012
30
0.000210551
0.0285932
0.0241167
0.188247
73
0.950578
0.0688813
0.385575
85
0.000474751
0.0145519
0.0259655
0.268335
21
0.989593
0.0741697
0.0482123
2
0.0057992
0.002358
0.029811
0.148795
38
0.960884
0.124353
0.073117
33
0.00528695
0.020242
0.0487606
0.200307
31
0.903495
0.139628
0.473929
7
0.00559322
0.0929987
0.048589
0.0186059
86
0.901302
0.140555
0.33522
70
0.00149477
0.0784223
0.011618
0.302888
66
0.982442
0.14541
0.242546
3
0.00944842
0.0139184
0.0198569
0.303329
46
0.994369
0.0332598
0.0586362
10
0.000290562
0.0110125
0.0476184
0.267828
19
0.901133
0.184615
0.0299627
29
0.00381388
0.0736616
0.0436793
0.339617
87
0.948779
0.0810161
0.0205127
100
0.00332317
0.0186495
0.011903
0.457339
95
0.973299
0.0464776
0.279845
85
0.00908364
0.0938517
0.0355317
0.317654
16
0.971421
0.0655376
0.0123909
83
0.00228209
0.0295187
0.0269813
0.231951
31
0.954074
0.113356
0.39377
78
0.000481456
0.00373854
0.0313831
0.182573
14
0.90723
0.182556
0.479196
58
0.000761414
0.0834108
0.0443815
0.0403428
16
0.932322
0.18218
0.252028
59
0.0089417
0.0766979
0.0142534
0.177217
28
0.912688
0.0992066
0.412197
85
0.00358159
0.0401778
0.0380124
0.0253337
64
0.979459
0.129093
0.079472
81
0.0076256
0.030628
0.0431459
0.168978
68
0.961068
0.11937
0.367943
49
0.00791804
0.0511743
0.0423606
0.157851
39
0.909755
0.0397711
0.29489
74
0.00692876
0.0927055
0.0255495
0.120888
26
0.962013
0.173905
0.0997129
64
0.00848861
0.0452569
0.0213421
0.0309832
28
0.957119
0.0153884
0.31649
51
0.0024416
0.0810434
0.0220215
0.0193645
95
0.994075
0.0737688
0.483934
73
0.00513121
0.0195514
0.0242493
0.440272
35
0.965272
0.0424591
0.48491
5
0.00784283
0.0131751
0.0471076
0.336271
96
0.990954
0.0331896
0.403235
68
0.00701867
0.0768812
0.0216667
0.294154
62
0.996338
0.0933809
0.0921465
72
0.00998401
0.0089202
0.0307276
0.000620662
78
0.907761
0.0292655
0.468187
65
0.00191377
0.057425
0.0104601
0.280692
9
0.92668
0.149606
0.205115
48
0.000381028
0.0328529
0.0298891
0.0177739
82
0.992847
0.152405
0.111448
77
0.000529895
0.0787437
0.0374541
0.0262224
63
0.959871
0.0210275
0.338488
19
0.00565781
0.043935
0.0489932
0.172257
97
0.933224
0.15034
0.0316795
37
0.00351286
0.0301341
0.0408159
0.126028
10
0.962982
0.0761809
0.078387
32
0.00938532
0.0304579
0.0469152
0.477781
44
0.933557
0.027042
0.356145
71
0.0095451
0.0541673
0.0165205
0.270129
72
0.964364
0.181991
0.146149
17
0.00328704
0.0959061
0.0492469
0.00838188
17
0.954779
0.112323
0.134407
15
0.00548537
0.0505252
0.0282945
0.152231
62
0.973993
0.0142218
0.10287
84
0.00520034
0.0561314
0.0169155
0.375251
84
0.916376
0.0115006
0.124613
78
0.00676799
0.089491
0.047931
0.18314
14
0.935776
0.0581624
0.36377
42
0.00886114
0.0310526
0.0201187
0.350265
31
0.912306
0.00215924
0.380998
18
0.00473835
0.0120979
0.0180124
0.194377
34
0.990523
0.157806
0.0331862
32
0.00405411
0.04671
0.0457951
0.347888
51
0.975391
0.19439
0.219639
52
0.00314955
0.0815011
0.0444408
0.204888
94
0.900069
0.0926273
0.440135
85
0.00602211
0.0917911
0.0352375
0.103753
9
0.967176
0.00780427
0.156166
93
0.00325917
0.0412766
0.0158351
0.17989
85
0.908941
0.0698952
0.0763507
37
0.00346385
0.00633472
0.0142179
0.330292
26
0.945465
0.161102
0.093362
65
0.00394434
0.0579703
0.0478537
0.238798
21
0.997184
0.149266
0.140779
9
0.00825529
0.0997397
0.0274171
0.2571
76
0.920828
0.055067
0.419345
23
0.00983096
0.0688794
0.031481
0.403657
37
0.985264
0.0683863
0.263592
18
0.00173924
0.0757646
0.0152164
0.0277935
1
0.979162
0.00722743
0.270132
37
0.00606676
0.0357195
0.0212782
0.320701
46
0.903809
0.127367
0.0670217
98
0.00214984
0.0166611
0.0245108
0.00216869
13
0.925529
0.0907711
0.441566
20
0.00979105
0.0695022
0.0145725
0.276128
25
0.945241
0.0610043
0.253543
14
0.000225133
0.013455
0.0196339
0.349539
52
0.920399
0.0591672
0.493912
53
0.00817009
0.0790651
0.016079
0.31076
49
0.945917
0.00916996
0.426816
75
0.000455623
0.0987698
0.0191984
0.223855
95
0.986081
0.0819422
0.0712435
60
0.00995324
0.0853916
0.0187509
0.0897654
49
0.919572
0.036725
0.404843
95
0.00543321
0.0581
0.0309259
0.483041
86
0.943762
0.164957
0.190839
50
0.00272024
0.00160612
0.0313541
0.464323
6
0.998455
0.171761
0.214913
99
0.0058085
0.0461868
0.0135239
0.359157
52
0.958419
0.078829
0.492166
48
0.00722681
0.0674747
0.012294
0.0448702
70
0.938486
0.120805
0.163631
14
0.00217959
0.0341967
0.016107
0.407495
41
0.962448
0.199126
0.423141
62
0.00252487
0.065478
0.0442612
0.414712
49
0.968347
0.175219
0.262589
11
0.00828521
0.0198027
0.0327852
0.10909
34
0.975915
0.00341666
0.216616
36
0.00276825
0.0406198
0.0456213
0.387215
60
0.972429
0.0284386
0.292387
35
0.00296053
0.0931171
0.0104951
0.0670072
94
0.936936
0.158854
0.290224
61
0.00201373
0.0699896
0.0137466
0.46107
29
0.906691
0.0130626
0.233931
79
0.00378496
0.00438902
0.0256069
0.419888
22
0.949522
0.0542428
0.130291
90
0.00159315
0.0529327
0.0258346
0.107947
79
0.933707
0.0111192
0.295581
9
0.00142887
0.0604931
0.0304309
0.0592949
93
0.946543
0.0772099
0.0889615
94
0.00130388
0.0707196
0.0261732
0.283481
32
0.981771
0.0871396
0.0599941
8
0.00616156
0.0455372
0.0323095
0.160775
87
0.913209
0.191241
0.0636975
47
0.00752487
0.0802342
0.0267904
0.378138
48
0.993611
0.0729373
0.201865
50
0.00339914
0.0243372
0.0172
0.357387
95
0.970637
0.0492636
0.244019
62
0.000878702
0.0382796
0.0463116
0.19296
90
0.965813
0.0606328
0.198921
31
0.00134742
0.0136061
0.0381888
0.42864
35
0.91886
0.053282
0.3404
60
0.000370555
0.045619
0.0186163
0.0882574
98
0.989164
0.0615344
0.135377
98
0.00197319
0.0676779
0.011699
0.0237061
14
0.904828
0.112576
0.210724
66
0.00164702
0.0940983
0.0446531
0.206061
5
0.902361
0.0931688
0.268582
35
0.00310665
0.0843933
0.0346133
0.456062
40
0.976776
0.105825
0.226786
53
0.00628808
0.0459136
0.0202183
0.145673
84
0.94637
0.141219
0.0155488
75
0.000675478
0.0352892
0.0452158
0.0835536
97
0.983081
0.160899
0.421925
35
0.00298907
0.0258152
0.0227137
0.045911
17
0.998184
0.140089
0.175129
54
0.00612738
0.033129
0.0224154
0.051612
69
0.963584
0.146786
0.447968
54
0.00479532
0.0632008
0.0482443
0.244117
54
0.902024
0.0574728
0.416995
21
0.0072033
0.0625076
0.0447332
0.243647
85
0.949423
0.198303
0.442655
12
0.00842022
0.083195
0.0134808
0.0774799
65
0.952151
0.171221
0.212719
20
0.00342557
0.0501422
0.0225473
0.0922513
73
0.972922
0.00769338
0.0741074
34
0.00956907
0.089853
0.020474
0.230626
32
0.923418
0.166229
0.487331
12
0.0026325
0.0409952
0.0354957
0.261538
43
0.951925
0.145775
0.281364
7
0.00750481
0.0663631
0.0228055
0.176095
94
0.936254
0.115673
0.324605
72
0.00195522
0.0137793
0.0455807
0.142813
10
0.923929
0.0946342
0.180578
51
0.00164277
0.0325651
0.0342119
0.178585
34
0.983353
0.144787
0.142414
29
0.00648184
0.099213
0.0391453
0.424486
47
0.900268
0.0939083
0.432938
28
0.00550276
0.0363416
0.0139589
0.496825
50
0.95314
0.176554
0.247163
57
0.00738763
0.0560433
0.0303659
0.401922
81
0.959028
0.121406
0.348982
52
0.0015573
0.0189765
0.0147358
0.0106465
42
0.914737
0.0313224
0.110664
64
0.00471098
0.0729228
0.0393263
0.0744544
4
0.924359
0.0241565
0.326459
37
0.0080959
0.087734
0.0338915
0.328653
77
0.977604
0.142789
0.118545
44
0.00273669
0.0346638
0.0424462
0.04172
3
0.903077
0.0856933
0.375313
22
0.00116873
0.0372913
0.0469647
0.478615
8
0.904635
0.0122079
0.289071
96
0.00779236
0.0103929
0.0376287
0.448885
77
0.908903
0.0169509
0.395008
2
0.00136971
0.0198439
0.0159376
0.0568568
74
0.924315
0.0307776
0.388374
87
0.0052477
0.0821615
0.0258977
0.0424323
96
0.969384
0.0822513
0.332884
36
0.00108213
0.0817954
0.0366821
0.0460255
7
0.998389
0.00156548
0.0908706
38
0.00102418
0.0279045
0.0111216
0.462362
14
0.926792
0.0750107
0.0516284
4
0.00972506
0.077219
0.0402532
0.30476
98
0.985398
0.107345
0.499771
76
0.00117465
0.0939664
0.0131785
0.362368
71
0.989458
0.124455
0.165387
49
0.00875952
0.00607854
0.0182325
0.277254
68
0.916192
0.0623399
0.472827
22
0.00657685
0.0719421
0.0177511
0.124533
27
0.917092
0.133146
0.184841
31
0.00961199
0.0798199
0.0488315
0.012091
78
0.969204
0.161424
0.105892
68
0.00540479
0.0128056
0.0272582
0.201465
54
0.92241
0.156279
0.181689
42
0.00333328
0.0739193
0.0178566
0.241671
78
0.956008
0.00996245
0.220165
79
0.000784026
0.0376424
0.0111016
0.248744
8
0.910742
0.076636
0.488147
86
0.00793508
0.00552086
0.0100335
0.245613
13
0.960698
0.108668
0.0686729
61
0.00757753
0.0351188
0.0299672
0.314518
17
0.938371
0.187468
0.448239
42
0.00605844
0.0891885
0.033544
0.187984
1
0.934509
0.107123
0.0008617
4
0.0032996
0.00272653
0.0332258
0.360078
55
0.97764
0.031751
0.321883
46
0.00880405
0.0555368
0.0290942
0.113133
39
0.947113
0.0440048
0.154779
60
0.00570932
0.0801899
0.0371032
0.104845
69
0.952436
0.195604
0.425576
19
0.0071815
0.0890385
0.0440009
0.442338
23
0.921306
0.0237756
0.191277
12
0.00655388
0.0841081
0.0203753
0.151683
3
0.949138
0.135318
0.433414
93
0.0089202
0.0440534
0.0331333
0.00762237
78
0.988336
0.100394
0.431796
6
0.00655894
0.0981561
0.024232
0.0783134
79
0.979994
0.10373
0.040663
43
0.0012432
0.0836365
0.038144
0.3732
76
0.984013
0.0497452
0.373319
41
0.000811526
0.044769
0.0384486
0.196391
7
0.940122
0.196315
0.495572
14
0.00424311
0.00575254
0.0253927
0.156006
25
0.905052
0.148869
0.320574
58
0.00346801
0.0776145
0.0195847
0.353308
13
0.904188
0.0437274
0.0658524
33
0.0058583
0.0783769
0.0290148
0.215403
42
0.92892
0.0482356
0.16422
37
0.00299569
0.0178615
0.0442083
0.492223
98
0.93208
0.09772
0.395697
39
0.00699515
0.0896753
0.044606
0.284058
25
0.953295
0.154046
0.319646
6
0.00210752
0.0190766
0.049385
0.0710206
61
0.946198
0.0197489
0.200079
69
0.000712081
0.0697965
0.010744
0.161196
77
0.931542
0.180957
0.301796
16
0.00180627
0.0567506
0.0461167
0.0606384
27
0.907025
0.0506877
0.196144
81
0.00501849
0.0626264
0.0276221
0.366709
57
0.976033
0.0323363
0.284857
21
0.00454015
0.0537973
0.0438858
0.0342128
14
0.942847
0.0645976
0.096127
32
0.000643863
0.0851555
0.044551
0.472841
72
0.91417
0.0229874
0.437514
77
0.00482063
0.0976333
0.0414776
0.0363694
55
0.964051
0.0834119
0.286465
29
0.0091236
0.048793
0.0333181
0.441986
83
0.995785
0.134545
0.48916
25
0.00209221
0.00421687
0.017423
0.0750239
43
0.908339
0.137264
0.413443
30
0.00730321
0.0725592
0.0285451
0.0155917
92
0.993276
0.155341
0.183383
29
0.00878316
0.0860016
0.016355
0.153198
63
0.969052
0.100579
0.471309
98
0.00447353
0.00397452
0.0400848
0.28251
57
0.981461
0.0793767
0.258655
23
0.00942305
0.0493436
0.0339657
0.155764
72
0.923725
0.173256
0.399812
77
0.0031752
0.0532069
0.0274425
0.33318
9
0.995838
0.0545615
0.0197226
86
0.00839279
0.0970789
0.0270951
0.0290979
99
0.947427
0.00263496
0.00725632
67
0.00726686
0.024576
0.0121899
0.214226
69
0.982912
0.00480831
0.0576556
79
0.0093518
0.0974328
0.0291361
0.443721
64
0.982136
0.151577
0.109416
71
0.00529166
0.0824129
0.010094
0.0434338
59
0.927507
0.128635
0.44505
2
0.00621638
0.0642576
0.0406615
0.15886
12
0.937844
0.064913
0.43986
27
0.00230706
0.0796547
0.0392167
0.0844905
89
0.993134
0.0595614
0.337755
70
0.00369898
0.0727196
0.0199872
0.423932
23
0.977955
0.192896
0.0553527
43
0.00841102
0.0465029
0.0243773
0.202539
34
0.997404
0.0705574
0.123721
15
0.000570238
0.0823063
0.0454353
0.0906422
70
0.983773
0.164508
0.278669
81
0.00503539
0.0714293
0.0255138
0.376373
59
0.922252
0.080667
0.116902
65
0.00205915
0.088242
0.0271259
0.263489
96
0.941239
0.181527
0.163053
83
0.00307785
0.0848008
0.0351334
0.411815
62
0.903209
0.0502952
0.276976
11
0.00510151
0.0315739
0.0359398
0.250049
7
0.963807
0.165503
0.150203
79
0.00823752
0.0683697
0.0249312
0.394019
5
0.955747
0.00336059
0.467439
18
0.00669923
0.0656081
0.0371287
0.416961
21
0.936691
0.0521365
0.391266
48
0.00870415
0.090366
0.0207065
0.24605
15
0.923358
0.0722154
0.003787
46
0.000149333
0.0595601
0.0113803
0.00418018
21
0.966058
0.192009
0.306059
26
0.00311083
0.0255895
0.0367506
0.00521754
47
0.965691
0.0450544
0.334735
56
0.00288726
0.0635876
0.0103677
0.455489
20
0.955408
0.022428
0.424674
54
0.000715686
0.0480254
0.0245918
0.46568
12
0.913384
0.154515
0.313003
39
0.0048995
0.0111381
0.0294261
0.0371114
71
0.995272
0.117832
0.39643
90
0.00561751
0.0217949
0.0311693
0.264703
65
0.939319
0.162708
0.0147421
71
0.00711796
0.0586668
0.0377316
0.159979
49
0.948621
0.189618
0.259345
49
0.00706998
0.0417609
0.0496732
0.129925
81
0.93423
0.0297899
0.207197
27
0.00277945
0.0764925
0.0126958
0.463767
99
0.95807
0.105012
0.470286
45
0.000832364
0.00949689
0.0473543
0.488788
43
0.948014
0.133795
0.0476093
36
0.00348612
0.00384155
0.0305876
0.217131
19
0.914017
0.190594
0.244604
49
0.00105658
0.0645531
0.0286389
0.216842
66
0.91252
0.114856
0.444991
94
0.00104487
0.0949237
0.0132322
0.0823987
36
0.988869
0.0455484
0.461014
59
0.00906887
0.00457474
0.0360738
0.260562
45
0.914304
0.167007
0.100358
79
0.00414824
0.0712806
0.0353206
0.369293
7
0.93996
0.14751
0.411814
22
0.00989247
0.0924957
0.0281417
0.147088
2
0.990806
0.0577339
0.315817
21
0.00663816
0.0946887
0.0229477
0.489153
16
0.955131
0.134248
0.371776
31
0.00261458
0.0321292
0.0361845
0.321724
55
0.922997
0.105497
0.195948
57
0.00178429
0.0384338
0.0167739
0.365908
99
0.92925
0.109628
0.26971
55
0.008035
0.0399758
0.0297247
0.425912
68
0.9939
0.111488
0.17611
57
0.00678051
0.0274009
0.0456906
0.412449
93
0.928504
0.154797
0.420754
46
0.00874855
0.0999946
0.0130495
0.299332
39
0.957428
0.0149609
0.00664623
47
0.00526238
0.0335309
0.0217968
0.0965623
28
0.992484
0.130951
0.449522
31
0.00666295
0.0829622
0.0417343
0.0918958
38
0.91068
0.12398
0.153222
30
0.00897409
0.074759
0.0162644
0.251639
90
0.970302
0.115233
0.486014
19
0.00924865
0.0565233
0.0214283
0.342654
80
0.920348
0.108447
0.476968
80
0.00499695
0.0436197
0.0186543
0.095889
14
0.945676
0.0310994
0.490231
68
0.00232137
0.062815
0.0206052
0.435797
70
0.985021
0.0982871
0.178031
41
0.00768537
0.074394
0.0287936
0.479458
62
0.911939
0.0859629
0.199832
14
0.00491933
0.048397
0.0358834
0.384711
35
0.995094
0.0896783
0.213315
17
0.0025387
0.0995612
0.0128467
0.0694338
94
0.92761
0.0280094
0.119781
33
0.00429789
0.0238768
0.0422622
0.119107
48
0.957702
0.139149
0.12602
73
0.0097121
0.0539022
0.0182475
0.0939958
33
0.931423
0.0186275
0.049971
3
0.0085279
0.0232598
0.0168699
0.402806
56
0.991733
0.122198
0.252863
11
0.000662938
0.0431674
0.0356815
0.163355
20
0.93919
0.188117
0.0262763
97
0.00682557
0.0955028
0.02693
0.0331519
100
0.903967
0.177704
0.384934
38
0.00156999
0.0876665
0.0133023
0.0575405
19
0.958373
0.0653163
0.140044
89
0.00761223
0.0442518
0.0426517
0.262242
33
0.939682
0.179086
0.349808
58
0.000421159
0.0547145
0.0172315
0.352263
83
0.976265
0.118528
0.34786
98
0.00386445
0.0293917
0.0188113
0.00923141
46
0.949704
0.00969297
0.223899
6
0.000122459
0.0638574
0.0404728
0.356504
77
0.940937
0.121719
0.291346
6
0.00384021
0.0518373
0.0323864
0.452003
44
0.984927
0.196439
0.429408
97
0.0037557
0.0281777
0.0253388
0.191022
82
0.992271
0.091178
0.0113374
80
0.00978031
0.059919
0.0174948
0.393739
5
0.95358
0.156049
0.192796
34
0.00373916
0.0869595
0.0249843
0.102261
60
0.935985
0.167953
0.0394417
79
0.00541833
0.0961582
0.0302931
0.290997
30
0.934741
0.0159286
0.0815317
64
0.00314652
0.0957845
0.0336284
0.296997
11
0.910379
0.101597
0.24892
43
0.00290121
0.082612
0.0149832
0.447367
18
0.928752
0.193866
0.127659
46
0.00965139
0.0696307
0.0221345
0.346812
74
0.925568
0.147453
0.35047
23
0.00597057
0.0759104
0.0191123
0.389309
98
0.993669
0.136485
0.148553
51
0.00140591
0.0261073
0.0127931
0.0623536
89
0.958751
0.198751
0.0705283
50
0.00166943
0.0271059
0.0193939
0.0655665
68
0.942725
0.190296
0.197708
24
0.00583623
0.0762212
0.0181499
0.421747
81
0.997858
0.134744
0.217575
52
0.0081943
0.0229087
0.0498607
0.185396
75
0.950349
0.0354585
0.0502353
9
0.00283772
0.0323729
0.0215095
0.306218
51
0.903736
0.0571155
0.451977
8
0.00553289
0.0944987
0.024757
0.209645
24
0.973067
0.141978
0.0223029
96
0.00016834
0.0156911
0.0184101
0.493145
28
0.976869
0.109852
0.313888
68
0.00947219
0.04226
0.0387131
0.220895
58
0.928627
0.18881
0.25612
30
0.0016943
0.0343093
0.0320973
0.17061
37
0.961446
0.123062
0.369412
55
0.00950631
0.0468006
0.0421446
0.0721537
27
0.966696
0.0180854
0.166935
28
0.00112021
0.0603064
0.0108876
0.372637
27
0.91586
0.116973
0.230764
67
0.00429076
0.0266717
0.048115
0.450256
81
0.952557
0.163598
0.0979408
78
0.00162365
0.0606975
0.0233251
0.427133
2
0.969824
0.0921688
0.225633
66
0.00812197
0.0119208
0.0318653
0.397728
59
0.956122
0.176268
0.229646
71
0.00475962
0.0734
0.043505
0.254493
17
0.934852
0.0275948
0.117801
91
0.00439355
0.0186146
0.0387878
0.355226
12
0.981813
0.192439
0.246458
64
0.0024733
0.0762636
0.0350572
0.305091
33
0.961379
0.157353
0.427082
67
0.00213519
0.0461009
0.0399939
0.48653
35
0.985777
0.024651
0.494645
44
0.00987388
0.0410501
0.0329782
0.118895
54
0.948917
0.174641
0.185364
48
0.00601403
0.0380641
0.0491116
0.324963
83
0.927997
0.161847
0.00424955
65
0.00440768
0.0474772
0.0412515
0.388927
67
0.91489
0.119801
0.265313
69
0.00868618
0.0486711
0.0394581
0.300558
10
0.914634
0.0774859
0.0368844
3
0.00391985
0.0779273
0.0344446
0.301245
40
0.91506
0.0996527
0.145829
100
0.00851033
0.0916444
0.0238381
0.490783
52
0.90524
0.13293
0.271887
88
0.00188774
0.0481728
0.0326467
0.208176
46
0.938096
0.144024
0.236987
82
0.0080627
0.0672184
0.0278948
0.433253
88
0.990374
0.0778916
0.366957
4
0.00766287
0.0884543
0.0478285
0.212425
24
0.905578
0.159097
0.491434
18
0.000849759
0.00996244
0.025756
0.408182
1
0.932547
0.158182
0.40155
24
0.00593385
0.0641422
0.013848
0.293239
39
0.957859
0.199751
0.098539
57
0.0020696
0.0978827
0.016661
0.361478
77
0.990248
0.185634
0.365687
67
0.00320738
0.035866
0.0418638
0.133596
3
0.901718
0.123377
0.300588
1
0.00436979
0.0812808
0.0198247
0.467664
19
0.994812
0.0228271
0.22828
96
0.0026815
0.0499066
0.0480492
0.345172
84
0.916537
0.0176655
0.357827
59
0.00460859
0.0279998
0.0293575
0.050654
89
0.987981
0.0486109
0.374109
40
0.00133568
0.00352479
0.0358098
0.11486
6
0.909663
0.116815
0.222854
32
0.00203133
0.0371644
0.0405056
0.309067
100
0.951247
0.126931
0.329128
36
0.009319
0.0149663
0.0277149
0.0857169
65
0.9207
0.037052
0.482162
32
0.00788475
0.0649004
0.0230014
0.197156
38
0.971893
0.168592
0.141162
7
0.000934725
0.0549111
0.0219357
0.227257
44
0.936084
0.104586
0.169438
4
0.0071569
0.0208666
0.0425147
0.0639093
88
0.900901
0.103365
0.208081
82
0.00754407
0.0300924
0.0428844
0.224866
37
0.95135
0.0469787
0.2882
46
0.00815457
0.070205
0.0383022
0.195752
10
0.953712
0.114212
0.485254
26
0.00110953
0.0113263
0.0173599
0.436341
24
0.992987
0.113015
0.168039
96
0.0091574
0.0618292
0.0281848
0.266303
52
0.908192
0.153723
0.013353
38
0.00478911
0.00246207
0.0395495
0.219089
8
0.996062
0.10638
0.283797
75
0.00378049
0.00135704
0.0326175
0.311037
3
0.963327
0.0902386
0.29703
64
0.00645112
0.0369777
0.0473875
0.258911
47
0.971566
0.0945109
0.307307
12
0.00532907
0.0419401
0.0400125
0.0707585
26
0.959223
0.101134
0.234778
55
0.00690586
0.0888721
0.025165
0.135425
66
0.937119
0.0560044
0.314124
47
0.00760069
0.0715505
0.0454493
0.470186
32
0.943729
0.118831
0.383623
88
0.00671835
0.0830541
0.0362519
0.240222
23
0.954001
0.129523
0.43501
48
0.00727556
0.0969616
0.0140161
0.146798
67
0.996693
0.191272
0.417206
78
0.000311827
0.0910068
0.0491898
0.24796
97
0.943214
0.0977038
0.458156
7
0.00777898
0.0164732
0.0114922
0.150195
82
0.919956
0.185687
0.202228
24
0.00909052
0.0899634
0.0295065
0.0131502
50
0.906242
0.195763
0.144674
28
0.00837089
0.0338616
0.0288082
0.38554
29
0.921389
0.0724702
0.360921
64
0.00176508
0.0311221
0.0244077
0.308345
18
0.970029
0.13819
0.218371
66
0.00412019
0.080691
0.0262486
0.236125
56
0.991963
0.0514743
0.406523
94
0.00991556
0.0289348
0.0310326
0.0992401
54
0.907554
0.0435229
0.428493
4
0.00589498
0.0666741
0.0398124
0.32796
57
0.943993
0.140699
0.044902
26
0.00799496
0.0794049
0.0161642
0.0646377
64
0.913833
0.150723
0.333484
95
0.00854229
0.0704861
0.0156533
0.105715
85
0.905495
0.0799988
0.303547
94
0.000113148
0.0366712
0.04285
0.400021
67
0.956964
0.188937
0.16026
42
0.00458453
0.0146926
0.034356
0.426378
76
0.919389
0.189996
0.11359
41
0.0046621
0.0809311
0.0385359
0.335696
16
0.996856
0.0411495
0.40964
30
0.00633511
0.0515722
0.0340664
0.0543181
2
0.969503
0.0194855
0.112863
84
0.00545912
0.0857164
0.0459956
0.449257
41
0.909981
0.111232
0.182655
63
0.00199748
0.0710264
0.0342723
0.377094
4
0.907464
0.018432
0.0453253
69
0.00433646
0.0658628
0.0289338
0.391005
34
0.915518
0.0141219
0.345473
76
0.00236318
0.0921
0.0416718
0.451029
37
0.966318
0.046252
0.414413
3
0.00625074
0.0215628
0.0246758
0.498209
26
0.912135
0.195128
0.193824
16
0.000928359
0.00803923
0.0397398
0.108195
69
0.97367
0.089765
0.364316
38
0.00256017
0.0141113
0.0118373
0.367929
19
0.928228
0.063064
0.0273786
70
0.00239801
0.0235619
0.0368099
0.166779
41
0.908038
0.0189304
0.0168045
53
0.00250674
0.00306424
0.035411
0.430447
84
0.917559
0.146242
0.235544
28
0.00292369
0.0388485
0.0231742
0.233166
73
0.921874
0.0919078
0.35152
84
0.00847146
0.0545712
0.0205133
0.123139
68
0.921034
0.0619896
0.0245334
87
0.00734011
0.0180499
0.0435295
0.288104
93
0.94783
0.0882924
0.0848836
72
0.00723888
0.047925
0.0475664
0.173423
7
0.938919
0.15204
0.187937
66
0.00641161
0.00966298
0.0415739
0.115548
22
0.981112
0.0829824
0.0289182
90
0.00225716
0.068237
0.0210073
0.199369
21
0.926081
0.1556
0.0605236
9
0.00992548
0.0201939
0.0300226
0.379199
42
0.946777
0.169216
0.0950062
53
0.00884228
0.0340259
0.0361518
0.285004
92
0.979713
0.0218775
0.293764
72
0.000411773
0.022099
0.0155727
0.144239
41
0.982626
0.130107
0.017984
76
0.00674611
0.0264452
0.0402055
0.125808
81
0.974695
0.0147059
0.304376
69
0.00687716
0.0227222
0.0234895
0.256648
58
0.995487
0.168429
0.33666
44
0.00516586
0.0124896
0.0151588
0.438291
32
0.974311
0.10447
0.318701
27
0.00484694
0.0334554
0.0316862
0.371492
84
0.980764
0.0590335
0.227992
57
0.00555176
0.0153582
0.0311059
0.100599
82
0.990071
0.0888991
0.282824
91
0.0063554
0.0433286
0.0120284
0.354813
60
0.931774
0.187707
0.122095
55
0.00336229
0.0172952
0.0265411
0.307888
71
0.978509
0.0391931
0.209095
13
0.00902818
0.0923474
0.030867
0.189764
96
0.926378
0.070966
0.331229
88
0.00681192
0.050386
0.0120836
0.130336
23
0.954419
0.0336396
0.446404
65
0.0032327
0.0572124
0.0460446
0.434318
10
0.906756
0.0135651
0.238681
25
0.000855132
0.080548
0.0356642
0.480037
24
0.941114
0.081483
0.240358
53
0.00538538
0.0668838
0.0151165
0.193515
91
0.930961
0.147989
0.172527
41
0.00463685
0.0661903
0.0119567
0.239301
68
0.970924
0.184119
0.382202
93
0.00623407
0.0164386
0.0192452
0.221351
30
0.961624
0.0695372
0.221148
87
0.0036445
0.0864263
0.0468216
0.0380734
58
0.943087
0.136801
0.40884
87
0.00567821
0.0169988
0.0196925
0.143249
84
0.967417
0.0764515
0.120657
63
0.00696386
0.0857982
0.0414065
0.406908
15
0.977388
0.0479021
0.0439557
91
0.00507562
0.065987
0.0412975
0.234516
22
0.944513
0.0286464
0.462689
75
0.00521945
0.0426062
0.0483923
0.315022
53
0.944756
0.129639
0.496591
50
0.00423663
0.0379489
0.049835
0.409046
12
0.908685
0.138631
0.398613
57
0.0094441
0.0721875
0.0312663
0.279872
21
0.967921
0.132391
0.378142
74
0.00939834
0.00568425
0.0450079
0.348826
64
0.962306
0.114797
0.32295
62
0.00397455
0.0348971
0.0273583
0.0663603
58
0.991608
0.144571
0.0954468
82
0.0076717
0.0443866
0.0448067
0.274203
9
0.900712
0.107913
0.0863915
45
0.00924407
0.0754239
0.0334191
0.326574
2
0.931909
0.0556923
0.159971
19
0.0050513
0.0245036
0.0200611
0.380633
89
0.977155
0.178559
0.215496
20
0.00445096
0.0374883
0.046192
0.128973
73
0.905857
0.197993
0.106114
40
0.00667853
0.0193406
0.0234108
0.164792
11
0.919641
0.179728
0.352654
56
0.00221739
0.0254793
0.043994
0.444407
53
0.971847
0.193318
0.405644
15
0.00646751
0.069183
0.0449392
0.190963
22
0.986272
0.0669611
0.327594
25
0.00242605
0.0250561
0.0237277
0.00117301
71
0.957362
0.169562
0.309683
84
0.00775742
0.0755417
0.0437165
0.31327
61
0.909339
0.0797467
0.379712
63
0.000265138
0.084277
0.0184865
0.265758
60
0.950152
0.0375563
0.273005
7
0.00235713
0.00889177
0.0407278
0.0218108
44
0.94502
0.0679234
0.480514
90
0.00745101
0.033068
0.02389
0.167104
31
0.987655
0.0215666
0.245402
40
0.00642176
0.0776774
0.0422123
0.210873
48
0.930778
0.0638602
0.237322
55
0.00267292
0.0524741
0.0217148
0.162551
11
0.922003
0.032575
0.261364
89
0.0094946
0.00975008
0.0134261
0.011681
37
0.90278
0.1267
0.478763
86
0.00714165
0.0863003
0.0211309
0.278849
48
0.925831
0.00823113
0.0307542
40
0.00926951
0.0320678
0.034642
0.137102
86
0.911595
0.0419823
0.155412
60
0.00282644
0.0652677
0.0113015
0.136311
57
0.965011
0.179525
0.0758687
91
0.00517747
0.0182588
0.0396407
0.358186
13
0.981286
0.0108658
0.0258243
44
0.00883118
0.0973796
0.0388625
0.0614859
33
0.926288
0.131324
0.274855
61
0.00417278
0.0563264
0.0153232
0.344614
53
0.91541
0.142568
0.299565
2
0.00193557
0.0314086
0.0375601
0.140192
30
0.967817
0.172681
0.37676
20
0.00497172
0.061625
0.0499754
0.25316
92
0.919053
0.124912
0.0220402
62
0.00595625
0.0252286
0.0195009
0.331211
79
0.939463
0.160418
0.498005
25
0.00731229
0.0623064
0.0373754
0.273515
46
0.984708
0.0042608
0.353383
34
0.00921905
0.0435365
0.030513
0.132579
66
0.952881
0.169781
0.147499
62
0.00295043
0.012946
0.0430786
0.0535231
24
0.975767
0.0254731
0.362985
14
0.00306029
0.0225814
0.0286434
0.312965
42
0.924752
0.143375
0.174953
76
0.00563053
0.0490983
0.0157368
0.499731
26
0.925003
0.0671119
0.387051
10
0.00425991
0.0556943
0.012639
0.024267
80
0.92934
0.0868627
0.260195
93
0.00903771
0.0446592
0.0467144
0.0472895
37
0.924558
0.120274
0.311372
28
0.00132209
0.0298907
0.0292452
0.117123
75
0.909188
0.116096
0.355224
95
0.0049406
0.0513343
0.0210908
0.175496
91
0.947696
0.120551
0.0186609
92
0.00663197
0.0396727
0.0345308
0.432675
70
0.901518
0.135533
0.101981
83
0.00981343
0.073685
0.0348866
0.275889
6
0.927835
0.0403325
0.173353
8
0.00142534
0.0492586
0.0106626
0.418375
88
0.916774
0.171667
0.381581
80
0.000901721
0.0144005
0.0235359
0.485449
15
0.912924
0.109194
0.475806
12
0.00683598
0.0284101
0.0146844
0.174419
74
0.954886
0.0518858
0.464414
54
0.00913614
0.0390198
0.0275717
0.141106
11
0.978676
0.128174
0.0853951
47
0.000737537
0.0593937
0.0453021
0.48187
40
0.970696
0.0102205
0.455089
39
0.00453138
0.0678493
0.0190313
0.399314
15
0.966824
0.0392121
0.287928
61
0.0074671
0.034508
0.0283594
0.00689851
42
0.959742
0.0953731
0.204152
75
0.00736708
0.0268411
0.0464261
0.242386
50
0.920125
0.118318
0.211595
87
0.00384865
0.0271445
0.0475059
0.0144787
36
0.906084
0.101698
0.45387
58
0.00754807
0.0795406
0.0420498
0.405088
85
0.964773
0.174505
0.179592
52
0.00866446
0.00836545
0.0260105
0.494647
51
0.988216
0.0746053
0.231298
8
0.00795726
0.017655
0.0390261
0.252789
54
0.930178
0.0842216
0.0101706
97
0.00184194
0.0817311
0.0334584
0.340825
18
0.972086
0.186805
0.00865609
51
0.00899769
0.0526891
0.0379473
0.364658
97
0.911049
0.025188
0.454102
47
0.000997953
0.00318912
0.0426055
0.322043
56
0.960356
0.194602
0.273626
59
0.00660491
0.0742455
0.0208745
0.458623
2
0.9711
0.0848341
0.450297
71
0.00343126
0.0355687
0.0222462
0.0585027
93
0.980538
0.186379
0.128879
4
0.00450761
0.00779945
0.0348397
0.298116
3
0.92981
0.110599
0.297924
59
0.00496782
0.0705787
0.0411832
0.32969
92
0.933412
0.045827
0.00140559
27
0.00796676
0.0690028
0.0223914
0.497211
91
0.998968
0.0163796
0.43832
18
0.00618501
0.0772826
0.0328234
0.469855
47
0.983663
0.0863679
0.0774231
91
0.00864805
0.0871929
0.026606
0.0862628
61
0.940774
0.182906
0.00253197
34
0.00844758
0.00294075
0.0183493
0.112058
99
0.937354
0.0127604
0.161213
38
0.00984691
0.00183519
0.048529
0.00315411
17
0.930365
0.149981
0.149618
19
0.00781193
0.067118
0.0465526
0.237576
49
0.978826
0.111742
0.115663
23
0.00783719
0.0291474
0.0350123
0.392788
45
0.927011
0.135936
0.459908
67
0.00320892
0.0151461
0.0337781
0.0971653
42
0.90269
0.156687
0.186725
92
0.00389886
0.0745631
0.033091
0.318727
58
0.917979
0.110394
0.009848
17
0.00238266
0.021758
0.0115907
0.395446
95
0.936452
0.0507775
0.305216
92
0.00773986
0.055255
0.0390764
0.225488
9
0.911806
0.17829
0.392408
25
0.000346283
0.0102615
0.0295726
0.398375
97
0.911178
0.0347878
0.400323
3
0.00488194
0.050991
0.0319927
0.0228691
92
0.91825
0.158519
0.469273
74
0.00650409
0.006847
0.0106028
0.289047
8
0.931155
0.0565675
0.436039
73
0.00363173
0.00740204
0.014106
0.205959
36
0.987153
0.170383
0.465686
92
0.00434612
0.0366138
0.0369614
0.49188
59
0.989864
0.185012
0.137442
90
0.00457015
0.0276706
0.0301621
0.410694
13
0.974624
0.088967
0.361866
42
0.00614836
0.0933624
0.0207608
0.122003
44
0.93747
0.192063
0.463219
34
0.00890949
0.0424338
0.0324921
0.229462
87
0.946023
0.164035
0.377221
13
0.00442067
0.0261713
0.0466001
0.149693
29
0.97253
0.0431038
0.0879651
39
0.00225962
0.0935428
0.0129159
0.207983
22
0.954527
0.143542
0.20354
45
0.00146267
0.0611422
0.0340907
0.269101
89
0.968593
0.0874756
0.133081
97
0.00998016
0.0752458
0.0383474
0.131572
75
0.997499
0.199228
0.0643882
74
0.000575724
0.0982473
0.039392
0.139506
45
0.941568
0.0691149
0.121333
98
0.00372074
0.0838404
0.0398961
0.235815
56
0.984264
0.0601655
0.257603
5
0.00637606
0.0176231
0.0417803
0.473524
91
0.929906
0.00864664
0.131157
45
0.00462523
0.0155432
0.0316392
0.106777
19
0.978248
0.00662098
0.466966
16
0.00974743
0.0289118
0.0450921
0.420144
20
0.987348
0.063211
0.452431
73
0.00709842
0.00665778
0.0433344
0.363013
99
0.986452
0.103113
0.389571
89
0.00787059
0.0920114
0.0169757
0.0209271
61
0.96816
0.0289426
0.266082
49
0.000193789
0.0361492
0.0373029
0.325196
85
0.942385
0.122543
0.410265
92
0.00586248
0.0686355
0.0347603
0.165876
40
0.937772
0.166583
0.264242
97
0.00393942
0.00815524
0.0193423
0.370546
11
0.913656
0.0973022
0.422589
81
0.00360904
0.0592091
0.0463225
0.396647
20
0.980914
0.0852362
0.370964
99
0.00303812
0.0496588
0.0377607
0.0557092
45
0.979275
0.0490011
0.302406
8
0.00637769
0.0161896
0.0301511
0.218388
72
0.991196
0.030108
0.0343667
26
0.00608127
0.00113956
0.0209566
0.487081
100
0.987744
0.0678398
0.0561708
70
0.00590197
0.0237213
0.0164431
0.466564
31
0.984405
0.159702
0.255718
74
0.00698762
0.0681119
0.014943
0.138372
88
0.948227
0.106672
0.126087
84
0.00401608
0.0387412
0.0215745
0.390372
74
0.910265
0.167738
0.478003
69
0.00279668
0.0450111
0.0329176
0.413421
61
0.975168
0.151423
0.0416469
13
0.000555202
0.0239894
0.0363633
0.184978
59
0.930505
0.0753397
0.325797
7
0.00895396
0.0615539
0.0472179
0.0731908
90
0.950857
0.0121192
0.418135
68
0.00188168
0.0213598
0.0432013
0.0310587
82
0.915814
0.0377161
0.415108
56
0.00407333
0.040417
0.0419924
0.0164193
39
