0.91487
0.193732
0.00425994
22
0.0113429
0.0116193
0.365081
10
0.815329
0.602835
0.00492829
0.812829
0.0798439
0.00766474
47
0.0197396
0.0582282
0.372623
9
1.79317
0.126301
0.00760158
0.961106
0.04588
0.00704482
54
0.00440366
0.0495289
0.20278
31
3.46069
0.224025
0.00680289
0.876111
0.101822
0.0021104
140
0.0185312
0.0407574
0.0531602
39
1.47395
0.1155
0.00867284
0.922066
0.0783828
0.00348401
97
0.0153384
0.055734
0.402581
57
1.42505
0.67239
0.00412555
0.848701
0.0323132
0.00627938
42
0.00771146
0.0620086
0.292975
97
3.45909
0.674443
0.000586395
0.919131
0.110637
0.00566524
41
0.00155493
0.0259247
0.353112
49
0.777018
0.379701
0.00206857
0.800306
0.0776194
0.00866471
54
0.0104238
0.0944448
0.358023
80
1.15007
0.706939
0.00301052
0.84674
0.0589771
0.00254149
100
0.0112326
0.0373667
0.188738
47
2.92736
0.261395
0.00410175
0.970144
0.0869511
0.00265137
83
0.0118177
0.0113954
0.083162
79
3.29699
0.487099
0.00460966
0.952658
0.147889
0.0084991
136
0.00897837
0.0198916
0.330186
34
2.06528
0.400744
0.00388296
0.939386
0.0161678
0.00621097
71
0.0054311
0.0651407
0.265151
41
3.57268
0.252209
0.00226973
0.816829
0.0252332
0.00644423
139
0.0049626
0.0132573
0.141387
66
3.4331
0.545657
0.00779357
0.838125
0.14159
0.00990102
110
0.0137007
0.0953444
0.321866
74
3.08982
0.655251
0.00212583
0.944221
0.0124431
0.0022498
83
0.004299
0.0460557
0.391131
51
2.25018
0.199026
0.000912261
0.905217
0.178348
0.00484667
61
0.0167208
0.0379278
0.496557
5
3.94143
0.338988
0.00328381
0.99545
0.116558
0.00955713
75
0.0195631
0.0959899
0.347122
24
1.25748
0.134841
0.00373039
0.974491
0.0933688
0.00296253
42
0.0112807
0.0185366
0.224944
44
2.33146
0.51394
0.00932124
0.845461
0.125203
0.00504045
56
0.0150997
0.067779
0.152048
94
2.73306
0.457891
0.000818847
0.87875
0.0647345
0.00462928
109
0.0104829
0.0307033
0.28159
11
2.41752
0.175299
0.00321732
0.933797
0.083805
0.00731135
40
0.00863772
0.0464487
0.214701
68
2.87476
0.332671
0.00837111
0.920878
0.188707
0.00645791
29
0.0146496
0.0414404
0.0453904
11
2.01794
0.492457
0.00875872
0.894496
0.0754658
0.00283145
51
0.012149
0.0962472
0.336342
11
2.59918
0.0450657
0.00286438
0.93187
0.188139
0.00637064
35
0.0122495
0.0599299
0.417181
89
0.723665
0.725953
0.00514759
0.859044
0.0154804
0.00845235
31
0.0173731
0.097301
0.0650377
55
2.97325
0.225019
0.000907746
0.86842
0.0303343
0.00716727
77
0.013458
0.076268
0.296205
15
0.705387
0.386013
0.00260959
0.886956
0.0178413
0.00491371
132
0.0176534
0.0389116
0.0207349
49
2.90689
0.0788541
0.00518755
0.95878
0.0207043
0.00236218
80
0.0166319
0.0125577
0.331334
86
1.80436
0.769749
0.00258617
0.964245
0.187712
0.00665884
60
0.0167536
0.0662759
0.303172
26
3.65546
0.489283
0.000519266
0.808377
0.0997462
0.00696092
73
0.010938
0.0709129
0.291173
74
0.256686
0.107392
0.00727973
0.983355
0.0723858
0.00682235
57
0.00948771
0.0226653
0.244693
25
0.212782
0.359065
0.00302747
0.885249
0.18204
0.00974728
76
0.00866596
0.0681006
0.178449
35
0.670042
0.304728
0.00729748
0.93295
0.165519
0.00478121
113
0.0107527
0.0318002
0.174713
82
1.87094
0.227163
0.00500971
0.948028
0.106289
0.0040766
102
0.0126873
0.0597247
0.433703
53
2.79149
0.569787
0.0094114
0.956095
0.0898114
0.00233754
67
0.00736902
0.0964561
0.227965
70
1.92237
0.410425
0.00606534
0.861502
0.0514971
0.00710102
64
0.00644075
0.0744653
0.0847353
42
3.05874
0.111503
0.00883871
0.991999
0.125926
0.00895649
136
0.0188358
0.0243005
0.239048
50
2.28829
0.454408
0.00985339
0.881754
0.182861
0.00151063
99
0.00774274
0.0272601
0.0917483
22
2.485
0.759358
0.00791851
0.967553
0.113469
0.00584834
108
0.0150873
0.0696962
0.416615
24
3.96596
0.765062
0.00230935
0.849597
0.169588
0.00199976
89
0.0106381
0.0491961
0.411477
92
1.30551
0.686627
0.00434114
0.855336
0.0766203
0.00807598
37
0.0176374
0.0223154
0.164093
94
1.83075
0.467594
0.00288437
0.924069
0.0654689
0.00447081
96
0.00479983
0.0772073
0.25882
53
2.15548
0.393284
0.00580043
0.976877
0.171371
0.0067468
149
0.0144553
0.0993514
0.192454
37
0.915303
0.0318839
0.00630097
0.809985
0.0877609
0.00475732
27
0.00358389
0.0239055
0.288665
62
1.31401
0.230431
0.00998091
0.955278
0.184663
0.00443766
59
0.0163342
0.0730291
0.0928945
29
0.473733
0.258683
0.00754528
0.926025
0.0881383
0.0076973
87
0.0170709
0.0489696
0.0934834
81
2.80753
0.343648
0.00690047
0.96166
0.0686468
0.00811092
76
0.0178566
0.048281
0.28661
63
1.28564
0.527954
0.00370375
0.804084
0.106913
0.00403437
120
0.0159181
0.0693539
0.406478
2
2.26655
0.364531
0.00169545
0.903212
0.160855
0.00926458
117
0.00891649
0.0545124
0.290409
28
0.266932
0.0440269
0.000858836
0.998008
0.170857
0.00108193
120
0.0133048
0.0176816
0.41438
57
3.59735
0.208541
0.00416446
0.840585
0.151825
0.0014595
82
0.00702441
0.085938
0.00239887
55
0.790926
0.503059
0.00439859
0.84319
0.0525011
0.00677233
144
0.015427
0.0854863
0.473057
88
3.6845
0.0770264
0.00478738
0.924599
0.0284479
0.00830661
136
0.00834847
0.0446421
0.437734
10
1.75157
0.639409
0.000622024
0.921556
0.0359341
0.00851239
19
0.0167859
0.0825754
0.49816
60
2.95894
0.0286413
0.00669204
0.958831
0.0420476
0.00340939
17
0.00824362
0.0480489
0.39798
78
0.626269
0.298835
0.00923602
0.971768
0.0770478
0.00685641
25
0.00596363
0.0425914
0.47691
22
0.798086
0.103494
0.0034587
0.805043
0.0474847
0.00587622
52
0.0106697
0.0605982
0.30804
68
3.31099
0.128485
8.07504e-05
0.85484
0.103278
0.00167606
149
0.00611208
0.0711174
0.131555
30
3.05016
0.33507
0.00473903
0.934422
0.0785475
0.00181775
89
0.0197035
0.0722685
0.319409
97
2.1793
0.788033
0.00539033
0.944605
0.0366963
0.00278639
96
0.001217
0.0292686
0.125194
87
2.99311
0.545925
0.00179334
0.957974
0.177244
0.00385159
78
0.00259691
0.0440314
0.379715
5
0.598622
0.394388
0.00224256
0.919983
0.127067
0.00177413
130
0.00989776
0.0791461
0.0825736
26
1.53081
0.377903
0.00768771
0.838936
0.187127
0.00258615
18
0.0138686
0.0786163
0.0112144
7
3.27695
0.786935
0.00806946
0.896433
0.145229
0.00690111
44
0.00589664
0.0596646
0.0756739
76
1.01412
0.560336
0.00637395
0.872872
0.040254
0.00164315
85
0.00323265
0.0417455
0.459485
69
3.78512
0.164171
0.00714859
0.973478
0.0847082
0.00332347
19
0.0186357
0.0755561
0.448033
85
1.34264
0.423302
0.00440952
0.942078
0.172241
0.00420198
90
0.00981289
0.0360013
0.124284
9
3.51602
0.613797
0.00530542
0.866923
0.136647
0.00616252
72
0.0186312
0.0104218
0.216889
23
2.19351
0.536767
0.00706293
0.863838
0.0693818
0.00802208
30
0.00721619
0.0192029
0.499812
98
0.562509
0.387813
0.00252278
0.912798
0.0916092
0.00813672
52
0.0052934
0.0857782
0.479943
37
3.48977
0.583121
0.00677288
0.899895
0.108579
0.00122734
141
0.00332885
0.0800091
0.135139
16
2.99947
0.434468
0.00178323
0.901954
0.118367
0.00625592
49
0.00508456
0.0903854
0.186182
93
1.26501
0.0626388
0.00451162
0.843769
0.129445
0.00298388
126
0.00742508
0.0646161
0.254345
78
1.77594
0.206874
0.000381859
0.87981
0.0823169
0.00344185
140
0.00480442
0.0795875
0.278381
42
3.4244
0.109086
0.00690638
0.950348
0.17681
0.00905066
59
0.00607426
0.014
0.0230154
4
0.221641
0.233359
0.00452571
0.97296
0.115755
0.00548901
7
0.00410543
0.0398439
0.301179
2
2.56797
0.041896
0.00915648
0.981143
0.140304
0.0089878
82
0.0183068
0.0321343
0.32492
7
2.31874
0.792243
0.00402836
0.915693
0.0543006
0.00137629
114
0.00417691
0.0118651
0.219627
9
2.8149
0.660428
0.00129744
0.930046
0.190115
0.00755576
20
0.0164351
0.0876874
0.215146
49
0.960972
0.657518
0.0098636
0.892213
0.103748
0.0019515
51
0.00802665
0.0661189
0.130996
42
3.02287
0.794753
0.00904191
0.830947
0.0203419
0.00882969
85
0.0139732
0.0478603
0.0123143
68
2.45061
0.779465
0.00172923
0.949325
0.145636
0.00494625
14
0.00442422
0.0164344
0.359241
90
1.23256
0.381984
0.00465412
0.914369
0.0240274
0.00528793
46
0.00344287
0.0527264
0.108564
31
2.73486
0.110901
0.00420951
0.847061
0.151251
0.00723443
73
0.0190185
0.0718465
0.0866784
3
3.58977
0.630653
0.00363261
0.877619
0.0417668
0.00360227
46
0.00194478
0.0585472
0.0815751
9
3.49796
0.783641
0.00992352
0.833722
0.13757
0.00203466
62
0.00876631
0.0793182
0.43178
93
0.737956
0.588915
0.00352925
0.987728
0.194628
0.00436003
22
0.00309809
0.0933318
0.482979
4
3.81328
0.646966
0.0058781
0.858073
0.166213
0.00250692
24
0.00868736
0.0161533
0.182317
24
2.86207
0.158877
0.00869425
0.908061
0.0479815
0.00358169
25
0.0115677
0.0248633
0.0884804
28
1.93497
0.140198
0.00693675
0.927593
0.0815801
0.00964742
141
0.00582181
0.0674068
0.314639
41
2.11691
0.636558
0.00981662
0.971367
0.170498
0.0079355
145
0.0129538
0.0134674
0.246546
13
0.821501
0.581748
0.00926095
0.870803
0.183051
0.00526693
114
0.00648003
0.0749049
0.388203
23
0.631554
0.439153
0.000760095
0.822952
0.16968
0.00477624
122
0.0120543
0.0184295
0.335116
53
0.603656
0.245462
0.00766914
0.98498
0.158997
0.00841479
5
0.00728093
0.0847302
0.0525032
25
1.27656
0.571395
0.00749165
0.937983
0.132402
0.00972665
134
0.00890378
0.0101663
0.4011
82
1.39468
0.220108
0.00150123
0.82794
0.175464
0.0093959
62
0.011859
0.067547
0.298079
19
2.80163
0.0510497
0.00506447
0.801188
0.0294492
0.00948065
81
0.00319715
0.0622392
0.389823
92
1.93943
0.222473
0.00232984
0.884988
0.0281599
0.0043392
79
0.0147968
0.0511551
0.456559
90
0.744779
0.696251
0.00826331
0.837571
0.116861
0.0058262
107
0.00250332
0.0255964
0.439995
33
1.12386
0.70821
0.00236067
0.995175
0.034722
0.00101866
86
0.00960015
0.0171156
0.390979
90
0.497778
0.485267
0.00111257
0.965071
0.0455854
0.00985215
105
0.0164082
0.0382111
0.0212548
31
0.520443
0.496676
0.00528922
0.846428
0.184056
0.00156832
99
0.0164702
0.0246614
0.101171
7
3.30069
0.369223
0.00276652
0.806342
0.161445
0.00421176
16
0.0109747
0.0105555
0.00300894
83
1.84144
0.456189
0.006351
0.978894
0.0939858
0.00334559
8
0.019893
0.0774451
0.210925
90
0.61437
0.146078
0.00666783
0.808765
0.0752332
0.00365615
24
0.0174826
0.0107925
0.295027
60
2.7752
0.760576
0.0078438
0.860618
0.139774
0.00339092
139
0.0131032
0.0375549
0.422948
44
3.11486
0.56373
0.00920112
0.95489
0.0431579
0.00632413
6
0.00515197
0.0925548
0.423036
87
3.27129
0.199924
0.00591522
0.879003
0.17002
0.00982293
25
0.0159507
0.063936
0.13466
5
1.22593
0.754972
0.00197647
0.940804
0.154363
0.00800012
105
0.0133536
0.0200915
0.16264
4
2.02481
0.436563
0.00658201
0.891399
0.157146
0.0040832
85
0.0168542
0.0812174
0.160776
40
3.48042
0.157031
0.00580986
0.936432
0.0811179
0.00825505
49
0.0196614
0.032844
0.185647
92
3.35303
0.750041
0.000358839
0.827126
0.143202
0.00693313
46
0.00785622
0.0828293
0.222141
98
3.60866
0.421998
0.00672804
0.845892
0.0470695
0.00226542
127
0.0171928
0.0576806
0.421737
21
3.9162
0.312441
0.00866123
0.858366
0.0298931
0.00392314
67
0.0194161
0.0589818
0.212046
5
0.657315
0.163137
0.00397219
0.834129
0.0985009
0.00438439
88
0.00293275
0.0566675
0.228199
37
3.22325
0.26866
0.00857893
0.888038
0.062507
0.00747698
143
0.0147626
0.0888442
0.00515181
65
3.44874
0.0876293
0.0085861
0.900202
0.102909
0.00778411
97
0.00901462
0.040432
0.151893
23
1.10573
0.789848
0.0057151
0.817292
0.0493658
0.00610941
133
0.00432355
0.0508147
0.213242
61
3.05298
0.743486
0.00476084
0.910777
0.177738
0.00247033
75
0.0188738
0.0224237
0.381653
70
2.40086
0.320499
0.00739288
0.968428
0.107317
0.00872089
127
0.0158174
0.0657176
0.154329
32
0.458525
0.19616
0.0029164
0.954536
0.129724
0.00581651
124
0.0101145
0.0894128
0.424292
20
1.32161
0.591484
0.00463095
0.886287
0.150721
0.00123602
8
0.0123499
0.0900118
0.148351
24
0.335441
0.726497
0.00676228
0.850055
0.0926834
0.00255268
94
0.0176833
0.0199677
0.432545
36
0.271627
0.472828
0.000773529
0.835888
0.102397
0.0078132
99
0.0171604
0.0416622
0.272107
39
3.32698
0.682897
0.00138292
0.873735
0.0246532
0.00843147
40
0.0149794
0.0761536
0.469719
4
3.82185
0.51594
0.00444657
0.94369
0.174001
0.00416561
81
0.00746651
0.0528544
0.341749
1
2.83456
0.540988
0.00355519
0.880003
0.080362
0.00726746
126
0.00964317
0.0253949
0.462265
44
2.21695
0.0535664
0.00549595
0.988175
0.119462
0.00795403
116
0.00268766
0.0138095
0.368558
62
0.409233
0.166916
0.00487875
0.987413
0.0271451
0.00110816
124
0.0169463
0.0751085
0.302272
14
2.91607
0.447865
0.00944803
0.972562
0.145846
0.00231548
34
0.0151439
0.0733469
0.407317
57
2.4413
0.740242
0.00162612
0.837094
0.154505
0.00316171
57
0.00674531
0.0615472
0.267052
19
0.421357
0.291957
0.00627175
0.955769
0.191971
0.00558658
82
0.0136428
0.0267409
0.0903973
95
2.55322
0.16735
0.00513672
0.978396
0.131725
0.00987815
146
0.0119649
0.0500198
0.408553
70
1.81269
0.34218
0.00218489
0.898446
0.0583813
0.00710383
26
0.0125064
0.0333339
0.268857
38
3.14638
0.565514
0.00294596
0.839311
0.0546661
0.00606289
126
0.0136149
0.0640543
0.0164513
86
0.953588
0.559829
0.000681241
0.882326
0.156029
0.001849
91
0.00973561
0.0754209
0.220204
33
3.52172
0.309443
0.00242573
0.916894
0.0173479
0.00760456
42
0.00624137
0.081538
0.198754
59
2.33586
0.350937
0.0095475
0.897705
0.0641609
0.00923448
77
0.0137333
0.0575006
0.0731136
7
1.14073
0.589314
0.00565266
0.854334
0.128735
0.00304039
9
0.0198212
0.0423981
0.248484
76
3.76354
0.272759
0.00254838
0.844439
0.160873
0.00575211
75
0.0139219
0.0455037
0.251688
85
3.31526
0.596285
0.00639598
0.942526
0.162706
0.00379638
32
0.00213447
0.0309873
0.327125
21
1.98061
0.162065
0.00900236
0.859657
0.156369
0.00884304
96
0.0195406
0.0351607
0.0588001
12
3.17951
0.0697362
0.00430259
0.882907
0.109034
0.00941337
84
0.00399668
0.0117584
0.356972
84
0.555683
0.24943
0.00342281
0.823575
0.0127875
0.00700821
101
0.00844644
0.0150716
0.257549
98
0.903435
0.620139
0.00776576
0.82565
0.120245
0.00966567
123
0.0190031
0.0725421
0.412254
73
1.52008
0.407171
0.00214418
0.913662
0.0306919
0.00100369
130
0.018031
0.0548491
0.463799
97
2.25626
0.0332494
0.00924779
0.983988
0.0137611
0.00471448
95
0.00570243
0.0564086
0.112414
66
1.43447
0.19547
0.00649347
0.923527
0.165968
0.00763476
75
0.00457406
0.0344937
0.445852
72
1.61124
0.402257
0.00159255
0.934872
0.0188427
0.00707003
114
0.00766719
0.0734744
0.200611
62
1.40745
0.284889
0.00442835
0.902914
0.0677125
0.00642286
129
0.0161344
0.0435275
0.313629
38
2.69262
0.286667
0.00412906
0.895922
0.0520021
0.00137931
55
0.0184221
0.0501896
0.478449
79
2.63924
0.0567644
0.00273264
0.894281
0.123857
0.00954845
91
0.00604356
0.020663
0.0094714
45
1.66613
0.0232349
0.00652481
0.938509
0.155621
0.00141819
14
0.00914778
0.0976022
0.340829
76
2.17796
0.129619
0.00815086
0.853235
0.0388457
0.00757673
37
0.0058498
0.0604991
0.0388176
89
3.79851
0.669934
0.00195151
0.870032
0.166904
0.0075339
20
0.00941329
0.0729084
0.274611
58
3.74002
0.550509
0.00661906
0.961218
0.0148717
0.00313564
24
0.00563729
0.0217942
0.149247
48
0.980264
0.520014
0.000877898
0.985727
0.0567076
0.00324544
142
0.0179485
0.023147
0.271211
1
0.286184
0.432022
0.00240477
0.861168
0.0404937
0.0013245
37
0.013072
0.0543644
0.242899
75
2.10837
0.575282
0.00937807
0.95178
0.134253
0.0018705
54
0.0144004
0.0837678
0.194144
82
0.944191
0.320911
0.0052826
0.974909
0.120836
0.00174818
117
0.00590308
0.0569822
0.122753
70
0.545234
0.00333433
0.000430496
0.875158
0.138256
0.00520706
15
0.00545827
0.0913072
0.0686696
36
1.09618
0.521437
0.00559808
0.939142
0.0166228
0.00544967
69
0.0152027
0.0488473
0.323654
39
3.83524
0.0174796
0.00113472
0.935629
0.0573538
0.00654668
55
0.00936357
0.0369864
0.20164
30
0.580294
0.621445
0.00282938
0.991227
0.0759189
0.00513019
61
0.0142352
0.0457418
0.41502
17
3.93088
0.644191
0.00109898
0.830453
0.148306
0.0089037
145
0.00298931
0.0851054
0.449366
50
1.04842
0.234908
0.00895952
0.850167
0.144713
0.00901085
131
0.00684581
0.0713853
0.399194
18
0.251777
0.404035
0.00381542
0.884611
0.163551
0.00572282
105
0.0175768
0.038584
0.49557
80
0.527024
0.730355
0.000790378
0.906366
0.151475
0.00670936
114
0.00852064
0.0686349
0.0324247
15
1.54303
0.317001
0.00854194
0.920527
0.147075
0.00833068
65
0.00315735
0.029159
0.136114
95
3.40713
0.744181
0.00651905
0.826438
0.0987478
0.00617932
26
0.0174309
0.0907689
0.264052
59
3.28325
0.778271
0.000981381
0.803109
0.116396
0.00880386
142
0.0156209
0.0785351
0.280845
65
0.673079
0.663846
0.00318564
0.814058
0.0716682
0.0086071
135
0.00573776
0.0143713
0.00114601
87
1.56664
0.469203
0.00203534
0.945972
0.0269321
0.0051506
91
0.0170266
0.0410409
0.430122
95
2.53476
0.780901
0.0018501
0.804403
0.158461
0.00827857
23
0.0123818
0.0737097
0.150949
23
2.54583
0.684758
0.00582683
0.951148
0.12664
0.00589537
21
0.0168357
0.0666322
0.477787
29
2.20186
0.308236
0.00367255
0.960789
0.112094
0.00489186
38
0.0161055
0.0331919
0.350531
71
0.8802
0.425178
0.00395081
0.864949
0.114233
0.00890171
11
0.0073923
0.0909262
0.147944
49
3.46979
0.776551
0.000534244
0.937683
0.146596
0.0069145
49
0.00358579
0.0852408
0.0473862
54
2.36594
0.761714
0.00698702
0.892598
0.0441314
0.008574
92
0.0182544
0.0582924
0.128189
45
1.17941
0.579932
0.00958209
0.932835
0.104057
0.00623656
125
0.0116796
0.0668751
0.493036
12
0.465739
0.279495
0.00265391
0.977923
0.0138378
0.00944961
116
0.0107959
0.0914442
0.237706
62
3.66448
0.294899
0.00125648
0.926927
0.0960749
0.00536974
34
0.00763439
0.070733
0.28494
17
1.88271
0.737319
0.00916151
0.964645
0.0638491
0.00170022
71
0.0165346
0.0424131
0.167207
91
3.92902
0.688761
0.00119163
0.922995
0.108132
0.00613753
47
0.0130389
0.0892712
0.14442
40
2.00268
0.101674
0.00640717
0.862057
0.140425
0.00417211
59
0.0135203
0.092062
0.103105
81
1.71581
0.61849
0.00760922
0.851668
0.0761673
0.00930503
15
0.0189199
0.0349999
0.156896
17
0.540531
0.464087
0.00122431
0.890006
0.074958
0.00258224
64
0.0110382
0.0261327
0.2434
55
2.65324
0.531393
0.00643955
0.83248
0.162314
0.0030834
142
0.0117273
0.0412375
0.318457
67
0.680729
0.290137
0.00142751
0.881278
0.0684942
0.00480602
39
0.0125665
0.081671
0.351833
93
1.96904
0.211335
0.00617875
0.822148
0.17519
0.00660743
68
0.0178112
0.0326162
0.279083
40
3.94794
0.595445
0.0083845
0.927996
0.0905452
0.00803987
113
0.0191846
0.0906291
0.259834
2
0.9947
0.24262
0.00347999
0.892923
0.178228
0.00604675
144
0.0141332
0.0742046
0.352978
96
3.75859
0.507881
0.000423195
0.917714
0.195711
0.0018042
84
0.013498
0.0273751
0.428926
47
3.80699
0.26465
0.00720057
0.993354
0.0557375
0.00492598
116
0.00954176
0.03568
0.297409
8
2.49691
0.496255
0.00683253
0.810485
0.0218585
0.00718924
63
0.00286082
0.0801528
0.277157
74
3.70099
0.367058
0.00124558
0.9023
0.148528
0.00706515
13
0.0145397
0.0279905
0.383903
9
2.94653
0.661263
0.000127016
0.824688
0.196179
0.0012968
58
0.00277846
0.0400767
0.208049
88
0.891745
0.625532
0.0073233
0.904809
0.149337
0.00878247
111
0.0183385
0.0654799
0.275799
56
3.24161
0.0915953
0.00862678
0.868935
0.105346
0.00373152
15
0.0156309
0.0344513
0.0991907
42
0.415561
0.141666
0.00497574
0.934948
0.0216122
0.00386937
109
0.00688775
0.0193764
0.238525
84
0.193427
0.576824
0.00419171
0.973784
0.0351295
0.00533517
15
0.01608
0.0347686
0.364668
79
0.315339
0.774314
0.000461693
0.982962
0.144115
0.00144426
48
0.00783685
0.0561924
0.491113
36
2.61
0.584656
0.00670691
0.937034
0.183615
0.00680073
36
0.0163095
0.0602616
0.106779
72
2.84456
0.755869
0.00391845
0.92559
0.0719909
0.00633466
26
0.0134184
0.0103341
0.0319426
4
0.782513
0.757947
0.00152417
0.929072
0.10666
0.003012
18
0.00669949
0.0861203
0.47237
85
1.71291
0.482514
0.00890022
0.860205
0.0316302
0.0084396
129
0.00198059
0.0835333
0.404756
34
3.5099
0.277416
0.00647373
0.891664
0.191257
0.00103935
146
0.00996788
0.02632
0.145287
48
1.63072
0.4184
0.000155386
0.85755
0.141189
0.00596129
10
0.00239502
0.0779067
0.0505149
16
0.516143
0.465211
0.00189572
0.81356
0.180385
0.00565645
45
0.00529595
0.0703022
0.320679
75
2.04566
0.74868
0.00962682
0.912513
0.195023
0.00577127
94
0.00636408
0.0512764
0.285116
57
0.438644
0.209737
0.00918245
0.979479
0.165347
0.00321622
28
0.00103018
0.017801
0.0741906
14
2.76013
0.0153833
0.0073165
0.853463
0.133612
0.00389067
86
0.0110945
0.0632624
0.375001
29
3.98674
0.752259
0.00789911
0.962714
0.101104
0.00155096
131
0.016681
0.0285582
0.118404
32
2.05314
0.632894
0.00844443
0.948407
0.0582113
0.00925158
148
0.019237
0.0403125
0.398709
69
2.70843
0.391465
0.00156755
0.845332
0.159856
0.00219758
53
0.0157786
0.0538571
0.193721
44
0.845116
0.74186
0.00467942
0.816228
0.0794753
0.0020237
132
0.0109055
0.0474958
0.177556
11
2.21211
0.471515
0.00631108
0.925029
0.168999
0.00863926
73
0.0182142
0.0628176
0.0872539
83
2.43598
0.0203926
0.0099001
0.998274
0.192692
0.00457668
32
0.0185023
0.075835
0.00848448
61
0.768963
0.499634
0.00717743
0.997313
0.122947
0.00870197
125
0.00242616
0.0977207
0.0717729
58
1.72905
0.461886
0.000327306
0.809312
0.0714143
0.00903989
6
0.00435829
0.0408175
0.344378
76
0.395668
0.0858553
0.000107107
0.974225
0.0510081
0.00648883
14
0.0165462
0.0840284
0.0330147
62
3.13798
0.00671475
0.00573435
0.933504
0.131386
0.00694597
92
0.0135538
0.0429597
0.0565186
59
0.206297
0.330056
0.00253823
0.813367
0.0892577
0.00149568
33
0.00339416
0.0445109
0.061416
73
2.58796
0.069666
0.00191875
0.901446
0.0504715
0.00974939
98
0.010718
0.0370206
0.370391
14
2.96884
0.700392
0.00878768
0.928946
0.0576276
0.00739447
50
0.014694
0.0843991
0.205493
22
3.72345
0.306982
0.00820998
0.957602
0.164336
0.00328721
136
0.00148202
0.0565525
0.0292787
50
1.19379
0.178274
0.00853019
0.820867
0.0704789
0.00198098
115
0.0045504
0.0187341
0.266131
23
2.037
0.191016
0.00545721
0.935815
0.0443324
0.00363109
17
0.0128255
0.0505714
0.163631
45
3.07046
0.187173
0.00331726
0.865655
0.119326
0.00214843
8
0.016025
0.0265423
0.121801
65
3.76952
0.270289
0.00165845
0.980116
0.13949
0.00672851
103
0.0124466
0.0438592
0.442472
91
0.573564
0.0402665
0.00349634
0.986505
0.124334
0.00530772
138
0.00150618
0.0716163
0.452103
62
1.94742
0.151313
0.000705033
0.821621
0.197555
0.00346073
8
0.0125238
0.0173196
0.0306158
99
2.51987
0.721591
0.00850074
0.965818
0.191312
0.00540981
52
0.0153018
0.0215734
0.436442
65
0.712138
0.291744
0.00887586
0.931708
0.110135
0.00733379
35
0.0104244
0.0846379
0.195547
90
1.59098
0.552197
0.00810796
0.893879
0.160345
0.00912124
6
0.00788084
0.0130545
0.0226453
46
2.16942
0.685704
0.00774682
0.903751
0.107995
0.0043763
87
0.0118722
0.0283655
0.18385
52
1.21162
0.452818
0.00786956
0.943319
0.137136
0.00472929
60
0.0072583
0.0700276
0.299062
38
2.57205
0.538927
0.000238298
0.893362
0.152507
0.00649294
120
0.00847341
0.0468966
0.305883
82
0.295628
0.353858
0.00737548
0.941124
0.0613989
0.00132275
22
0.00632734
0.0303524
0.0774103
34
0.326421
0.362668
0.00826126
0.905707
0.0617124
0.00483217
119
0.014196
0.0518956
0.00443668
83
0.142589
0.217428
0.000960502
0.930565
0.0844658
0.00744558
31
0.00955053
0.0897057
0.376561
96
2.85364
0.667704
0.000144982
0.924319
0.125699
0.00116052
50
0.0131974
0.0142887
0.273998
37
3.87752
0.715155
0.00260659
0.842372
0.0992914
0.0072101
137
0.00425114
0.0466767
0.11515
82
1.99029
0.0307146
0.00803717
0.898982
0.0873174
0.00209122
65
0.00235706
0.0695032
0.11046
46
1.74414
0.256804
0.00532717
0.982115
0.0569143
0.0060245
84
0.00817746
0.0999494
0.440335
48
2.71968
0.302064
0.00270984
0.942218
0.125053
0.00909708
13
0.0124029
0.0633436
0.369874
32
1.0263
0.408942
0.00841224
0.842093
0.119866
0.00560711
14
0.0102192
0.0498051
0.176074
20
1.45256
0.143238
0.00385009
0.916375
0.13113
0.0035633
90
0.00904671
0.0433215
0.146843
88
0.375027
0.53324
0.00843338
0.836752
0.0967626
0.00448081
67
0.0111722
0.0241774
0.489976
97
1.73254
0.247288
0.00588465
0.884017
0.0859378
0.00900356
92
0.00808969
0.0874357
0.468255
52
1.66977
0.738874
0.00106848
0.889669
0.132315
0.00284579
81
0.0132135
0.0647461
0.181398
67
2.23023
0.681356
0.00134451
0.811624
0.188257
0.00337577
138
0.00692462
0.0438174
0.0854912
11
3.67424
0.522337
0.00714204
0.841131
0.181605
0.00629368
112
0.0148629
0.0473222
0.0953252
4
0.833792
0.7248
0.00751948
0.883205
0.115261
0.00353282
139
0.0199847
0.0866553
0.13744
92
2.90372
0.182555
0.00289132
0.800409
0.15873
0.00280918
45
0.00661713
0.0338891
0.316744
42
1.76783
0.438642
0.00608699
0.855013
0.0266849
0.00470534
105
0.00163076
0.0645244
0.460253
55
0.638438
0.120316
0.00594708
0.829247
0.0550759
0.0032114
38
0.0177556
0.092091
0.0180286
96
1.37646
0.549101
0.00953815
0.872729
0.181302
0.00729294
77
0.0155617
0.0554142
0.355898
24
1.1318
0.34137
0.00697366
0.958194
0.13302
0.00277203
128
0.0105359
0.0524876
0.3868
82
1.86693
0.459722
0.0050396
0.810991
0.19826
0.00885647
45
0.00931367
0.0508785
0.126762
21
3.12009
0.502652
0.00427504
0.878051
0.127514
0.00875744
73
0.0180809
0.0621997
0.306971
43
2.3101
0.361311
0.00352283
0.888704
0.157695
0.00444906
118
0.00368121
0.0883192
0.345905
96
3.01895
0.124493
0.00847382
0.858606
0.043751
0.00394159
36
0.00305076
0.0302779
0.475602
50
0.940867
0.173672
0.00585078
0.919511
0.121115
0.0016561
102
0.00630349
0.0971696
0.138927
51
0.763279
0.695275
0.00762416
0.865813
0.168193
0.0079711
70
0.00421819
0.0274957
0.481114
87
1.7539
0.44191
0.00681318
0.874035
0.0630798
0.00601897
33
0.0139974
0.0969143
0.0105499
91
3.86313
0.387463
0.00861596
0.92943
0.083565
0.00177006
115
0.00678485
0.0782636
0.039651
46
0.694925
0.764001
0.000846068
0.808335
0.113036
0.00862516
134
0.0127334
0.035345
0.304177
92
2.71711
0.58698
0.00708732
0.866656
0.0607515
0.00714172
69
0.0121914
0.0520984
0.393555
21
1.9728
0.375874
0.00634249
0.849057
0.179561
0.0027018
135
0.0166092
0.0497475
0.276599
91
3.15993
0.567233
0.00894071
0.805869
0.0603169
0.00996825
106
0.00641384
0.0301393
0.451037
77
0.171503
0.0923042
0.00136641
0.870928
0.0670066
0.0016219
89
0.0188083
0.0451851
0.209648
12
3.6467
0.150872
0.00485798
0.996953
0.0310913
0.00192279
10
0.0193256
0.0158219
0.307775
18
1.8961
0.383808
0.00157557
0.996481
0.183983
0.00378775
48
0.00500447
0.0869928
0.0158022
24
2.06136
0.751452
0.00334629
0.968071
0.0414633
0.00382478
66
0.00130086
0.0208776
0.155332
73
0.351248
0.433751
0.00523518
0.897331
0.0957678
0.00737814
43
0.0128086
0.0594855
0.116524
78
3.69689
0.296947
0.00336044
0.946525
0.118149
0.00579041
39
0.00246792
0.0124471
0.113033
91
0.226165
0.767417
0.00852136
0.831895
0.0152811
0.00858327
104
0.00305854
0.0806413
0.490771
64
1.20522
0.0963683
0.00601273
0.819653
0.105691
0.00486567
98
0.00400879
0.0610932
0.0492484
68
3.07643
0.406468
1.7928e-05
0.862268
0.085324
0.00963964
23
0.00555939
0.0422108
0.374159
8
0.587784
0.240982
0.009345
0.869351
0.0945428
0.00773819
118
0.0041306
0.0699161
0.2062
66
3.33815
0.180594
0.00742542
0.818459
0.129017
0.00517747
63
0.0159854
0.0305481
0.0579893
18
3.23361
0.047321
0.00187166
0.917266
0.0931089
0.00967888
119
0.0138285
0.0618317
0.315883
47
1.57441
0.255604
0.00684917
0.906673
0.114797
0.00543303
148
0.00712404
0.0901835
0.287575
80
3.37882
0.354242
0.00417423
0.81561
0.138484
0.00160831
66
0.00969917
0.0493647
0.249688
47
1.60092
0.153062
0.00307814
0.946448
0.0248286
0.00453289
131
0.012875
0.0524322
0.171019
86
1.69309
0.429779
0.00146558
0.94878
0.0130812
0.00508151
109
0.0148853
0.0611793
0.470585
43
3.20381
0.450222
0.00508742
0.9505
0.0344402
0.00641043
72
0.0140891
0.0530834
0.32976
73
0.8647
0.283168
0.00423643
0.901697
0.153346
0.00719337
61
0.00363514
0.0270418
0.255855
66
1.21573
0.201055
0.00269028
0.997617
0.0290478
0.00238724
27
0.00273384
0.0514697
0.218142
14
0.364081
0.395784
0.00470991
0.915937
0.199272
0.00347829
79
0.00658034
0.0551613
0.236999
13
2.34167
0.518722
0.00965664
0.957093
0.096339
0.00992489
125
0.00525236
0.0231187
0.157091
80
1.50389
0.415577
0.00450511
0.953607
0.089693
0.00765758
124
0.0143238
0.0189869
0.447847
3
3.08446
0.334295
0.00359152
0.827685
0.109913
0.00404345
80
0.00535127
0.031432
0.48886
96
1.40396
0.11867
0.00605278
0.97053
0.18086
0.00398608
39
0.0181855
0.0997071
0.492422
51
0.391778
0.189393
0.00619476
0.939936
0.167433
0.00342094
110
0.00493503
0.0776051
0.159085
34
2.24227
0.381131
0.00795967
0.863217
0.111463
0.00534314
104
0.00754515
0.0635671
0.0591434
22
1.10274
0.122541
0.00899014
0.870094
0.197177
0.00290534
60
0.0102654
0.0810949
0.0349516
99
2.11417
0.712681
0.0066439
0.807164
0.0371072
0.0031196
10
0.00468403
0.0289815
0.465521
89
3.53257
0.204212
0.00948791
0.976179
0.123336
0.00784556
23
0.00696317
0.0591439
0.230726
67
1.70106
0.69435
0.00983933
0.967586
0.112467
0.00291135
100
0.0193019
0.0168212
0.207501
54
0.28975
0.351127
0.00977907
0.908429
0.186644
0.00374694
51
0.0112023
0.0910554
0.120542
31
3.10422
0.458056
0.00695925
0.904232
0.0210694
0.00451738
57
0.00946225
0.0165763
0.252911
48
2.55963
0.449276
0.00812641
0.966291
0.12179
0.00684046
58
0.0187124
0.0949092
0.454072
69
1.07058
0.251079
0.00219127
0.994935
0.172927
0.00552645
128
0.0116561
0.0449316
0.105154
42
3.33493
0.426567
0.00147715
0.801627
0.104777
0.00128356
33
0.00909478
0.0931305
0.180803
98
0.303751
0.717813
0.000222399
0.917927
0.150521
0.00126369
70
0.0122476
0.0863978
0.231811
6
2.28596
0.194202
0.00378915
0.949949
0.175988
0.00302886
124
0.0154613
0.0145275
0.0135675
68
0.966654
0.373144
0.00262972
0.835612
0.171775
0.00459726
68
0.00113396
0.076576
0.294278
67
1.65512
0.0663236
0.000634283
0.821142
0.0886886
0.00894396
11
0.0143486
0.0362481
0.367009
60
2.74451
0.719321
0.00365194
0.898261
0.190471
0.00590748
107
0.019133
0.0335067
0.0780602
60
1.24335
0.390803
0.00896502
0.866243
0.155416
0.00148568
74
0.00777432
0.0849572
0.0434176
52
1.48812
0.116113
0.000181941
0.80646
0.153054
0.0032572
41
0.0181506
0.0957582
0.322582
84
3.55807
0.172237
0.00198929
0.907638
0.195329
0.00228341
70
0.00336818
0.0985875
0.232598
35
1.79105
0.702405
0.00339655
0.981582
0.196332
0.00821775
29
0.00559393
0.0767986
0.203695
33
3.63315
0.469771
0.00245524
0.829897
0.0262247
0.00288693
48
0.0053956
0.0938346
0.483257
64
0.652355
0.629185
0.00103494
0.82591
0.0667881
0.00440362
19
0.0106122
0.0803572
0.328269
83
0.165426
0.604445
0.00483212
0.904283
0.135594
0.00414489
48
0.00504329
0.0752827
0.260508
81
2.58426
0.0539416
0.00117301
0.887417
0.0113505
0.00789336
82
0.00157942
0.0862195
0.338891
28
2.51202
0.0480361
0.00538094
0.97581
0.199191
0.00191515
143
0.00838429
0.06132
0.173787
47
1.16338
0.676521
0.00765573
0.926196
0.164122
0.00678107
66
0.014422
0.0251854
0.332939
48
1.84702
0.412485
0.00517098
0.844807
0.011527
0.00725254
62
0.0127594
0.0884839
0.349112
59
3.19221
0.1555
0.00210389
0.940176
0.0953508
0.00107158
122
0.00854546
0.0808399
0.480153
30
3.34623
0.318598
0.00973758
0.907231
0.102229
0.00224061
54
0.00379612
0.0399121
0.250209
51
3.54239
0.592985
0.000268851
0.874694
0.0449968
0.00741248
62
0.0163803
0.0148582
0.342265
50
1.16764
0.722837
0.00805888
0.85383
0.158136
0.00950957
19
0.00388227
0.0541409
0.0519022
2
2.14335
0.31301
0.00312478
0.990718
0.0908149
0.00570305
112
0.00289931
0.023396
0.226204
20
1.35617
0.214706
0.00956551
0.883899
0.071074
0.00775266
95
0.011005
0.0915757
0.233507
13
3.00707
0.328555
0.00721925
0.829036
0.091911
0.00391118
46
0.0162122
0.0961785
0.403477
57
2.95687
0.446782
0.0045918
0.911968
0.173621
0.00669318
117
0.0175163
0.0238464
0.140279
16
1.63944
0.65829
0.009125
0.959997
0.0553715
0.00555924
68
0.0187585
0.0534546
0.199761
18
2.35962
0.505786
0.00525306
0.954071
0.0389061
0.00911388
143
0.0156926
0.0992353
0.339381
72
1.3723
0.202475
0.00246763
0.803458
0.0633636
0.00822656
36
0.00135485
0.0941717
0.263106
64
1.6491
0.667146
0.00431527
0.812655
0.0779953
0.00959634
147
0.00830614
0.0824616
0.485052
34
3.44228
0.262139
0.00205318
0.877112
0.066435
0.00425271
85
0.00181201
0.0623936
0.0462198
79
2.08934
0.478984
0.00243799
0.824228
0.135933
0.0065232
21
0.0158302
0.0266667
0.0636926
61
3.67674
0.0845232
0.00393347
0.984583
0.0342839
0.00237723
49
0.0132582
0.0329762
0.333459
77
3.97435
0.578221
0.00500176
0.953654
0.0645141
0.00789557
149
0.00998799
0.0469292
0.247582
26
2.47277
0.0593263
0.00870165
0.848323
0.024132
0.00247851
44
0.00109383
0.0870933
0.438619
75
2.83142
0.525835
0.000473644
0.989136
0.0657921
0.00737007
26
0.00330561
0.055581
0.0693715
10
3.36148
0.542432
0.00457631
0.900523
0.0480921
0.00664965
20
0.0103772
0.0340523
0.204427
70
2.64481
0.28084
0.00405578
0.921074
0.174626
0.00612213
110
0.00733035
0.0517509
0.360928
71
3.20602
0.510676
0.000402078
0.831641
0.134597
0.00635009
21
0.0114539
0.074411
0.446608
15
1.59398
0.0977922
0.00356915
0.80278
0.0144361
0.00463846
101
0.00975288
0.0985163
0.169697
88
0.450522
0.677419
0.00116368
0.948879
0.111097
0.00568029
144
0.00673052
0.0137088
0.4661
18
1.29213
0.784089
0.00939054
0.945185
0.144384
0.00838624
63
0.0108111
0.0131748
0.419818
89
1.88606
0.122184
0.00495678
0.825117
0.15671
0.00110179
51
0.0162757
0.0933415
0.161134
2
1.00138
0.373442
0.0055591
0.98983
0.146326
0.00269122
119
0.00472927
0.0691019
0.0675972
85
1.3455
0.0146277
0.000342476
0.956617
0.149801
0.00667919
33
0.00255301
0.0536923
0.371387
74
3.55067
0.370807
0.00757563
0.801303
0.019656
0.00786055
21
0.0193895
0.0820541
0.486652
33
2.40886
0.0278092
0.00455246
0.803868
0.141896
0.00454809
97
0.0194823
0.0579928
0.0644307
56
2.78048
0.237982
0.00480669
0.967124
0.0330652
0.00204544
58
0.00353522
0.0244323
0.384766
95
2.43201
0.32349
0.0066307
0.835191
0.133474
0.00831172
25
0.00813781
0.0630942
0.362575
72
3.26036
0.325667
0.00943323
0.980853
0.105923
0.00541941
134
0.0158686
0.0316772
0.444232
25
2.98497
0.063366
0.00873884
0.85705
0.137813
0.00877464
74
0.0116093
0.060766
0.0253584
33
1.48284
0.650111
0.00610417
0.983558
0.0410934
0.00354188
99
0.0173172
0.0484081
0.380925
47
0.508514
0.536259
0.00784215
0.970788
0.0122326
0.00548112
107
0.00905721
0.0540627
0.300065
17
3.39145
0.0200841
0.00706655
0.859828
0.059216
0.00170862
131
0.00229946
0.0880773
0.0702482
8
2.50399
0.690874
0.00593876
0.815177
0.1502
0.00957841
9
0.0081861
0.0313202
0.0428654
69
3.98305
0.627651
0.00131215
0.856791
0.0277944
0.00824642
138
0.0044599
0.0965939
0.487286
80
0.324097
0.481164
0.00437917
0.965493
0.0826141
0.00913835
67
0.0133425
0.0533761
0.0272837
98
0.926924
0.130939
0.00830661
0.991522
0.185644
0.00449265
38
0.0100817
0.0953147
0.229958
57
0.181129
0.347291
0.0062301
0.975149
0.0286872
0.00241918
30
0.00225402
0.0522475
0.494912
36
0.492596
0.710103
0.00300054
0.879303
0.049842
0.00773
37
0.0119184
0.055994
0.47159
6
0.481942
0.692681
0.00828424
0.979585
0.0382121
0.00119197
69
0.014055
0.0454387
0.139678
19
1.06447
0.543597
0.00267475
0.867526
0.161975
0.00213065
63
0.00184001
0.0431463
0.334506
49
3.73304
0.31488
0.00567527
0.942895
0.0735582
0.00112907
100
0.0114949
0.0642022
0.410033
9
1.92623
0.271776
0.000728043
0.909285
0.0447761
0.00306092
88
0.0129768
0.0866969
0.337477
99
2.67955
0.626782
0.00773902
0.834314
0.130224
0.00367581
80
0.00452851
0.0212209
0.129684
98
3.90484
0.444226
0.00201158
0.839583
0.0355477
0.00713619
148
0.00859571
0.0127886
0.179424
74
2.63168
0.608769
0.00903559
0.838327
0.0938891
0.00506596
11
0.00601505
0.0367526
0.310858
85
1.18785
0.552584
0.00703717
0.875562
0.186203
0.00398944
137
0.00393629
0.0155979
0.387738
10
2.9423
0.324818
0.00562973
0.81454
0.0191782
0.00657416
11
0.0147427
0.0928916
0.269656
100
3.71771
0.0679323
0.0055134
0.895713
0.176385
0.00327945
6
0.00751365
0.0790095
0.221223
41
2.77147
0.0735847
0.00792332
0.87225
0.0727032
0.00423793
111
0.00216019
0.0458712
0.211851
12
3.24936
0.0754882
0.00547778
0.952182
0.193527
0.0035133
111
0.0137705
0.0486086
0.197914
71
1.3615
0.600036
0.00808238
0.986689
0.179102
0.00432351
94
0.0157085
0.067806
0.00795622
3
3.50507
0.637539
0.00400325
0.968983
0.113916
0.00573576
143
0.0013363
0.0222097
0.0555164
28
3.89206
0.648772
0.00645858
0.994379
0.196601
0.00760891
100
0.00983957
0.0780472
0.464148
86
3.90975
0.716596
0.00884334
0.862715
0.147281
0.00921169
7
0.0185626
0.0364686
0.0240132
43
3.1564
0.771752
0.00970352
0.92236
0.0739296
0.00701883
107
0.0161938
0.083425
0.0620861
10
3.84689
0.239556
0.00654811
0.827056
0.0701715
0.00800961
79
0.0199477
0.0586516
0.357168
52
2.09576
0.147372
0.00544238
0.936569
0.0850948
0.00429965
65
0.0040496
0.0235608
0.377813
94
2.37714
0.0839375
0.000590104
0.94727
0.155025
0.00509934
115
0.00792016
0.0341496
0.262645
16
2.13327
0.679407
0.0018387
0.856396
0.185417
0.00942833
39
0.0113799
0.0358229
0.0145251
45
2.12515
0.0943473
0.00577777
0.930385
0.086442
0.00600374
113
0.0082861
0.0625618
0.343772
12
0.86575
0.00773881
0.00780453
0.947116
0.199728
0.00931722
64
0.00326667
0.0249887
0.16677
63
1.03916
0.219142
0.00143253
0.909842
0.069738
0.00594471
118
0.0184444
0.021154
0.225285
28
3.16998
0.475273
0.00434666
0.977274
0.0791419
0.00523064
148
0.0101502
0.0214795
0.429445
31
2.45941
0.769614
0.00221969
0.901039
0.0530654
0.00554466
133
0.0150218
0.0872679
0.317249
94
1.00583
0.139378
0.00371246
0.992811
0.148865
0.00907123
78
0.010542
0.0277699
0.187996
71
1.6184
0.514663
0.00277754
0.823189
0.08326
0.00376358
76
0.00560737
0.082222
0.0260717
97
2.39277
0.036473
0.00402068
0.92838
0.0598292
0.00184169
43
0.00548914
0.0122814
0.0549176
58
1.41504
0.17003
0.0030875
0.863301
0.0169727
0.00522445
93
0.00389596
0.022795
0.119005
26
0.698243
0.556735
0.000493654
0.85091
0.121358
0.00140506
133
0.0108639
0.060077
0.3957
64
1.5451
0.236939
0.00163943
0.888803
0.0109426
0.00310588
98
0.0181033
0.0887634
0.270099
26
3.56417
0.337265
0.0053629
0.85253
0.053488
0.00383519
142
0.00139756
0.0503598
0.217884
44
2.37892
0.634365
0.000549957
0.908949
0.0324546
0.00314403
43
0.0146149
0.0681409
0.289429
60
3.37041
0.00958069
0.00800989
0.842973
0.0392866
0.00501131
94
0.00294582
0.0149686
0.191514
54
0.569535
0.79542
0.00967745
0.951384
0.128365
0.0022228
125
0.0173821
0.0323411
0.0602679
89
1.69136
0.600966
0.0038342
0.99349
0.189555
0.00371218
87
0.00382984
0.0548169
0.172084
61
1.25028
0.478028
0.00193505
0.890809
0.130539
0.00117673
134
0.00143559
0.0970802
0.142902
83
2.01275
0.179246
0.00834102
0.966732
0.0364827
0.00538734
145
0.00209732
0.0354489
0.190081
29
0.907325
0.555121
0.00296937
0.988472
0.0222387
0.00608695
92
0.0145997
0.0287422
0.0989224
21
0.160641
0.23134
0.00476846
0.807842
0.117467
0.00265651
83
0.0152347
0.0664584
0.420004
35
3.38795
0.654565
0.00603379
0.88953
0.0104093
0.00873791
12
0.0120664
0.0926844
0.378123
40
0.648462
0.0571092
0.00378373
0.831247
0.0979741
0.00597138
18
0.0187009
0.0787904
0.240354
6
3.21539
0.00153272
0.00319208
0.952886
0.0621465
0.00216071
106
0.0154988
0.029567
0.461446
64
3.75059
0.133121
0.00817072
0.905954
0.11786
0.00260811
78
0.0175352
0.0738877
0.348154
41
0.343066
0.524476
0.000935464
0.910434
0.119014
0.00818347
31
0.00797907
0.019124
0.0413675
56
1.15826
0.733459
0.00975505
0.88645
0.0332854
0.00970378
147
0.00278641
0.0771214
0.044935
27
3.82908
0.00505239
0.00686943
0.977731
0.164866
0.00699199
106
0.00613016
0.0701323
0.366983
14
3.87376
0.159933
0.00723305
0.834999
0.0744368
0.00687249
44
0.00718486
0.0553244
0.076504
27
2.86584
0.183648
0.00305091
0.809639
0.182201
0.00937092
150
0.0171193
0.098077
0.241451
8
2.35247
0.664428
0.00746217
0.867864
0.0949491
0.00639086
128
0.0189503
0.098325
0.117064
25
2.3044
0.0129216
0.00910109
0.881148
0.048721
0.00753574
112
0.00626272
0.0819029
0.453613
87
3.63791
0.30101
6.92171e-05
0.818862
0.14264
0.00735001
135
0.0121274
0.0659124
0.28277
16
0.232691
0.712022
0.00176123
0.880461
0.166984
0.0065282
93
0.00461538
0.0477297
0.111223
63
3.95739
0.643058
0.00819954
0.832806
0.126814
0.00782357
5
0.015275
0.0990577
0.102964
36
0.733743
0.295426
0.00552744
0.911412
0.066095
0.00286317
12
0.0020126
0.0442804
0.392032
35
3.25617
0.640576
0.00100762
0.86416
0.18493
0.00502014
121
0.0115592
0.0882628
0.1653
80
2.47029
0.624112
0.00746779
0.990347
0.0538381
0.00262257
120
0.0171017
0.0637906
0.0286248
43
2.52928
0.277725
0.000650916
0.94149
0.0679164
0.00979176
57
0.0198844
0.0462592
0.396636
6
2.68642
0.799126
0.00325436
0.899249
0.0974168
0.00217655
123
0.00471528
0.0759631
0.309352
61
2.75048
0.572415
0.00569539
0.817922
0.163189
0.00369673
56
0.00803191
0.0377337
0.123437
7
1.05829
0.484188
0.00337648
0.885892
0.0374936
0.00961579
71
0.00921069
0.0418866
0.0979948
78
2.15087
0.42104
0.00556508
0.877381
0.0399056
0.0056361
141
0.00512876
0.057866
0.413581
21
1.38341
0.615435
0.000208612
0.882519
0.122843
0.00319221
86
0.00348964
0.0705375
0.427928
81
2.30119
0.0240947
0.00343915
0.8952
0.140992
0.00243772
123
0.00176899
0.012006
0.153702
79
0.43178
0.646199
0.00932066
0.848125
0.190516
0.00835523
88
0.00711263
0.0950176
0.373656
15
2.62247
0.106302
0.00540502
0.992243
0.0427182
0.00928639
109
0.0172939
0.0180021
0.0894786
69
1.90344
0.397763
0.00989948
0.913109
0.0912667
0.0017268
34
0.00375261
0.0588284
0.13396
99
2.27123
0.498689
0.00823748
0.80548
0.0920887
0.00748375
13
0.00882375
0.0670184
0.0965211
76
3.60098
0.476808
0.00797799
0.969616
0.097299
0.00245543
129
0.0119934
0.076611
0.104284
63
3.71013
0.18605
0.00138876
0.817577
0.12795
0.00779862
71
0.00575336
0.0923037
0.40574
27
1.85779
0.303037
0.00295341
0.83326
0.0225548
0.00996292
108
0.00256148
0.0829467
0.0944409
19
3.40338
0.228088
0.00154025
0.852852
0.061195
0.00916098
121
0.00486448
0.0713706
0.223657
95
1.95906
0.531667
0.00407277
0.90994
0.189323
0.00893633
72
0.00920585
0.094298
0.385035
2
1.67938
0.0984926
0.00614989
0.962203
0.033673
0.00497965
102
0.0183731
0.0109368
0.0376319
19
1.43806
0.417394
0.0052139
0.896744
0.023209
0.00750555
104
0.00872287
0.0891173
0.0401033
71
1.82714
0.573913
0.00928747
0.820667
0.124383
0.00135415
133
0.0197746
0.0219739
0.0806588
66
2.8218
0.0121559
0.000303185
0.996209
0.0501009
0.00848609
119
0.0155516
0.0650499
0.443589
59
0.841631
0.0615283
0.00108499
0.91861
0.0512674
0.00460354
103
0.019442
0.0746265
0.311884
72
2.88103
0.702905
0.00375022
0.839955
0.0689103
0.00196021
10
0.0114159
0.056825
0.00668035
28
3.10829
0.605391
0.00947352
0.98541
0.15955
0.00768695
53
0.0149141
0.0112079
0.441651
36
3.77962
0.113924
0.00906518
0.922938
0.0525705
0.0065847
56
0.0113085
0.0798106
0.175504
88
2.6984
0.610221
0.000271478
0.8686
0.0809942
0.00620163
83
0.0190536
0.0427679
0.256635
78
3.83971
0.796853
0.00313339
0.85118
0.177056
0.00743663
127
0.0126418
0.0392744
0.196021
13
1.46635
0.330651
0.00626005
0.822371
0.134839
0.00189619
79
0.00520535
0.0296564
0.425946
38
3.12865
0.356686
0.00908783
0.962909
0.178921
0.00550793
101
0.0037328
0.0684237
0.235025
6
2.23884
0.50731
0.0088164
0.836335
0.174293
0.00410133
140
0.015399
0.0777358
0.109839
54
1.31297
0.728851
0.00229978
0.840749
0.152476
0.00946907
22
0.0169656
0.0688433
0.382548
52
0.358058
0.349049
0.00979819
0.812179
0.101382
0.00976635
8
0.00928347
0.0335914
0.25335
13
1.44675
0.0498892
0.0012858
0.963653
0.198669
0.00273377
41
0.00204656
0.0988568
0.363867
56
2.07637
0.73244
0.00315818
0.828628
0.13898
0.00663305
145
0.0022035
0.0996184
0.426736
93
3.42015
0.192009
0.00613418
0.843968
0.10067
0.0041199
28
0.019657
0.0978847
0.0358614
29
1.49519
0.0725892
0.00724785
0.890369
0.153683
0.00807116
150
0.0126243
0.0720437
0.1841
52
3.03376
0.562469
0.000738317
0.847391
0.0423952
0.00561119
89
0.0136602
0.0394008
0.0481673
39
0.441334
0.212477
0.00226226
0.988822
0.0467475
0.00271922
12
0.00116651
0.019704
0.293054
31
1.91044
0.148046
0.00329514
0.829602
0.135108
0.00936889
90
0.0123164
0.0690272
0.18932
75
2.48835
0.735909
0.00574719
0.990239
0.0818857
0.00886941
29
0.00663538
0.0390507
0.0177769
55
0.383807
0.357474
0.00877059
0.986032
0.100349
0.00809562
28
0.00165899
0.0571984
0.000317827
16
3.57558
0.135894
0.00507066
0.998654
0.112887
0.00516158
121
0.00759835
0.0447547
0.455396
27
3.85361
0.491521
0.00736219
0.871954
0.136251
0.00362622
97
0.0169024
0.0280395
0.435301
67
0.201683
0.138252
0.00996438
0.87644
0.172505
0.00120544
70
0.00265503
0.0371898
0.394997
63
0.986751
0.0902316
0.00597342
0.875906
0.180174
0.00428745
88
0.018003
0.0395229
0.0665539
77
0.852682
0.597766
0.00622349
0.887586
0.192162
0.00934686
122
0.019266
0.0832205
0.072739
5
2.89324
0.557693
0.0089058
0.938485
0.0802561
0.00157921
16
0.0179469
0.0878499
0.400854
86
2.61718
0.611985
0.00836092
0.811154
0.0199238
0.00296057
128
0.0145069
0.0182594
0.457808
77
1.81644
0.652746
0.00701157
0.976612
0.168603
0.00981097
28
0.00654711
0.0898153
0.0796714
34
0.92957
0.102419
0.0044734
0.982535
0.0860715
0.00999139
103
0.0172273
0.0838286
0.107788
54
3.88811
0.529452
0.00215562
0.97197
0.187053
0.00952356
76
0.00935815
0.0723816
0.484727
75
3.62197
0.0382498
0.00995998
0.963305
0.0160495
0.00855122
35
0.0101923
0.0257369
0.283755
20
1.26936
0.791117
0.00711284
0.873319
0.0185065
0.0040113
41
0.0117683
0.038723
0.458324
76
2.19826
0.0823423
0.0056158
0.915225
0.0233856
0.00396257
53
0.0128959
0.0939006
0.0361665
39
1.55455
0.442612
3.08517e-05
0.841574
0.167773
0.00510404
55
0.00491063
0.0281952
0.261546
37
2.4158
0.414521
0.00250145
0.802367
0.142408
0.00993307
59
0.00885406
0.080474
0.170886
85
1.52241
0.275382
0.00425788
0.994099
0.111045
0.00274738
93
0.00191072
0.0169298
0.450665
30
2.07984
0.365702
0.00469772
0.824622
0.0563484
0.009872
147
0.0178993
0.0159995
0.418758
45
1.33503
0.617319
0.00278965
0.819939
0.163006
0.00791262
30
0.0070718
0.0204298
0.127805
38
3.61693
0.0796348
0.00969099
0.864488
0.0595028
0.00231398
117
0.00620273
0.029889
0.132855
26
0.152257
0.025928
0.00950709
0.959984
0.0318758
0.0091864
130
0.0012407
0.0841641
0.143693
15
0.240617
0.399157
0.0079961
0.819496
0.143673
0.00468917
44
0.0177586
0.0956494
0.361209
3
1.57602
0.428071
0.00961656
0.814748
0.0180459
0.00919961
137
0.00169085
0.0384377
0.32586
30
3.18726
0.704257
0.00101292
0.969546
0.173207
0.00592596
29
0.0100378
0.0728078
0.312943
53
1.78276
0.670763
0.00742182
0.851887
0.193033
0.00152456
17
0.010311
0.0153078
0.0191287
45
1.62457
0.267631
0.00182398
0.927067
0.0100141
0.00816782
16
0.0196144
0.0813349
0.326681
93
3.99542
0.288439
0.00322778
0.856023
0.0885777
0.00627002
40
0.00699756
0.0672394
0.114385
100
2.66252
0.511168
0.00238225
0.931247
0.046257
0.00466287
95
0.0139139
0.0739381
0.234506
55
2.9257
0.215853
0.00360866
0.918546
0.122192
0.00206633
112
0.00175434
0.017535
0.497012
32
1.99637
0.494657
0.00280993
0.914199
0.109289
0.00487969
130
0.0142709
0.0936278
0.46759
41
0.886803
0.344959
0.00753102
0.816474
0.104262
0.00293216
45
0.0111189
0.0321439
0.474179
51
0.810608
0.265313
0.00389123
0.871428
0.0488687
0.0052584
32
0.00987824
0.0312045
0.16874
84
1.11842
0.698128
0.00512402
0.807147
0.115235
0.00331259
33
0.0131358
0.0917467
0.4096
94
1.03144
0.24598
0.0016856
0.959244
0.194234
0.00814817
66
0.0141757
0.0206163
0.346654
68
1.0825
0.0346524
0.00170847
0.894807
0.025831
0.00496933
104
0.00222855
0.094629
0.434256
99
3.04034
0.775602
0.00490136
0.98039
0.038101
0.00852719
108
0.0103071
0.0471989
0.100366
46
0.754766
0.171447
0.0049148
0.911775
0.0995018
0.00251254
138
0.0150527
0.0155776
0.158138
73
1.51352
0.746775
0.00659414
0.932228
0.198004
0.00868008
50
0.0191159
0.0653308
0.2456
17
2.66714
0.608218
0.00772007
0.945433
0.0732298
0.00837492
147
0.00105608
0.0363662
0.354487
58
1.08056
0.25449
0.00599502
