0.932293
0.169472
0.0894398
21
0.00332958
0.0725721
0.0188332
0.11184
7
0.920281
0.174824
0.337943
49
0.00977869
0.0892858
0.0170146
0.201804
29
0.944979
0.0661012
0.0632249
98
0.000481565
0.0732721
0.0416304
0.0287476
41
0.969578
0.0740487
0.456088
20
0.00965382
0.0313956
0.011318
0.394238
32
0.944251
0.193802
0.4202
54
0.00684336
0.0150135
0.0323123
0.499628
38
0.985755
0.0824504
0.303809
41
0.00321404
0.08531
0.0470197
0.262616
28
0.998682
0.0594374
0.217612
87
0.00718915
0.0857199
0.0146435
0.45663
53
0.998266
0.0486332
0.451906
62
0.00819399
0.023836
0.0421122
0.401092
27
0.911882
0.104078
0.0191668
16
0.00228386
0.0610894
0.030724
0.154196
14
0.9292
0.0861931
0.298071
39
0.00666226
0.0261493
0.0427433
0.0114842
31
0.99212
0.144036
0.414976
31
0.00152894
0.0168181
0.0355672
0.230837
55
0.906188
0.191123
0.282448
72
0.00532015
0.0926159
0.0238376
0.491433
19
0.950987
0.109381
0.228201
22
0.000737049
0.0380352
0.0404278
0.339401
12
0.981334
0.0756739
0.0945715
96
0.00933171
0.0123105
0.0391405
0.446407
78
0.974113
0.17856
0.19375
42
0.00985358
0.0721039
0.0385113
0.0202918
83
0.98465
0.159413
0.177971
28
0.00798991
0.0691293
0.0247978
0.0959831
24
0.901418
0.186754
0.357598
82
0.00115881
0.0213809
0.0201808
0.0434007
17
0.965969
0.0712712
0.124
70
0.00971238
0.0444673
0.0494187
0.453318
21
0.980473
0.182845
0.350102
5
0.00387803
0.0544791
0.0120549
0.0906715
68
0.924969
0.029555
0.290411
4
0.00572812
0.0928201
0.0498003
0.414882
73
0.930164
0.147464
0.0108441
77
0.0086324
0.0558621
0.047534
0.061705
99
0.949782
0.195224
0.0517365
99
0.00680273
0.0838645
0.0334711
0.216425
86
0.95046
0.151512
0.382725
56
0.00585284
0.00153784
0.033424
0.135443
62
0.986605
0.076344
0.127203
94
0.00404705
0.0798865
0.0264798
0.197707
46
0.945542
0.0846224
0.25671
84
0.00361653
0.0155611
0.0294873
0.18839
39
0.982697
0.0404466
0.379302
78
0.00130328
0.00529523
0.0483634
0.0860466
37
0.983962
0.136609
0.155857
88
0.00940618
0.0436538
0.0428997
0.467559
95
0.991573
0.155957
0.44961
79
0.00901572
0.0325134
0.0182157
0.448188
27
0.995289
0.0910979
0.208024
19
0.00068322
0.022107
0.0424087
0.269605
85
0.975451
0.184124
0.226651
35
0.00842489
0.0348192
0.0349617
0.0138687
11
0.953065
0.164122
0.390399
57
0.00783775
0.0628818
0.0270397
0.403846
95
0.942506
0.022707
0.287718
10
0.00500556
0.0802097
0.0496663
0.364327
90
0.906739
0.165424
0.493843
74
0.00830164
0.0284216
0.0408731
0.017208
48
0.988683
0.00932515
0.439463
1
0.00809734
0.0420913
0.0208118
0.422651
49
0.997118
0.128048
0.259697
33
0.00485824
0.0268855
0.0151748
0.283494
18
0.948912
0.161697
0.436476
38
0.00156644
0.0397054
0.0173329
0.264947
76
0.978657
0.122589
0.28608
87
0.00280176
0.019297
0.0184291
0.237576
69
0.996721
0.170839
0.0158518
15
0.00253342
0.00870963
0.0222456
0.254634
76
0.914317
0.00563482
0.398691
84
0.00456858
0.0554176
0.0212947
0.196241
94
0.91016
0.197713
0.137892
95
0.00425888
0.0773222
0.0343695
0.345278
26
0.921071
0.0828695
0.268621
52
0.00763702
0.0206409
0.0466601
0.17901
21
0.916179
0.026614
0.335622
8
0.00527551
0.0636886
0.0397154
0.355044
58
0.930456
0.0150489
0.00539136
73
0.00112164
0.0106232
0.0431038
0.340715
20
0.977825
0.020818
0.418362
6
0.00506547
0.0593917
0.0395183
0.417058
98
0.933308
0.196391
0.075927
100
0.00237022
0.0667277
0.0318223
0.317325
42
0.916703
0.173951
0.457913
26
0.00214157
0.0515496
0.0204095
0.311036
73
0.967288
0.0454516
0.175896
77
0.00366579
0.0367773
0.0479672
0.0497708
39
0.962652
0.0223315
0.274788
86
0.00297646
0.0752711
0.0370095
0.280177
22
0.957656
0.0175933
0.171178
76
0.00769261
0.00576167
0.0201288
0.159517
79
0.953851
0.118123
0.409125
28
0.00241499
0.0709023
0.0418404
0.48287
11
0.972958
0.0560303
0.1504
11
0.00854056
0.0334594
0.0373556
0.220655
4
0.972402
0.0494434
0.474102
59
0.00670366
0.00973531
0.0329768
0.307567
33
0.982112
0.116739
0.491928
3
0.00359432
0.0297938
0.0298237
0.118027
74
0.936534
0.0372885
0.371655
83
0.00542505
0.0506747
0.0249803
0.273686
66
0.96389
0.0780038
0.0491043
55
0.00143461
0.0945582
0.0412713
0.101677
31
0.926537
0.158173
0.308849
5
0.00520767
0.0246876
0.040378
0.137764
92
0.922359
0.0471237
0.0396556
67
0.000554499
0.0416063
0.0198034
0.115206
82
0.932438
0.0585608
0.0808559
47
0.00826397
0.0521698
0.0362836
0.385671
30
0.938807
0.125878
0.15768
71
0.00464134
0.0391568
0.0244651
0.321005
24
0.91582
0.00755718
0.0834752
53
0.00751048
0.0451068
0.0436668
0.00107257
71
0.922963
0.148206
0.0541043
59
0.00382271
0.0647691
0.0243547
0.190591
41
0.911368
0.101978
0.49953
33
0.00914112
0.084208
0.022367
0.125498
18
0.910861
0.10846
0.0998421
34
0.000173044
0.090152
0.0257543
0.325841
65
0.921747
0.0723979
0.200474
31
0.00603046
0.034011
0.0125497
0.212629
63
0.960032
0.00329608
0.0675619
24
0.000161019
0.0995788
0.0260984
0.493569
57
0.92718
0.172663
0.342909
60
0.00610389
0.0936169
0.044018
0.00682949
6
0.955652
0.100975
0.319667
14
0.00870083
0.0829209
0.0485161
0.333139
47
0.94311
0.0608063
0.302864
13
0.00802621
0.036032
0.0118263
0.302941
90
0.946583
0.153034
0.105589
61
0.00631096
0.0887377
0.0458822
0.160313
59
0.919181
0.0986906
0.247245
35
0.0048351
0.0310183
0.0280498
0.00627841
97
0.991042
0.0894929
0.315942
23
0.0010178
0.0020607
0.0382459
0.46389
31
0.960187
0.00136601
0.394698
80
0.00471081
0.00338907
0.0267167
0.126848
57
0.989488
0.0869878
0.401761
49
0.000790495
0.0784338
0.0149879
0.286741
67
0.992824
0.168313
0.465807
91
0.00310071
0.0111818
0.0158119
0.185569
43
0.913047
0.0270432
0.0210975
45
0.00651484
0.0662268
0.0364623
0.0522648
44
0.948676
0.0692231
0.321715
51
0.000607939
0.00745052
0.0273131
0.145265
77
0.934875
0.0551775
0.117553
89
0.00647692
0.00446934
0.0143197
0.474089
9
0.909591
0.045076
0.363082
18
0.00706293
0.071284
0.0128517
0.0380013
64
0.967526
0.033736
0.410571
2
0.00957808
0.0875315
0.0133186
0.249508
89
0.954481
0.0648466
0.0905006
29
0.00125288
0.0697343
0.032577
0.208096
35
0.990355
0.139996
0.0458669
52
0.00891019
0.0981528
0.0285465
0.479719
54
0.996341
0.0311748
0.38433
57
0.00860979
0.067683
0.0319263
0.315186
15
0.913356
0.143307
0.433092
53
0.00746365
0.0775948
0.0211659
0.425887
36
0.924185
0.0944743
0.0294029
25
0.00895335
0.0431992
0.0122062
0.147832
82
0.940119
0.131017
0.134979
92
0.00992613
0.0794485
0.0159616
0.388563
52
0.959001
0.149703
0.263678
46
0.000934698
0.0743613
0.0228891
0.103722
69
0.917549
0.146576
0.0769337
78
0.00577873
0.00246669
0.0101885
0.441517
10
0.941267
0.192434
0.375261
12
0.00265893
0.0823319
0.0337743
0.459898
34
0.971725
0.0320578
0.108466
68
0.00420041
0.0471561
0.0177073
0.0978795
48
0.903807
0.18186
0.168797
37
0.00512656
0.0401243
0.041036
0.174899
51
0.952393
0.029223
0.188027
48
0.00216736
0.0870177
0.0463486
0.411992
44
0.933768
0.111495
0.241278
82
0.00790145
0.0121965
0.0165644
0.073793
41
0.964653
0.103403
0.0310753
62
0.00569413
0.0742223
0.0141032
0.368049
75
0.939336
0.035946
0.251539
16
0.00442462
0.0810991
0.0194592
0.257037
38
0.969105
0.126857
0.235069
12
0.00917671
0.0585663
0.0288593
0.432116
86
0.977069
0.0161956
0.181358
20
0.00203591
0.0249969
0.0308959
0.370199
2
0.947642
0.0519477
0.262481
7
0.00775776
0.0488377
0.0137326
0.236603
60
0.978521
0.106837
0.38867
11
0.00839895
0.0171756
0.0378301
0.329465
88
0.979406
0.113065
0.483468
89
0.00734688
0.00789234
0.0109401
0.429566
79
0.90024
0.0110149
0.21421
22
0.00190838
0.0293151
0.0234597
0.294086
8
0.905066
0.0930271
0.404187
66
0.0054776
0.0330887
0.0351425
0.435692
87
0.902868
0.0387895
0.0703245
9
0.00698059
0.0618622
0.0130185
0.225473
96
0.951563
0.078785
0.100505
27
0.0041753
0.0532784
0.0115035
0.391444
93
0.942066
0.123331
0.00971265
56
0.00103608
0.0970647
0.0225516
0.122382
100
0.97331
0.0428222
0.212193
69
0.00561938
0.0524881
0.0300776
0.165901
36
0.966635
0.0240557
0.333192
98
0.00375735
0.00684858
0.0357143
0.408539
17
0.936984
0.180817
0.277784
91
0.00881145
0.0379084
0.0376337
0.253099
66
0.99325
0.0529814
0.470673
85
0.00594215
0.0501542
0.0455693
0.0874501
72
0.983529
0.119547
0.199182
39
0.0062443
0.0279818
0.0179521
0.0431555
1
0.903986
0.160791
0.293397
37
0.0031401
0.0137176
0.0106175
0.299648
81
0.994997
0.176821
0.446018
97
0.00030286
0.0912081
0.0138843
0.277838
88
0.964926
0.113779
0.165659
26
0.00496386
0.0577905
0.0104558
0.183141
54
0.943581
0.0699908
0.190714
43
0.00611208
0.0758399
0.0327914
0.291901
75
0.985911
0.137523
0.310828
93
0.00175819
0.0565111
0.0257308
0.131129
59
0.99415
0.0631023
0.223
58
0.0069079
0.0458707
0.0451819
0.333344
61
0.923295
0.157244
0.0264138
9
0.00335338
0.0896608
0.0433525
0.172072
80
0.970339
0.0890794
0.230127
68
0.00171503
0.0228476
0.0219652
0.0332777
80
0.961699
0.114877
0.364099
73
0.00621176
0.0686081
0.0290266
0.350223
84
0.925721
0.198731
0.204173
24
0.00474723
0.0818958
0.0443273
0.168551
29
0.976304
0.0194426
0.0426602
43
0.00272064
0.00398603
0.0162275
0.0342494
62
0.908619
0.120857
0.160371
64
0.00197434
0.0195891
0.0230882
0.271167
51
0.95655
0.12506
0.239771
17
0.0073933
0.096138
0.0305329
0.219969
5
0.957154
0.167881
0.343514
15
0.00256072
0.0175231
0.0446171
0.471135
92
0.926091
0.0620455
0.186666
93
0.00760764
0.0409777
0.0347874
0.359768
56
0.947097
0.163336
0.144213
67
0.000242291
0.0465186
0.0154818
0.399316
16
0.962914
0.0962046
0.462807
74
0.00950136
0.0146105
0.0217304
0.055019
23
0.961328
0.000973372
0.0645402
32
0.0093616
0.0484204
0.0186746
0.0723315
3
0.907683
0.00403378
0.246382
96
0.00289063
0.0959481
0.0315455
0.245733
50
0.938098
0.179013
0.00111949
81
0.00340409
0.0185595
0.0477381
0.0580788
98
0.905866
0.0101573
0.0600611
32
0.00409793
0.0867347
0.048795
0.378402
46
0.968078
0.185895
0.27121
44
0.00999014
0.0542692
0.0191025
0.08067
14
0.931481
0.0377778
0.116333
64
0.00657751
0.0129638
0.0389699
0.2288
85
0.940607
0.105491
0.110118
18
0.00552834
0.0223616
0.0367213
0.439576
64
0.958348
0.132479
0.477217
65
0.00437916
0.064256
0.0253463
0.107491
34
0.927834
0.188922
0.468649
62
0.000863983
0.0919648
0.0452266
0.485458
3
0.970725
0.129625
0.122519
50
0.00282143
0.0607306
0.0293124
0.152235
56
0.935729
0.190101
0.147
71
0.00301323
0.0655555
0.0275526
0.241934
6
0.974639
0.134825
0.488189
75
0.00639892
0.0575349
0.0473185
0.0254882
22
0.901246
0.0414178
0.141388
48
0.00141204
0.0674916
0.0311553
0.0684257
49
0.902552
0.0947965
0.483282
46
0.00398173
0.0254913
0.0283481
0.204585
25
0.935461
0.0804668
0.441
3
0.00224095
0.0473362
0.0276989
0.488723
13
0.918112
0.0129218
0.42721
66
0.00347619
0.0992585
0.0360415
0.360593
45
0.980764
0.0670496
0.325551
41
0.00183024
0.00941201
0.0491032
0.142464
65
0.988097
0.142498
0.426652
30
0.00446188
0.0601959
0.034245
0.463086
9
0.908278
0.140633
0.367894
94
0.00167559
0.0355929
0.0448804
0.375494
71
0.914693
0.0985047
0.329595
7
0.00712137
0.0305569
0.0386297
0.30589
13
0.95494
0.134652
0.355
80
0.000406043
0.0949014
0.0398961
0.0777356
70
0.918851
0.153435
0.347605
40
0.00728659
0.0976903
0.016759
0.348467
91
0.987703
0.0138964
0.0341181
36
0.00886713
0.0764233
0.0241001
0.38137
96
0.928875
0.0543652
0.131826
89
0.00924088
0.0492513
0.0461234
0.0657001
4
