0.987538
0.144499
0.115695
67
0.00206823
0.0491869
0.0114312
0.169835
55
0.91472
0.0729388
0.419999
20
0.00184312
0.0175265
0.0476548
0.162104
96
0.937198
0.11309
0.426986
40
0.00218584
0.0364675
0.0154214
0.296453
78
0.971268
0.084968
0.0544135
28
0.00419758
0.053798
0.0303948
0.493819
29
0.956563
0.133946
0.293682
71
0.00752621
0.0862602
0.0194208
0.0587503
85
0.962991
0.0548117
0.472879
64
0.00348668
0.0776175
0.0363226
0.128039
88
0.989622
0.0514587
0.229597
90
0.00821453
0.0653702
0.0343017
0.0319777
95
0.943331
0.0732966
0.259865
7
0.000446712
0.0504055
0.0119698
0.487715
74
0.967213
0.144272
0.254275
82
0.00832049
0.0247779
0.0269734
0.190392
60
0.927377
0.0618914
0.245697
31
0.00699636
0.00745067
0.029899
0.325762
64
0.939799
0.195386
0.410609
43
0.00249955
0.00883243
0.0312569
0.499885
81
0.9107
0.0507861
0.111311
67
0.00220821
0.0129269
0.0173509
0.00391843
54
0.968873
0.0281621
0.0964631
8
0.0099019
0.00794691
0.0432698
0.117674
5
0.926603
0.0687778
0.112528
47
0.00176984
0.062796
0.0274041
0.168666
97
0.916105
0.0900052
0.118277
5
0.00140889
0.036665
0.0400973
0.464234
34
0.947268
0.0595558
0.0635489
49
0.000508943
0.0651248
0.0299494
0.364806
8
0.991592
0.186083
0.0127634
78
0.0071389
0.0394304
0.0386143
0.480615
88
0.965226
0.0239342
0.256282
35
0.00638983
0.0281707
0.0406757
0.129259
36
0.955752
0.0998162
0.345893
7
0.00620517
0.0407661
0.0144773
0.228405
7
0.913377
0.0726212
0.0188538
98
0.00160614
0.0167936
0.0335521
0.00903474
74
0.908886
0.00792031
0.383559
37
0.00617465
0.0955369
0.0305212
0.041918
35
0.928826
0.0492788
0.0959555
12
0.00929834
0.011432
0.0179549
0.472648
57
0.958085
0.0157528
0.193244
4
0.00655957
0.0959544
0.0293638
0.308472
25
0.964363
0.169178
0.0929063
80
0.00130057
0.0109985
0.0383602
0.421832
79
0.957669
0.0506662
0.0179952
76
0.000672109
0.00410633
0.0129792
0.386049
43
0.998806
0.0614358
0.144356
11
0.00179172
0.0881744
0.024489
0.471707
16
0.950539
0.154106
0.108103
63
0.00059626
0.0244904
0.0106605
0.434533
28
0.921408
0.0579838
0.249925
22
0.00540294
0.0201373
0.0488812
0.229488
75
0.975464
0.161998
0.158084
9
0.00521408
0.0769703
0.0185425
0.382235
70
0.935858
0.145431
0.428258
34
0.00873082
0.0599514
0.0367398
0.237476
93
0.924022
0.170063
0.3568
67
0.00788905
0.0484647
0.0476931
0.176757
89
0.964966
0.110243
0.269768
71
0.00710881
0.0294409
0.0200232
0.0734357
27
0.950025
0.0263353
0.353671
52
0.00107759
0.0756318
0.0346382
0.38905
89
0.958815
0.0886651
0.288007
12
0.00980842
0.0817409
0.01525
0.455366
69
0.939176
0.188222
0.319279
96
0.00167824
0.0786472
0.0390838
0.0707477
54
0.91048
0.150892
0.1617
25
0.00803711
0.0626189
0.0431935
0.44112
75
0.925448
0.137912
0.263693
70
0.00373646
0.0604008
0.0397838
0.107395
58
0.930618
0.048791
0.0672087
87
0.00921003
0.046711
0.0244007
0.0962455
49
0.950193
0.0324104
0.400738
30
0.00824552
0.0165571
0.0446368
0.429246
51
0.987456
0.0860829
0.495029
54
0.000318498
0.00763717
0.0183145
0.280861
21
0.95516
0.103683
0.291162
23
0.000257621
0.0512982
0.0425306
0.395697
6
0.986075
0.0296326
0.316217
68
0.00122059
0.022566
0.0121518
0.0388118
34
0.995606
0.129924
0.132849
23
0.0040355
0.0909313
0.0120585
0.276961
69
0.927234
0.125219
0.372138
27
0.00633381
0.0560235
0.0362043
0.494341
18
0.918248
0.0891312
0.0105034
19
0.00260146
0.0785522
0.0424032
0.120841
32
0.918128
0.0269413
0.232641
25
0.00503424
0.0318616
0.0102354
0.244443
97
0.96903
0.175136
0.418705
70
0.00645908
0.0236049
0.0175558
0.368236
23
0.912062
0.0769054
0.487582
89
0.0089598
0.0220082
0.0319196
0.104985
21
0.976493
0.0435634
0.457557
54
0.00168997
0.0544645
0.0430682
0.351141
37
0.928671
0.08162
0.274109
73
0.00293324
0.0581116
0.0204879
0.114256
25
0.905407
0.137551
0.342677
87
0.00110147
0.0337668
0.0166365
0.39321
86
0.981148
0.0120763
0.349573
85
0.00705149
0.0505014
0.0248521
0.372069
66
0.952217
0.119616
0.0192123
6
0.00232757
0.0641602
0.0267005
0.0919902
74
0.972282
0.143551
0.0571624
38
0.00680832
0.0304508
0.0333367
0.215972
9
0.949068
0.0303341
0.416014
66
0.00776924
0.00958344
0.0498604
0.300299
47
0.91371
0.157875
0.0141949
57
0.0024574
0.0315505
0.0277797
0.433255
21
0.972602
0.191025
0.172845
43
0.0079566
0.0199922
0.0450585
0.00842105
26
0.991865
0.164787
0.49239
31
0.00887509
0.0733678
0.0283912
0.240165
68
0.929403
0.0256282
0.329464
72
0.00696006
0.0448865
0.0269412
0.180337
86
0.950854
0.155606
0.296822
45
0.000205526
0.00189223
0.0157065
0.083299
85
0.932784
0.113967
0.425432
57
0.00768682
0.0359247
0.0160986
0.436321
62
0.946762
0.173033
0.196927
42
0.00500258
0.0840239
0.0249131
0.319625
76
0.919314
0.00872474
0.0829256
19
0.00948776
0.0203954
0.0229897
0.125395
18
0.974219
0.126532
0.289422
99
0.00805221
0.0136356
0.037029
0.333966
52
0.996164
0.0695335
0.435928
46
0.00485991
0.0667996
0.0275661
0.279291
47
0.906413
0.0619908
0.351817
16
0.00171971
0.0873022
0.0477977
0.00104658
61
0.977497
0.0813259
0.408527
29
0.00622659
0.0652666
0.0307757
0.039169
29
0.901867
0.184984
0.215482
19
0.00761088
0.0116258
0.0182214
0.347447
94
0.9722
0.0940066
0.38058
2
0.00958828
0.0376069
0.0239659
0.219269
100
0.932118
0.0969215
0.315728
49
0.00462662
0.073052
0.0257747
0.216051
9
0.917038
0.0786851
0.213253
62
0.0012404
0.0989939
0.0232321
0.144768
20
0.931473
0.0195842
0.186459
18
0.000382472
0.00211158
0.0171222
0.124218
21
0.92072
0.108915
0.146531
1
0.00495064
0.0855716
0.0387359
0.152596
7
0.91449
0.183891
0.299549
75
0.00331058
0.0905692
0.0337898
0.0152182
76
0.94915
0.105879
0.0393607
5
0.0028456
0.00384873
0.0386676
0.122959
30
0.929994
0.175679
0.490477
29
0.00651383
0.065911
0.0138021
0.226773
14
0.923672
0.19189
0.475353
89
0.000421422
0.0269544
0.0355587
0.127464
73
0.921745
0.0829978
0.00170328
91
0.00796673
0.0497016
0.0423222
0.425277
42
0.932874
0.0609889
0.478033
20
0.00554535
0.0771521
0.0488229
0.281761
39
0.986546
0.0457516
0.436021
46
0.00775612
0.0685284
0.0292239
0.412463
98
0.939631
0.141466
0.210101
66
0.009714
0.0942166
0.0485071
0.00705142
56
0.9443
0.170435
0.332479
16
0.00559158
0.0984367
0.0178166
0.184626
27
0.970045
0.0274641
0.0596537
33
0.000993589
0.022906
0.0393626
0.294131
67
0.979169
0.0666996
0.485966
48
0.00258612
0.0606512
0.0268765
0.036748
32
0.919956
0.118196
0.33781
7
0.00265676
0.00565378
0.0357328
0.337347
31
0.915064
0.0188714
0.219322
84
0.00300924
0.0645153
0.0140717
0.109546
10
0.981904
0.193312
0.13069
90
0.00381193
0.0793278
0.0395029
0.461979
41
0.97764
0.110592
0.446473
62
0.0089889
0.0417709
0.0313577
0.0142859
45
0.905131
0.057332
0.214231
16
0.00201212
0.0400487
0.0192819
0.282551
71
0.99877
0.194908
0.385419
64
0.00916564
0.00448262
0.0181188
0.165403
6
0.91557
0.0698606
0.257563
93
0.000743996
0.0292808
0.0323933
0.0804691
10
0.937588
0.0329693
0.072957
61
0.000811727
0.061894
0.0208281
0.225644
3
0.913043
0.0334678
0.10449
91
0.00452515
0.0944647
0.0276206
0.408867
87
0.90207
0.114152
0.278285
98
0.00253008
0.0362952
0.0399817
0.139366
36
0.995122
0.00382809
0.359798
60
0.0015108
0.0625311
0.041379
0.478594
71
0.947667
0.00942588
0.452311
41
0.00779618
0.0637761
0.0168796
0.204747
38
0.974935
0.147639
0.141968
100
0.00288368
0.00266768
0.0379503
0.232057
81
0.975279
0.124171
0.275287
74
0.00276141
0.014401
0.0235594
0.274931
85
0.961296
0.196696
0.188189
46
0.00139128
0.0791261
0.0420582
0.46647
33
0.907635
0.0497619
0.434806
91
0.00256599
0.0469193
0.0459993
0.375829
81
0.992745
0.0147363
0.106108
27
0.00573003
0.0852623
0.0142967
0.413296
57
0.964652
0.0839743
0.324113
90
0.00458415
0.0783366
0.0491786
0.136877
38
0.966664
0.00750519
0.02543
94
0.000294059
0.0261899
0.0474045
0.42672
86
0.917637
0.103891
0.178969
32
0.00893799
0.0719042
0.0230465
0.489812
50
0.906227
0.0371464
0.139871
1
0.00627559
0.0695535
0.0341442
0.410061
94
0.920861
0.0992375
0.142104
33
0.000225459
0.0463646
0.0368507
0.0257568
99
0.93467
0.081884
0.171169
46
0.00572201
0.00463699
0.0177257
0.235805
62
0.973416
0.0635096
0.119871
5
0.00365383
0.0800966
0.0108989
0.458506
15
0.903803
0.0394727
0.462865
26
0.00634099
0.0777605
0.0298155
0.402781
45
0.951632
0.109483
0.15486
49
0.0093603
0.0974077
0.015085
0.102713
84
0.962107
0.0198046
0.453244
85
0.00934405
0.0512476
0.0331066
0.377801
68
0.903986
0.0934042
0.194105
72
0.0061149
0.0724975
0.0286517
0.390802
82
0.978146
0.0825265
0.390484
42
0.0052982
0.00538933
0.038291
0.135794
93
0.935407
0.121642
0.265188
99
0.00477052
0.0567074
0.023418
0.188217
11
0.932008
0.124513
0.183139
24
0.00691699
0.019419
0.0381632
0.100662
95
0.981354
0.160899
0.240846
13
0.00615859
0.0347702
0.0251764
0.0515325
16
0.942336
0.172835
0.39161
84
0.00591992
0.0243132
0.0444603
0.213619
38
0.992662
0.1196
0.22751
91
0.00880696
0.0935129
0.0285486
0.379094
41
0.961687
0.0782528
0.0224228
98
0.00524475
0.0569984
0.0113205
0.340212
55
0.942763
0.192766
0.127769
85
0.0023092
0.0446604
0.0466064
0.0402666
87
0.992131
0.115267
0.124387
58
0.00135056
0.0272999
0.0296148
0.450978
22
0.975941
0.0134565
0.350308
92
0.00624613
0.0670012
0.0224033
0.330839
17
0.961137
0.138649
0.182216
50
0.00432188
0.0847957
0.0499973
0.142323
27
0.946999
0.0885581
0.138423
25
0.000617965
0.0975732
0.0392945
0.366983
39
0.912713
0.181426
0.0917879
18
0.00682993
0.0829004
0.0433724
0.374284
83
0.957874
0.171298
0.430159
88
0.000274435
0.0501229
0.0419576
0.0624725
76
0.912535
0.042909
0.471634
70
0.00843144
0.0643356
0.0295666
0.468219
56
0.973679
0.133374
0.191759
22
0.00764747
0.0876902
0.0172722
0.00514246
65
0.936323
0.101686
0.223083
64
0.00901846
0.0600527
0.0136194
0.292426
62
0.91592
0.096814
0.18474
21
0.00436754
0.0452389
0.0197385
0.437373
23
0.929079
0.142335
0.133658
81
0.0081205
0.0384972
0.0287326
0.387516
48
0.931116
0.0914409
0.231096
10
0.00508049
0.0206479
0.0320675
0.214157
95
0.922836
0.137493
0.393841
24
0.00671687
0.0987258
0.0218917
0.470743
83
0.910659
0.130024
0.17513
6
0.00537084
0.0438141
0.0264868
0.0612251
36
0.914224
0.149354
0.302069
81
0.00414523
0.0939828
0.0366269
0.207504
49
0.919638
0.163038
0.00257783
53
0.00156395
0.0708326
0.0366658
0.388335
78
0.972732
0.182272
0.212806
86
0.00377086
0.0250656
0.0437473
0.0829516
19
0.944618
0.185487
0.364708
31
0.00743807
0.0393804
0.025609
0.329654
87
0.998554
0.055334
0.438088
86
0.00468765
0.0526196
0.0389325
0.350072
50
0.978362
0.00259886
0.18013
16
0.00143142
0.0160616
0.0192327
0.206041
57
0.926944
0.10196
0.407179
56
0.00685604
0.0373181
0.0426453
0.263125
72
0.904748
0.0064
0.396759
72
0.00412139
0.0205232
0.0190423
0.239044
92
0.933521
0.178995
0.260106
2
0.00404705
0.0926915
0.0343838
0.0988019
18
0.953723
0.136813
0.307225
73
0.00961126
0.0341499
0.0319776
0.286311
11
0.97677
0.139906
0.181603
71
0.000900286
0.0186908
0.017434
0.310777
34
0.916853
0.0389497
0.327893
19
0.00830835
0.0344056
0.0236943
0.13031
37
0.937886
0.0520063
0.424985
22
0.00609619
0.0126365
0.0375449
0.171474
72
0.994454
0.00989769
0.437602
57
0.00968146
0.0184244
0.0226633
0.401848
12
0.937373
0.176719
0.125744
56
0.00722452
0.0170516
0.02018
0.277415
52
0.92525
0.130498
0.494895
32
0.00870622
0.0751606
0.0272212
0.378276
100
0.942851
0.0447258
0.445194
44
0.00255099
0.0590356
0.047863
0.306866
7
0.93166
0.0995612
0.064137
86
0.00543176
0.00993142
0.0417347
0.234435
76
0.952682
0.186879
0.35741
94
0.0052684
0.0451082
0.0112328
0.223546
69
0.977049
0.0313054
0.109441
3
0.00199187
0.0457206
0.0126507
0.327132
24
0.953179
0.135885
0.449161
40
0.0058845
0.0132998
0.0214716
0.460285
89
0.950333
0.0377561
0.379454
85
0.000844827
0.0981557
0.0240628
0.45621
54
0.925629
0.165623
0.14791
30
0.00217509
0.0049574
0.0404325
0.137262
84
0.920404
0.180408
0.120768
81
0.00447935
0.015862
0.0408651
0.431523
49
0.908444
0.0299624
0.4404
75
0.0070775
0.0865391
0.0354499
0.0594948
90
0.930775
0.0752377
0.129462
21
0.00064507
0.0998612
0.0191551
0.482321
28
0.902821
0.085614
0.076838
15
0.00119183
0.0833063
0.0428032
0.0718671
25
0.91004
0.192247
0.443476
58
0.00326216
0.097774
0.0432934
0.355869
16
0.955594
0.111369
0.0940448
63
0.00763932
0.0172588
0.0122192
0.221354
46
0.995322
0.00322403
0.378025
61
0.000767057
0.0823349
0.0440496
0.349187
30
0.92505
0.128346
0.483012
36
0.00784834
0.0461593
0.0487725
0.191261
50
0.960282
0.199583
0.151344
20
0.00215859
0.0461082
0.0186167
0.290333
29
0.905243
0.054021
0.312998
11
0.00369603
0.0555499
0.0223317
0.248329
14
0.914877
0.11278
0.221038
90
0.00875955
0.082447
0.0429775
0.339494
29
0.90983
0.185735
0.166599
49
0.00658196
0.00618368
0.0410795
0.467555
25
0.917833
0.0382074
0.0902301
72
0.00309102
0.0780337
0.0484599
0.445078
33
0.997161
0.184783
0.261406
28
0.0034354
0.0993104
0.0467594
0.108488
10
0.930184
0.0963529
0.00661612
74
0.00374842
0.00583574
0.0344585
0.251261
95
0.984341
0.126332
0.493334
14
0.00660737
0.0592275
0.0241139
0.1343
3
0.911489
0.0632209
0.371957
48
0.00767197
0.0926501
0.0325446
0.115027
95
0.909688
0.169566
0.382241
49
0.00033793
0.0697198
0.0441828
0.384051
64
0.964241
0.0722116
0.202741
23
0.00980148
0.0687602
0.0221891
0.362407
12
0.911711
0.0413301
0.0372132
79
0.00613753
0.0969484
0.0126087
0.270269
37
0.984806
0.0800141
0.314254
52
0.00224382
0.0837629
0.0329126
0.0923926
39
0.960396
0.0396322
0.469213
46
0.00947675
0.0345854
0.0310043
0.0976435
84
0.958511
0.191264
0.160639
39
0.00998545
0.00508916
0.0443553
0.111957
8
0.961806
0.144879
0.311068
7
0.00519859
0.0611727
0.0122433
0.298719
39
0.927793
0.0705921
0.42072
59
0.0059264
0.0411264
0.0163491
0.419449
7
0.922533
0.00835939
0.416222
34
0.0058245
0.0965459
0.0184673
0.0135095
15
0.982882
0.133837
0.114518
34
0.00304227
0.0742466
0.0451303
0.123234
5
0.907478
0.162893
0.422587
92
0.00394526
0.0546935
0.0110865
0.140808
24
0.981535
0.167981
0.173888
4
0.00836126
0.0953734
0.0456987
0.157785
30
0.938918
0.107078
0.0139711
97
0.0065172
0.0728246
0.0236071
0.153968
2
0.923415
0.131688
0.365946
52
0.000110909
0.0886947
0.0439681
0.423024
9
0.926314
0.150058
0.304013
81
0.00955434
0.026024
0.0375178
0.369637
42
0.997897
0.054701
0.0842505
75
0.00391592
0.0608639
0.0115496
0.291006
20
0.9165
0.142074
0.0711327
44
0.00242989
0.0380642
0.018008
0.407967
96
0.916666
0.0386401
0.28323
37
0.00600308
0.049432
0.0310954
0.25758
92
0.997311
0.0528856
0.0339006
20
0.00588048
0.0307657
0.0215329
0.469528
14
0.930962
0.0360555
0.497025
35
0.00666176
0.0443953
0.0324655
0.462313
14
0.989476
0.0216725
0.48071
21
0.00385503
0.0942693
0.025907
0.428581
67
0.919114
0.0343048
0.0494629
40
0.0039804
0.0712343
0.0141874
0.495025
48
0.965375
0.0227077
0.123592
83
0.00209877
0.0562851
0.044885
0.272062
77
0.945704
0.194688
0.310348
8
0.0061842
0.054244
0.0339806
0.20157
27
0.990862
0.120114
0.325165
8
0.00148744
0.0338922
0.0447445
0.163853
5
0.94553
0.171534
0.0313436
96
0.0086343
0.00857386
0.0246003
0.245424
96
0.900409
0.117194
0.392815
45
0.00248515
0.00424361
0.0326772
0.454318
58
0.989112
0.0644772
0.409816
74
0.00580645
0.0553604
0.0418599
0.262343
55
0.963327
0.0400267
0.101467
13
0.00889513
0.0458588
0.0149518
0.321003
91
0.948746
0.0103932
0.3888
55
0.00497477
0.0575986
0.0331248
0.0904045
15
0.923956
0.079555
0.294807
85
0.00146291
0.0489421
0.0498269
0.000847727
51
0.901424
0.168799
0.168058
32
0.00881548
0.0152525
0.0415803
0.0686005
58
0.905951
0.170765
0.414618
42
0.00483731
0.0878531
0.0158265
0.363815
26
0.948674
0.0893684
0.0811711
66
0.00327422
0.0285484
0.0359189
0.238309
53
0.988724
0.0602108
0.347065
99
0.00164884
0.00364334
0.0495895
0.185432
14
0.91755
0.102602
0.387714
38
0.00441647
0.0681253
0.0257133
0.452325
38
0.91625
0.198422
0.0239597
69
0.00360237
0.0435375
0.0309594
0.432094
72
0.955439
0.127174
0.468247
10
0.006972
0.0855076
0.015926
0.250763
64
0.912394
0.0236312
0.317309
29
0.00159502
0.0723944
0.049207
0.380989
90
0.940471
0.108286
0.238672
33
0.00809192
0.0329853
0.0421815
0.404998
12
0.909087
0.0560773
0.211156
68
0.00449761
0.0623306
0.0216709
0.418029
98
0.939271
0.157312
0.0275462
65
0.00674332
0.088404
0.0289221
0.453933
86
0.934456
0.0352922
0.201104
60
0.00664837
0.0934577
0.0384633
0.343837
63
0.943879
0.0988212
0.370813
3
0.00703107
0.0169944
0.0317003
0.264068
92
0.957121
0.0957375
0.413826
77
0.00134612
0.0211647
0.0462654
0.174765
8
0.960784
0.148583
0.233768
14
0.00319291
0.0612757
0.0497556
0.0183428
67
0.926
0.165964
0.225062
99
0.00710952
0.0588314
0.0169057
0.358001
79
0.995032
0.155917
0.0700051
82
0.000980798
0.0424824
0.0169937
0.303361
66
0.911032
0.0460003
0.0346963
15
0.00822601
0.0396359
0.0260541
0.0891675
60
0.938114
0.11467
0.17747
12
0.00892483
0.0182581
0.0416173
0.0634465
74
0.996328
0.142933
0.128284
6
0.00346148
0.0122926
0.037837
0.271419
73
0.947369
0.0174514
0.304318
48
0.00223583
0.0665373
0.026264
0.0276321
85
0.905623
0.114874
0.209267
98
0.00337818
0.0518142
0.0427362
0.121341
82
0.966166
0.129125
0.170857
2
0.00111564
0.0437642
0.0252515
0.342827
30
0.95393
0.0317018
0.0664589
28
0.000554461
0.079573
0.0100418
0.236158
70
0.968505
0.152035
0.045821
15
0.000911989
0.0661097
0.0381212
0.126457
55
0.913591
0.104205
0.326237
93
0.0012779
0.0299311
0.0229582
0.0242882
49
0.932547
0.0526754
0.31367
79
0.00137164
0.0748509
0.0262245
0.182104
44
0.959891
0.175871
0.159084
22
0.00951308
0.0335134
0.0166685
0.256937
36
0.993121
0.0570122
0.0613302
68
0.00492464
0.0378857
0.0404812
0.0432743
94
0.982038
0.0454821
0.0114616
93
0.00569682
0.0895625
0.0247277
0.155815
72
0.95436
0.00572025
0.239426
54
0.00187786
0.0323015
0.0243176
0.474658
78
0.902744
0.0436576
0.110624
54
0.00234896
0.0530009
0.0188058
0.243512
57
0.938409
0.0758794
0.404885
14
0.000960016
0.00783253
0.0429178
0.335168
5
0.961421
0.177274
0.354208
76
0.00474904
0.00945869
0.0254146
0.241824
28
0.986472
0.160018
0.136847
6
0.00517313
0.0214022
0.0241901
0.446464
75
0.921925
0.167186
0.305133
50
0.00653874
0.0111672
0.0272889
0.10155
86
0.987306
0.0944368
0.447691
36
0.00741717
0.0918414
0.0284272
0.443951
63
0.943608
0.198376
0.0405994
47
0.00261692
0.0352066
0.043659
0.159403
94
0.92315
0.15978
0.401452
76
0.00853925
0.0267372
0.0105948
0.44753
40
0.936749
0.196311
0.47017
65
0.00399845
0.089889
0.0104484
0.220931
8
0.942475
0.182507
0.113466
90
0.00782516
0.076564
0.010738
0.409115
29
0.985098
0.0833948
0.433526
95
0.00567237
0.0674773
0.0396216
0.40684
65
0.903151
0.190379
0.389532
11
0.00314219
0.0130831
0.0464346
0.473786
33
0.947977
0.192974
0.405514
60
0.000584466
0.0715024
0.0155514
0.0536081
2
0.997532
0.0671762
0.0304229
17
0.00526263
0.0310627
0.0364249
0.305057
87
0.977352
0.00163879
0.40385
79
0.00944975
0.0238642
0.0274909
0.242267
49
0.922742
0.0745874
0.411083
60
0.00278877
0.0847521
0.0255801
0.328822
39
0.993904
0.190722
0.441678
44
0.00416945
0.0699182
0.012939
0.381348
10
0.987982
0.174433
0.49168
94
0.00786441
0.0737982
0.0286253
0.00213069
91
0.996902
0.027947
0.0565038
43
0.00273329
0.0647608
0.0373791
0.194114
15
0.91139
0.0585523
0.277076
70
0.00962975
0.095073
0.0486865
0.424041
3
0.990586
0.15225
0.235509
96
0.000711082
0.0189992
0.0167984
0.0653686
78
0.976262
0.109979
0.394867
56
0.00408664
0.0706675
0.0253336
0.278999
76
0.962895
0.174035
0.0802924
67
0.004399
0.0850106
0.019663
0.143291
19
0.949791
0.0850691
0.479309
74
0.00966182
0.0421617
0.0469177
0.312626
22
0.933792
0.164132
0.398666
95
0.00386549
0.0387141
0.0400487
0.011519
41
0.986886
0.078158
0.399456
10
0.00815253
0.0299077
0.0203199
0.427139
90
0.933288
0.131169
0.224644
57
0.00333351
0.0996783
0.0131995
0.2584
33
0.962414
0.0902712
0.331621
66
0.00838653
0.0704874
0.042242
0.164611
57
0.913966
0.065318
0.346917
80
0.00834207
0.08023
0.0127664
0.25565
85
0.918882
0.111086
0.0731086
13
0.00389955
0.0156442
0.0468017
0.485639
62
0.969763
0.0346668
0.189475
39
0.00490395
0.024705
0.0442844
0.492791
84
0.937772
0.0906032
0.306255
86
0.00270262
0.0521792
0.0289794
0.208886
93
0.944869
0.0467824
0.153206
19
0.00488676
0.00699064
0.040585
0.118937
96
0.983138
0.065037
0.442593
8
0.00846139
0.0227153
0.0351044
0.195226
43
0.968211
0.0845595
0.163414
17
0.00164298
0.00815475
0.0300216
0.385817
71
0.988541
0.132474
0.279168
92
0.00211693
0.028898
0.0149636
0.391507
83
0.972908
0.0131665
0.397847
97
0.000459025
0.0902184
0.0101275
0.0952233
13
0.939536
0.139252
0.423512
63
0.00338888
0.0701457
0.0407723
0.371447
34
0.907198
0.187487
0.421167
30
0.00354439
0.0995796
0.0118758
0.346517
63
0.904908
0.0931527
0.0432648
17
0.0012617
0.0813033
0.0356747
0.202039
31
0.968089
0.124805
0.199638
100
0.00853186
0.0104071
0.0234569
0.293675
59
0.970652
0.119156
0.363284
9
0.00298937
0.0278547
0.0472066
0.490506
77
0.969434
0.159309
0.499223
48
0.00506604
0.0675735
0.032746
0.301989
82
0.954799
0.0218375
0.360839
39
0.00067497
0.0217508
0.044879
0.476864
43
0.933955
0.146639
0.460174
17
0.00471605
0.0398732
0.0353321
0.320016
45
0.994087
0.097638
0.206363
38
0.00184103
0.0497771
0.0321961
0.288938
26
0.941792
0.107436
0.284774
73
0.00668539
0.0478143
0.0402856
0.326935
61
0.965923
0.138907
0.216196
98
0.000187531
0.0476737
0.0249897
0.435091
71
0.984633
0.028635
0.228637
70
0.000493249
0.0418372
0.0223187
0.156364
97
0.9202
0.101115
0.496984
79
0.00809981
0.0689145
0.0195965
0.0167915
98
0.960037
0.0473756
0.431975
43
0.00725963
0.0825922
0.0314132
0.370323
44
0.913202
0.134993
0.463223
5
0.00383393
0.0815377
0.0254412
0.373149
24
0.918545
0.0204336
0.237638
82
0.00867081
0.0858997
0.0471595
0.078583
77
0.971044
0.150548
0.0784189
25
0.000948717
0.0355025
0.0458941
0.397304
87
0.957007
0.0246285
0.150705
28
0.00926261
0.00678226
0.0496559
0.0230231
17
0.90001
0.0156094
0.0245581
78
0.00328929
0.07624
0.0133783
0.269239
31
0.943396
0.0211613
0.116632
93
0.00729194
0.0739917
0.0209036
0.336023
37
0.958405
0.0578029
0.0531694
21
0.00910179
0.0265366
0.0445026
0.172838
66
0.933158
0.0805537
0.15539
89
0.00444027
0.0914868
0.0483588
0.302126
27
0.986985
0.132165
0.464646
76
0.00997501
0.0433674
0.0105329
0.477122
65
0.901707
0.18342
0.318692
8
0.0096836
0.0928786
0.0418348
0.210515
2
0.971853
0.181795
0.0360034
65
0.00205609
0.0964359
0.0199743
0.299707
30
0.944057
0.0190853
0.162752
30
0.00791227
0.0253464
0.0334473
0.181658
36
0.947833
0.149757
0.0155387
47
0.00746178
0.0357786
0.0143232
0.496666
9
0.94106
0.00609842
0.395495
18
0.00701482
0.0275566
0.0328676
0.49858
18
0.95342
0.108463
0.169949
96
0.00400674
0.0904936
0.0136923
0.275505
74
0.927562
0.0919462
0.486283
73
0.00146644
0.0128291
0.0204549
0.170855
96
0.942071
0.0501251
0.143913
10
0.00552821
0.0428594
0.0130506
0.451295
58
0.995985
0.166605
0.330401
56
0.00662166
0.00899991
0.013315
0.177082
42
0.920089
0.160307
0.0467059
26
0.00454522
0.0107828
0.038857
0.0741414
59
0.978531
0.00201491
0.301056
40
0.00192804
0.056523
0.032283
0.266929
77
0.969151
0.179676
0.476933
60
0.00317762
0.00647669
0.0264304
0.0776338
88
0.978676
0.0746618
0.149731
36
0.00502566
0.0990373
0.0207224
0.158278
26
0.991137
0.00657666
0.0169069
64
0.00849365
0.0223584
0.0483109
0.322631
100
0.980677
0.186587
0.176361
72
0.00268435
0.0231164
0.0372011
0.246484
18
0.991314
0.197705
0.28095
59
0.00958169
0.0146923
0.0176764
0.260067
9
0.959233
0.0123453
0.0867516
35
0.00466872
0.047434
0.0280798
0.331121
68
0.924384
0.0424062
0.361311
87
0.00264425
0.0472374
0.0288223
0.141003
83
0.940029
0.145534
0.0209268
61
0.00748082
0.0149075
0.0213958
0.438058
55
0.938783
0.0448407
0.100002
54
0.00371445
0.0181423
0.031531
0.287991
41
0.963774
0.0567028
0.271567
9
0.00540806
0.0829794
0.0412067
0.430474
23
0.900987
0.196017
0.230088
26
0.00172369
0.0500721
0.0128558
0.284054
4
0.992889
0.0978481
0.250314
45
0.00849634
0.0325379
0.0462266
0.449493
40
0.991924
0.180786
0.0268441
26
0.00354792
0.0713432
0.0210448
0.253293
99
0.978824
0.153815
0.0757828
9
0.00512746
0.0556722
0.0302117
0.217905
89
0.974834
0.193694
0.094249
51
0.00535364
0.0657077
0.0117247
0.383179
31
0.982342
0.0289694
0.0832906
41
0.000175949
0.0571511
0.0435728
0.0205231
68
0.981768
0.171936
0.105268
82
0.00239728
0.0429953
0.0231544
0.463378
71
0.93653
0.176282
0.0704766
79
0.00717369
0.0672792
0.0183581
0.0845448
45
0.980901
0.113406
0.262907
34
0.00433771
0.0796494
0.030639
0.0170354
13
0.906558
0.0793817
0.369918
18
0.00430292
0.011861
0.0493763
0.196899
16
0.983318
0.0709678
0.37632
3
0.00423021
0.0962126
0.0165017
0.0336055
35
0.948158
0.12275
0.266148
28
0.00180516
0.00660633
0.0259703
0.440488
20
0.948391
0.177606
0.186007
100
0.00733515
0.0923576
0.0301595
0.110814
64
0.921329
0.0409992
0.0420441
85
0.000155976
0.0583673
0.0211492
0.166647
54
0.919587
0.0171965
0.103048
45
0.00770648
0.0722621
0.0317808
0.146318
20
0.954239
0.194271
0.0217216
22
0.00749339
0.0845474
0.0217442
0.396098
88
0.938576
0.104617
0.0655057
52
0.00367924
0.041491
0.0474417
0.173178
90
0.971346
0.0659005
0.135259
58
0.00908365
0.0274661
0.03543
0.400942
79
0.941456
0.166176
0.179943
5
0.00544765
0.057257
0.0370889
0.486306
8
0.94633
0.0205756
0.268773
33
0.00739427
0.079856
0.0227418
0.178648
51
0.935537
0.162382
0.339647
78
0.0081906
0.0679813
0.0359801
0.332643
68
0.974011
0.0714703
0.455281
10
0.00736166
0.086859
0.0109822
0.0662069
97
0.951048
0.0164989
0.290823
40
0.00312723
0.0469806
0.0308701
0.475064
2
0.902311
0.00513653
0.00345266
80
0.00694353
0.0834102
0.011121
0.199565
93
0.99035
0.133102
0.0743056
36
0.00900751
0.0957235
0.0454082
0.348125
80
0.954993
0.082756
0.218964
35
0.00496387
0.0284231
0.0352227
0.105854
61
0.957236
0.0741302
0.427723
5
0.000300041
0.0306515
0.0360942
0.261714
4
0.934115
0.0421016
0.0686257
13
0.00438914
0.00356353
0.0188866
0.193496
48
0.971929
0.0558724
0.005364
43
0.00883915
0.0880317
0.0435006
0.420133
45
0.946493
0.118649
0.373458
89
0.00724055
0.0887846
0.0339084
0.295494
35
0.985528
0.066599
0.0361652
11
0.00912094
0.0389369
0.0456417
0.405066
82
0.97579
0.0865593
0.481696
67
0.00645153
0.0750336
0.0294773
0.133023
47
0.957609
0.0013152
0.241714
62
0.00904394
0.0889263
0.0415008
0.283661
53
0.979945
0.165106
0.19056
95
0.00605479
0.0233228
0.0486319
0.0480094
81
0.988976
0.120813
0.474098
58
0.00308811
0.064651
0.0221147
0.273537
25
0.935641
0.129519
0.234335
77
0.00427143
0.0899838
0.0233146
0.488678
46
0.912094
0.125877
0.381302
3
0.00323934
0.0539258
0.0363173
0.042688
42
0.907003
0.0481564
0.121424
58
0.00280322
0.0773438
0.0226252
0.103599
47
0.996659
0.123366
0.205686
89
0.007927
0.0920685
0.0138505
0.0101062
32
0.967466
0.0268696
0.286098
38
0.00879155
0.0971792
0.016401
0.392891
66
0.903373
0.123669
0.0294862
65
0.00273698
0.0333715
0.0346547
0.444416
81
0.983936
0.0765261
0.288105
63
0.00829378
0.0550846
0.0261541
0.323442
56
0.921025
0.0630015
0.0282449
20
0.000129426
0.0441984
0.0490076
0.203434
98
0.918783
0.0956406
0.295852
54
0.00598983
0.0764377
0.0365182
0.265778
21
0.904214
0.0984245
0.148653
13
0.00189032
0.0384092
0.016068
0.0855071
60
0.904381
0.100319
0.377038
69
0.00986303
0.0684985
0.0219706
0.314993
40
0.949309
0.067601
0.334595
95
0.00629895
0.0913188
0.0134995
0.0571887
80
0.96475
0.035806
0.0515496
77
0.00557187
0.0208217
0.0263571
0.459791
91
0.974602
0.146908
0.338943
51
0.00428505
0.00973749
0.0279152
0.233354
44
0.956119
0.17349
0.140463
94
0.00676375
0.00308429
0.0266309
0.0503537
11
0.963503
0.140432
0.367008
31
0.00512984
0.0319493
0.0401622
0.192615
46
0.903291
0.00452699
0.0487192
61
0.0042024
0.0289452
0.0373204
0.047219
58
0.930372
0.0407648
0.374152
53
0.00101557
0.0254458
0.0189942
0.249446
84
0.951722
0.0873087
0.341253
51
0.00758701
0.063415
0.0280842
0.0444275
22
0.976838
0.145978
0.168778
60
0.00781298
0.0488426
0.0220113
0.0528299
35
0.924747
0.187737
0.26412
79
0.00596616
0.010642
0.0198274
0.0219947
4
0.966064
0.168474
0.0605538
36
0.00321227
0.0331483
0.0347321
0.254807
3
0.907959
0.189376
0.258373
27
0.00885429
0.00321026
0.0156609
0.0464924
79
0.953584
0.167492
0.248266
69
0.000870348
0.0543154
0.0161783
0.353703
92
0.992331
0.157484
0.375991
58
0.00456108
0.0268298
0.0282169
0.491963
54
0.965727
0.0339996
0.164285
42
0.000722618
0.0693141
0.0348715
0.394321
78
0.959567
0.152816
0.466137
45
0.00283022
0.0892961
0.01627
0.376969
28
0.970167
0.0486011
0.0427239
28
0.00720566
0.0534988
0.0159193
0.0191346
6
0.998178
0.0685235
0.276953
44
0.00531372
0.00851424
0.0461131
0.465846
90
0.946599
0.0806125
0.298267
73
0.00584992
0.00287166
0.0124153
0.15001
40
0.990054
0.0925886
0.00829458
56
0.00994775
0.0912218
0.0186456
0.186748
13
0.941197
0.103207
0.152079
32
0.00291904
0.0376807
0.0463511
0.457039
78
0.980463
0.0036085
0.145544
75
0.00561673
0.0595969
0.0135215
0.448161
34
0.903609
0.0140619
0.367198
50
0.00867446
0.0585147
0.0384985
0.218962
51
0.959181
0.107825
0.221462
95
0.000521768
0.0759806
0.0410308
0.0222545
17
0.96957
0.15304
0.467654
61
0.00641156
0.00144853
0.0378865
0.0944367
23
0.97621
0.0350113
0.465657
38
0.00460247
0.00721273
0.0320944
0.0348961
74
0.997674
0.13451
0.0530881
10
0.000366808
0.0808209
0.0333642
0.316687
5
0.925879
0.0242077
0.100539
52
0.00115993
0.0480772
0.0151224
0.367829
19
0.977925
0.161401
0.439529
64
0.00594714
0.0163197
0.0482207
0.289711
18
0.952513
0.164424
0.0779201
26
0.00727209
0.0372262
0.0290533
0.48394
31
0.917408
0.122978
0.0794664
65
0.00985116
0.0212384
0.0475359
0.422955
46
0.998329
0.163583
0.320689
86
0.00920271
0.056112
0.0471184
0.267226
32
0.979328
0.0478071
0.135072
71
0.00873536
0.0731587
0.0453017
0.075364
91
0.993327
0.00227986
0.062903
3
0.00917748
0.0196229
0.049509
0.34582
42
0.915396
0.102163
0.200519
39
0.00378469
0.0677559
0.022502
0.200596
13
0.956247
0.100753
0.340267
91
0.00805965
0.0778438
0.0460362
0.0321522
58
0.987894
0.128621
0.335757
24
0.00941467
0.0322205
0.0116368
0.0281299
2
0.973647
0.120619
0.0976205
53
0.00302752
0.0743955
0.0147585
0.309864
53
0.932371
0.0259409
0.281548
52
0.000888618
0.00227572
0.0380356
0.365889
25
0.971673
0.0167484
0.267462
63
0.009733
0.052003
0.0171146
0.341432
38
0.956762
0.0141814
0.429631
15
0.00944447
0.0811611
0.0491094
0.411856
68
0.988198
0.116275
0.456661
77
0.00316601
0.0121727
0.0473574
0.259342
37
0.941749
0.183205
0.461134
37
0.00360596
0.0758
0.0212773
0.34476
61
0.966757
0.17973
0.454587
87
0.00350596
0.0983824
0.0292898
0.212346
56
0.983613
0.15149
0.353009
29
0.00548631
0.035331
0.0330272
0.0602943
92
0.989763
0.199018
0.450673
80
0.00825781
0.0404108
0.0246698
0.0648307
3
0.915644
0.0106019
0.197637
55
0.00236813
0.0550339
0.0139827
0.154328
71
0.906788
0.0770323
0.253276
35
0.00203913
0.0859556
0.0201334
0.481572
35
0.967046
0.117326
0.498675
69
0.00689667
0.0576781
0.0210248
0.0372319
52
0.923346
0.106715
0.432063
51
0.00392787
0.0818534
0.0398807
0.151094
23
0.929249
0.0183149
0.0477271
36
0.0055194
0.0257533
0.0351574
0.318671
80
0.96853
0.158649
0.0876649
7
0.00516661
0.0413126
0.0108244
0.22253
6
0.909404
0.0737549
0.451091
96
0.00738074
0.0425832
0.0291426
0.324679
80
0.991006
0.022099
0.27243
20
0.00861501
0.0192899
0.0412965
0.497811
1
0.935042
0.136272
0.362385
15
0.00914011
0.00101241
0.047022
0.304525
50
0.940898
0.0112881
0.309495
68
0.00245163
0.0596584
0.0297385
0.354582
15
0.922082
0.188843
0.00773481
83
0.00577922
0.00241895
0.0212906
0.334481
11
0.909191
0.178806
0.355086
88
0.000778768
0.0279704
0.0206762
0.0690186
12
0.905821
0.0945347
0.406816
50
0.00347755
0.0241106
0.0391983
0.231001
64
0.952314
0.0922804
0.204927
81
0.00841525
0.0177774
0.02381
0.0120076
50
0.935221
0.105133
0.322399
75
0.00606413
0.089317
0.0458233
0.189026
41
0.943046
0.0536035
0.0508426
40
0.00953018
0.0710862
0.0480076
0.148253
26
0.994419
0.197119
0.107243
92
0.0090604
0.0391985
0.0145152
0.112482
91
0.9862
0.17231
0.117186
18
0.00983207
0.0524235
0.0368843
0.0675786
41
0.963576
0.148827
0.17501
53
0.00289667
0.0630894
0.0195063
0.0266332
64
0.951162
0.0465489
0.282366
94
0.0085776
0.0949339
0.0203513
0.198715
62
0.979754
0.0230814
0.488515
41
0.0098909
0.0328117
0.0350367
0.359287
16
0.911236
0.13096
0.099077
84
0.00533044
0.0920944
0.0102413
0.417083
88
0.974372
0.0441588
0.10341
31
0.00977064
0.0119118
0.0345291
0.230315
63
0.928419
0.0113805
0.251248
62
0.00306407
0.0139943
0.0270768
0.484505
19
0.962366
0.178262
0.244909
15
0.00114296
0.06333
0.0123213
0.0545555
73
0.959701
0.126913
0.489264
38
0.00800407
0.0805855
0.037139
0.113766
89
0.967717
0.197215
0.0386392
23
0.00938158
0.031352
0.0304753
0.357517
96
0.934332
0.156333
0.243594
37
0.00731039
0.0482454
0.0390141
0.0729366
53
0.900394
0.00483168
0.459904
83
0.00194844
0.00161979
0.0114904
0.31568
65
0.970446
0.0949686
0.368724
97
0.00715215
0.0788812
0.0421215
0.415514
13
0.94447
0.116584
0.47756
33
0.0047859
0.029688
0.011825
0.317305
70
0.982696
0.0375828
0.255918
42
0.00363831
0.0692378
0.0450352
0.160044
43
0.922208
0.0867654
0.195323
11
0.00798074
0.0602344
0.0376565
0.0794191
67
0.99018
0.181165
0.29278
89
0.00844909
0.00127242
0.0206301
0.0291056
76
0.945809
0.147437
0.402387
48
0.00447123
0.0508173
0.0403837
0.119969
5
0.979574
0.151053
0.448387
2
0.00509719
0.0579772
0.014635
0.116273
59
0.929755
0.0880497
0.0330891
14
0.00670456
0.00521329
0.0103271
0.2528
22
0.929526
0.0533995
0.156875
82
0.00191508
0.0621398
0.0153008
0.0063358
60
0.980127
0.105614
0.236395
83
0.00480742
0.0615663
0.0277024
0.183933
66
0.988462
0.184196
0.000199335
97
0.00993067
0.0932586
0.0348802
0.145579
61
0.908614
0.122332
0.165751
77
0.00410733
0.0947913
0.0454689
0.399334
48
0.975125
0.0624028
0.343227
42
0.000813183
0.0439912
0.0302814
0.352191
10
0.940284
0.154656
0.226344
25
0.0042511
0.0101158
0.0187325
0.093877
12
0.960829
0.141591
0.0449174
31
0.00928663
0.0768055
0.0438293
0.442043
28
0.926838
0.189931
0.187545
16
0.00602721
0.0966819
0.0395834
0.0551182
99
0.985751
0.13533
0.242524
48
0.00335228
0.0745661
0.0392739
0.211224
22
0.907915
0.112393
0.48493
88
0.00688732
0.0873683
0.0425795
0.205804
20
0.949695
0.189133
0.223019
50
0.00750665
0.04082
0.0466974
0.0304748
17
0.993621
0.112041
0.00501396
12
0.00859899
0.0753728
0.0360475
0.361841
17
0.993737
0.115863
0.348165
87
0.00227206
0.0145786
0.0311311
0.209689
44
0.952943
0.156621
0.344885
59
0.00629456
0.0667045
0.0243256
0.403011
82
0.924179
0.06824
0.300629
71
0.00565502
0.0218983
0.0446418
0.416114
11
0.924944
0.0126271
0.336523
84
0.000412952
0.0142465
0.0341609
0.106963
99
0.980317
0.0912743
0.358944
76
0.00579377
0.07179
0.0481447
0.0819367
79
0.966409
0.0252133
0.25233
84
0.00213263
0.0735953
0.0146965
0.131701
2
0.98341
0.117718
0.0852495
29
0.00463884
0.0403138
0.023883
0.167489
39
0.955928
0.0755163
0.308163
24
0.00131838
0.0509301
0.0332429
0.22485
4
0.937003
0.00704524
0.126466
74
0.00176273
0.0235228
0.0267245
0.18799
48
0.967681
0.121365
0.412094
69
0.00286805
0.0838368
0.0337442
0.29706
75
0.985669
0.16138
0.333431
68
0.00104482
0.0422404
0.0217748
0.197761
22
0.995644
0.0711204
0.137101
2
0.00157881
0.0908105
0.0141273
0.479026
59
0.940626
0.136712
0.157251
88
0.00773169
0.063654
0.0357754
0.398525
51
0.901036
0.154416
0.203299
4
0.00679212
0.0256646
0.0397439
0.285359
99
0.901284
0.106202
0.207223
6
0.00470509
0.0180218
0.0148762
0.138189
69
0.908122
0.148064
0.00948502
78
0.00637221
0.0616686
0.0155092
0.161588
52
0.945184
0.14348
0.297908
14
0.00575686
0.0806008
0.019897
0.00460815
65
0.984484
0.0419354
0.270835
30
0.00197764
0.0157179
0.0408989
0.0498353
70
0.970866
0.0775621
0.0896645
81
0.00643566
0.0302266
0.0336153
0.414035
61
0.994715
0.0605766
0.0555506
44
0.00228947
0.0979611
0.0455699
0.147041
93
0.962636
0.140908
0.323426
3
0.0010631
0.00610091
0.043918
0.268254
44
0.92826
0.0693283
0.329032
55
0.00296764
0.0361196
0.0440953
0.0864172
6
0.963958
0.0517268
0.273307
21
0.0035818
0.031155
0.0282545
0.0357603
73
0.958721
0.155148
0.285591
95
0.00857154
0.0841706
0.0340408
0.311332
70
0.928116
0.0152628
0.247018
57
0.00684011
0.0534435
0.0228164
0.356465
98
0.936227
0.0587757
0.384943
77
0.00117783
0.0154405
0.0452114
0.0879097
59
0.954603
0.0591902
0.0590017
24
0.00562673
0.0527461
0.027131
0.0764097
8
0.951956
0.0178867
0.248048
92
0.000558188
0.0820702
0.0315164
0.175607
80
0.900759
0.127767
0.458989
59
0.00547537
0.00927215
0.0377005
0.0563649
44
0.996443
0.0328291
0.122577
93
0.00940279
0.051621
0.049351
0.045974
47
0.902437
0.199838
0.131742
62
0.00481392
0.0869465
0.0132373
0.099846
33
0.926477
0.0311178
0.208091
47
0.00754552
0.0532583
0.0326329
0.439188
1
0.984114
0.158214
0.321473
51
0.0034221
0.0661524
0.0175157
0.227749
53
0.98253
0.177764
0.482389
55
0.00931523
0.0369549
0.0125251
0.17901
32
0.946125
0.0655346
0.192106
66
0.00152602
0.0865236
0.0316758
0.307486
52
0.944976
0.0306296
0.386616
99
0.0075753
0.0454489
0.0178979
0.149255
24
0.97312
0.0639784
0.417211
41
0.00923788
0.0485736
0.0411665
0.338655
83
0.910111
0.00900488
0.198314
12
0.00406163
0.0349796
0.047962
0.313328
46
0.931797
0.139851
0.0883227
27
0.00975431
0.0137803
0.0250772
0.360172
94
0.95129
0.0366099
0.444486
34
0.00649394
0.0938188
0.0306922
0.0886958
56
0.985196
0.174876
0.473751
4
0.0023936
0.0586472
0.046555
0.132809
72
0.914308
0.087565
0.217626
23
0.00815993
0.0190653
0.0279436
0.247494
69
