0.715153
0.0794996
0.0299269
15
0.00241072
0.181055
0.0925607
0.224799
87
12.7274
0.202444
0.831016
0.0607105
0.252935
94
0.000181549
0.0803448
0.0135978
0.204612
13
8.32128
0.0550302
0.918028
0.0690289
0.394692
90
0.00356526
0.978895
0.0503976
0.290688
83
3.54239
0.103946
0.914078
0.0927723
0.0964335
10
0.00997476
0.865466
0.0960752
0.470576
36
4.57923
0.105375
0.705228
0.0122483
0.0722558
70
0.00891228
0.197515
0.0321709
0.110692
75
4.14558
0.374982
0.907188
0.0994629
0.23576
34
0.0049169
0.514054
0.088424
0.310523
73
11.7179
0.0703617
0.861494
0.0592387
0.255977
42
0.00829448
0.0842963
0.0543248
0.270241
10
7.48425
0.145172
0.807397
0.0603652
0.113805
58
0.00842809
0.896596
0.0396092
0.185725
96
3.19499
0.161834
0.795798
0.0175083
0.224464
1
0.0087666
0.860335
0.0306765
0.456148
70
5.69851
0.168506
0.825269
0.058686
0.432477
86
0.00314895
0.426036
0.0720095
0.351739
8
7.45508
0.346992
0.786666
0.0190278
0.208154
35
0.00922296
0.800681
0.0674712
0.0638221
99
4.90274
0.38514
0.921511
0.0497462
0.422474
43
0.00700956
0.345271
0.0781982
0.0873789
73
7.99247
0.150818
0.883925
0.0112707
0.314657
44
0.00220977
0.403302
0.086676
0.00338196
51
9.48841
0.367574
0.873223
0.0347127
0.420296
41
0.00753039
0.34543
0.0631573
0.177026
28
11.5667
0.27976
0.785141
0.0142074
0.497952
68
0.000398725
0.93499
0.0900087
0.222216
18
13.8553
0.189099
0.896085
0.0351818
0.0625921
16
0.00860989
0.289264
0.0493595
0.30006
66
3.8186
0.0750061
0.765572
0.0883355
0.270462
2
0.00508069
0.606858
0.0943139
0.207983
23
13.0849
0.042336
0.968253
0.0267801
0.496621
64
0.00849583
0.452591
0.0561871
0.195509
68
10.8185
0.249369
0.926124
0.0860803
0.0605189
100
0.00881302
0.132813
0.0458655
0.337074
21
3.77295
0.0227425
0.967337
0.0564569
0.411371
21
0.00231279
0.811462
0.0629253
0.407129
5
10.7568
0.014151
0.76343
0.0812431
0.417018
95
0.00160117
0.00952799
0.0806248
0.0913376
16
13.8043
0.094805
0.73128
0.0368577
0.167798
33
0.00749512
0.486981
0.0677191
0.049771
37
3.0891
0.287102
0.851858
0.0999399
0.100889
48
0.00669916
0.209912
0.0272096
0.367734
9
10.8525
0.351589
0.785699
0.0737132
0.202696
78
0.000339025
0.27669
0.074267
0.232428
57
11.7605
0.222469
0.702628
0.0930313
0.103425
31
0.00385419
0.112834
0.0683374
0.234502
54
8.02423
0.0840119
0.80262
0.0280333
0.457687
94
0.000272228
0.333786
0.078472
0.085297
40
5.39088
0.153957
0.936673
0.08405
0.32744
77
0.00142345
0.0918757
0.0984846
0.241524
26
8.45829
0.348604
0.776837
0.0872152
0.395548
64
0.00421659
0.160603
0.0625184
0.167908
64
8.14178
0.220438
0.816194
0.03007
0.434125
67
0.00566925
0.924061
0.0187239
0.463558
24
8.04044
0.289737
0.897268
0.0327443
0.459309
51
0.00821981
0.316361
0.0490067
0.193587
96
10.9331
0.0787045
0.819023
0.0591326
0.499222
53
0.00578705
0.3691
0.0914678
0.0577232
50
14.4597
0.297433
0.831911
0.0957767
0.460138
80
0.00787273
0.157033
0.0966098
0.2057
12
5.9757
0.01157
0.740166
0.0805848
0.228463
46
0.00830639
0.391571
0.0521845
0.385443
14
4.72322
0.123067
0.74439
0.0150743
0.400901
3
0.00904453
0.351801
0.0450766
0.330685
35
14.9041
0.0180061
0.752838
0.0890021
0.0821534
89
0.00785262
0.965129
0.0930963
0.180707
45
7.41644
0.193409
0.720104
0.0820724
0.293318
18
0.00731336
0.57207
0.0727573
0.48509
84
5.74591
0.101156
0.937966
0.0160192
0.153061
74
0.00427082
0.827147
0.0346248
0.154682
10
11.8417
0.0762962
0.902337
0.0505863
0.318688
34
0.00626654
0.106979
0.0105019
0.429302
53
11.5429
0.317997
0.843195
0.0452699
0.393988
72
0.00586151
0.478366
0.0995131
0.190979
79
5.83819
0.239724
0.747321
0.0362517
0.358107
66
0.00315432
0.699757
0.0529423
0.116029
74
14.2011
0.221322
0.7196
0.094986
0.256729
21
0.00897304
0.493982
0.0245205
0.289518
58
4.46697
0.269611
0.91901
0.0521713
0.121181
11
0.00516494
0.296875
0.0688763
0.0277641
78
3.23152
0.226006
0.950724
0.0719981
0.287422
12
0.00946073
0.0858904
0.0328205
0.189983
49
7.6681
0.345656
0.703543
0.0577476
0.085819
60
0.00167141
0.85271
0.0947116
0.0962944
12
10.3677
0.0397899
0.801952
0.0126291
0.0490477
47
0.00288358
0.599794
0.0346631
0.396739
11
4.28187
0.114893
0.751166
0.0737552
0.285896
73
0.00948289
0.939239
0.0239001
0.0331632
62
6.67178
0.149415
0.811519
0.0791689
0.131227
72
0.00941159
0.186979
0.0472816
0.364992
71
3.43101
0.290182
0.855815
0.06289
0.289824
75
0.00730165
0.234616
0.0298379
0.124541
29
13.4449
0.135364
0.99426
0.0867855
0.283413
40
0.00809448
0.427447
0.0648212
0.10108
32
13.618
0.361892
0.721032
0.0662913
0.173274
72
0.000750283
0.282562
0.012034
0.213492
87
11.1628
0.308229
0.82716
0.0225377
0.0110084
90
0.000761953
0.961013
0.0769513
0.4871
29
3.29474
0.180017
0.774379
0.0692696
0.206915
36
0.00913594
0.304496
0.0467956
0.170249
43
12.5125
0.0384591
0.764137
0.0881305
0.312155
98
0.00598077
0.00587414
0.0480106
0.240263
29
12.1956
0.203161
0.958148
0.0228067
0.0457898
4
0.00596236
0.223417
0.0893257
0.0472635
33
5.68687
0.0473377
0.844031
0.0448514
0.376895
15
0.00185116
0.523564
0.0232915
0.367115
92
9.53861
0.261004
0.842883
0.0816867
0.385914
34
0.00908449
0.761363
0.0990269
0.437555
74
5.73402
0.256261
0.775226
0.0170466
0.245722
36
0.00484478
0.491179
0.0693921
0.421241
65
7.40654
0.253646
0.714306
0.0301658
0.217425
82
0.00266692
0.562726
0.0221918
0.127021
23
14.0936
0.213857
0.89991
0.069806
0.288461
88
0.00366612
0.858711
0.0640027
0.0581138
41
9.97568
0.0889974
0.869608
0.0167001
0.184687
93
0.00957371
0.423526
0.0729591
0.387878
82
3.89224
0.019316
0.955677
0.0473159
0.180857
36
0.00977636
0.805269
0.0542074
0.281672
20
10.2989
0.258203
0.995905
0.031772
0.0482896
44
0.0084622
0.270345
0.0564001
0.155484
81
9.51445
0.337607
0.976815
0.0470356
0.151116
74
0.00757629
0.0120472
0.0700196
0.114588
86
4.15466
0.218075
0.975616
0.0294725
0.365391
72
0.00818826
0.239742
0.0887482
0.0144538
26
11.2282
0.341898
0.757857
0.0453323
0.198043
79
0.00759055
0.542124
0.0836574
0.434618
20
9.45706
0.324273
0.746991
0.0139389
0.064921
64
0.00559957
0.484553
0.0637182
0.253316
36
6.56593
0.366213
0.998318
0.0916649
0.174003
82
0.00569026
0.712152
0.0634589
0.16476
98
13.0309
0.062268
0.961255
0.0583694
0.309093
56
0.00226542
0.381255
0.0228685
0.112666
23
3.52751
0.359546
0.917342
0.0690931
0.461793
12
0.002154
0.518636
0.0953962
0.188786
78
13.7574
0.032058
0.852534
0.0405024
0.0771211
56
0.00187704
0.226266
0.0124134
0.309447
78
14.8391
0.251753
0.984541
0.0765295
0.177618
24
0.00445349
0.0712574
0.0568418
0.187433
8
5.88286
0.192858
0.933202
0.0646217
0.235229
5
0.00973944
0.904467
0.02502
0.423498
38
14.2452
0.0166084
0.779164
0.0735144
0.154156
58
0.00589608
0.429351
0.0165792
0.497801
58
7.80819
0.0907603
0.939517
0.0504493
0.406924
27
0.00397198
0.142216
0.0714715
0.326347
2
9.35786
0.143793
0.848732
0.0255473
0.275611
63
0.00199472
0.767427
0.0972229
0.473856
41
9.92162
0.35314
0.713649
0.0489828
0.161609
93
0.00771133
0.909654
0.0508131
0.402012
60
8.07923
0.157913
0.962668
0.0262078
0.0513663
87
0.00352633
0.153195
0.0769846
0.221122
85
11.7952
0.242522
0.927473
0.0827931
0.357198
37
0.0098735
0.857428
0.0194995
0.346477
98
6.06934
0.0639208
0.971399
0.0905262
0.388731
70
0.00522466
0.0112283
0.0617664
0.472547
77
6.67984
0.241879
0.958535
0.0904117
0.428854
31
0.00179671
0.376576
0.044549
0.272367
14
10.5543
0.208388
0.942318
0.0514476
0.472186
95
0.0010745
0.1892
0.028017
0.0814363
86
12.6546
0.166202
0.727591
0.0937505
0.118327
60
0.00435346
0.167427
0.0403887
0.46159
95
11.6805
0.364623
0.750022
0.0620156
0.155872
54
0.00931539
0.569208
0.0706429
0.383648
8
8.27924
0.234242
0.974276
0.0408658
0.297814
93
0.00458657
0.748019
0.0554907
0.258247
13
10.0568
0.310566
0.730649
0.0970463
0.334861
8
0.00886349
0.28079
0.0309257
0.335973
32
4.60607
0.118716
0.855234
0.0855383
0.45892
58
0.000163933
0.95677
0.0740591
0.261142
46
13.1984
0.0129464
0.82877
0.098857
0.192744
32
0.00375469
0.52624
0.0549843
0.202589
78
11.4105
0.177622
0.814652
0.0378289
0.0988843
29
0.00406989
0.634989
0.0771769
0.264029
82
3.7535
0.306443
0.904954
0.0172866
0.195781
12
0.000295186
0.550096
0.07595
0.327263
56
12.3419
0.0535757
0.984028
0.0706618
0.409083
21
0.00604819
0.400357
0.0956941
0.267892
4
6.75298
0.209788
0.940716
0.0660798
0.219384
23
0.00372101
0.920476
0.0523807
0.161186
7
12.6421
0.395684
0.864963
0.0461176
0.309753
63
0.00296138
0.371766
0.0336233
0.125298
62
3.26597
0.125993
0.980466
0.0808082
0.214063
7
0.00466457
0.540785
0.0550402
0.356061
87
11.5036
0.0296491
0.920077
0.0242372
0.302924
80
0.00128349
0.469253
0.0980704
0.212307
53
11.3957
0.226251
0.732398
0.0539837
0.187391
38
0.00936899
0.481726
0.0156009
0.233428
75
14.2699
0.390569
0.756894
0.0165587
0.339335
32
0.00243928
0.924633
0.0247505
0.29623
93
6.38964
0.084334
0.927944
0.0318532
0.426496
46
0.00548136
0.0232856
0.0643785
0.0600973
3
13.2862
0.196839
0.756338
0.0467123
0.0593969
22
0.00536743
0.21651
0.0626576
0.074461
73
12.4399
0.391876
0.96411
0.0643564
0.164093
71
0.00328211
0.355143
0.0413464
0.338536
21
4.97646
0.362675
0.741653
0.075931
0.392175
11
0.00617495
0.198882
0.0604938
0.100446
53
12.1481
0.0958179
0.948334
0.0637305
0.0844527
61
0.000706354
0.104632
0.0288676
0.151298
4
12.295
0.0537253
0.950053
0.0427313
0.265166
14
0.00607042
0.326062
0.073645
0.447677
5
9.44605
0.170777
0.792749
0.0433052
0.146924
36
0.00595474
0.125688
0.0627547
0.0383087
75
11.4762
0.0370469
0.982652
0.0393295
0.374454
20
0.00162524
0.573019
0.040114
0.0225012
93
5.65356
0.278178
0.708993
0.0684713
0.0618254
90
0.00834825
0.298554
0.0183235
0.285799
14
13.7461
0.244057
0.891063
0.0458659
0.336629
80
0.00635868
0.849814
0.0278308
0.405124
98
6.79505
0.152614
0.845611
0.0632976
0.454346
94
0.00775477
0.114494
0.0658484
0.0095196
56
8.7804
0.361414
0.862493
0.0710598
0.30357
78
0.00236207
0.221444
0.0234966
0.031154
91
10.7859
0.100298
0.826133
0.0303511
0.205187
12
0.000848746
0.717698
0.0831392
0.0881283
96
7.98663
0.321968
0.821179
0.0548679
0.351342
66
0.00330929
0.532417
0.0115036
0.431802
35
10.4975
0.215626
0.826775
0.0625285
0.239322
91
0.00253774
0.0981168
0.0457686
0.211274
97
4.88992
0.228923
0.733768
0.056256
0.182228
95
0.00472543
0.743404
0.0868386
0.265829
83
5.87009
0.106112
0.88066
0.0495211
0.386843
30
0.00580456
0.53786
0.0132769
0.0451332
31
3.14564
0.184188
0.828203
0.0251686
0.0683208
49
0.0096416
0.123572
0.0886208
0.491935
21
9.80993
0.378744
0.984852
0.0712026
0.382288
89
0.00738388
0.512864
0.0184943
0.103215
14
10.6336
0.326435
0.904512
0.0471105
0.00509055
96
0.00479659
0.643635
0.051691
0.244515
45
14.9335
0.0244495
0.711262
0.0837632
0.271542
3
0.00958581
0.151647
0.064665
0.00791998
79
3.65479
0.0969541
0.82774
0.0704412
0.481794
26
0.00920481
0.841185
0.0732364
0.0378238
65
7.33476
0.12143
0.745516
0.0116664
0.248378
30
0.00692988
0.309789
0.0997149
0.410762
11
4.60883
0.140305
0.839676
0.0183625
0.373253
32
0.00324292
0.06986
0.0428447
0.0119663
15
14.897
0.272315
0.814972
0.043649
0.398116
28
0.0055643
0.287121
0.069461
0.32098
69
8.88252
0.0912363
0.909326
0.0958732
0.369251
34
0.00865185
0.998433
0.0557269
0.476198
72
13.5532
0.13918
0.943214
0.0974098
0.0667059
10
0.00427982
0.159211
0.0500952
0.145523
79
8.41868
0.315397
0.799327
0.0941091
0.133851
58
0.00813697
0.619865
0.0106007
0.0696434
57
14.7615
0.312553
0.838097
0.0149201
0.188298
91
0.00824047
0.50986
0.0111794
0.209897
11
10.2458
0.274251
0.800091
0.0550876
0.0463851
3
0.00180513
0.229164
0.0173792
0.276239
19
7.7881
0.0779015
0.801584
0.0213719
0.362866
16
0.0085725
0.554212
0.041044
0.376661
51
6.83716
0.312668
0.997162
0.0914012
0.494758
41
0.00408279
0.331157
0.0891071
0.481911
79
8.66903
0.0985417
0.881203
0.0731639
0.464779
92
0.00691024
0.0739192
0.080226
0.488432
31
14.4057
0.300189
0.992593
0.0640891
0.423163
43
0.0015148
0.702543
0.0208685
0.229107
52
9.58369
0.280299
0.712759
0.0695359
0.028732
55
0.00793829
0.480622
0.0525413
0.128157
19
14.9572
0.386525
0.835324
0.0398209
0.277921
56
0.00303095
0.0589921
0.0811208
0.165685
61
11.9457
0.0729891
0.948033
0.0777335
0.0703729
97
0.00611604
0.81718
0.0964963
0.182239
39
13.321
0.357587
0.892575
0.0835904
0.437976
69
0.000634669
0.544534
0.0848095
0.416639
85
3.13781
0.0852993
0.821578
0.0502242
0.088467
57
0.00298415
0.529604
0.0919856
0.0508831
55
12.1346
0.341432
0.759316
0.0487913
0.279843
15
0.0046281
0.901464
0.0181217
0.352563
44
4.25019
0.0114087
0.794231
0.0994475
0.0430088
51
0.00811303
0.407949
0.0483949
0.329508
2
12.9166
0.0887435
0.899366
0.0164275
0.487023
52
0.00813947
0.790617
0.0605839
0.17525
19
6.42703
0.305879
0.945087
0.0879023
0.462715
4
0.00238883
0.144554
0.0302308
0.280725
36
8.33458
0.221951
0.851982
0.0352922
0.37783
52
0.00467758
0.872274
0.0982447
0.47409
80
6.48495
0.182905
0.95163
0.0407631
0.350967
13
0.0011104
0.36303
0.0619366
0.0751096
16
11.0001
0.137789
0.706006
0.0533755
0.223537
10
0.000420199
0.380727
0.0612992
0.375371
34
4.75243
0.345382
0.704069
0.0600173
0.443224
48
0.00695846
0.640096
0.0862778
0.259402
19
6.72571
0.0901794
0.722825
0.0154235
0.119696
99
0.00530645
0.656246
0.0767146
0.378786
34
4.92886
0.219284
0.758421
0.0508617
0.405505
84
0.00478549
0.918018
0.0510143
0.369235
62
13.1319
0.325226
0.849575
0.0977648
0.336238
20
0.00175308
0.273419
0.0364119
0.195671
52
11.3222
0.127604
0.969293
0.0745546
0.359518
95
0.00134254
0.255753
0.096276
0.499761
54
12.6138
0.336904
0.989456
0.0140145
0.0888286
71
0.00149169
0.703795
0.0824919
0.159238
43
6.87927
0.331904
0.90388
0.0312072
0.319695
40
0.00390003
0.75715
0.0756561
0.230997
90
12.7528
0.14837
0.715919
0.0364851
0.47923
18
0.0019113
0.401842
0.0107833
0.13421
15
13.3091
0.37418
0.734562
0.026566
0.43155
78
0.00166045
0.0411989
0.0162016
0.118332
22
6.02554
0.0955221
0.944201
0.081603
0.226631
44
0.00678584
0.800389
0.0479501
0.417412
62
7.16294
0.0201993
0.854864
0.0962184
0.0259308
41
0.000155599
0.406303
0.0557154
0.395383
33
11.9767
0.134174
0.761187
0.0784995
0.155296
54
0.00687219
0.383586
0.0472572
0.178197
37
9.21019
0.104545
0.968984
0.0762846
0.111053
74
0.00290176
0.453206
0.0447254
0.478207
91
7.02774
0.200157
0.914638
0.0843563
0.418298
32
0.00177861
0.6522
0.0761789
0.140168
37
7.64412
0.063517
0.818047
0.0346093
0.305624
45
0.00797801
0.0178292
0.0355443
0.318778
65
10.8833
0.324374
0.777513
0.0182399
0.0269284
10
0.00381353
0.733979
0.0527217
0.0544778
46
4.73468
0.389202
0.91326
0.0767234
0.414217
47
0.00346592
0.724235
0.066322
0.457434
85
10.1226
0.271009
0.916002
0.0746567
0.275157
39
0.00092072
0.739777
0.0433718
0.069971
69
10.401
0.0743437
0.986994
0.0410148
0.388173
62
0.00362363
0.462016
0.0723314
0.10699
69
11.0749
0.127899
0.991287
0.0235019
0.0388785
25
0.00832312
0.192899
0.084271
0.441957
21
10.1448
0.260067
0.787822
0.037088
0.410294
66
0.00552473
0.672055
0.087664
0.34326
29
6.30244
0.284986
0.940101
0.0819756
0.157913
29
0.00309258
0.973053
0.0317338
0.132393
80
6.10021
0.0716098
0.893988
0.0946303
0.263306
45
0.00969628
0.508571
0.070476
0.366246
79
7.19287
0.336315
0.704784
0.0156155
0.12475
93
0.00576133
0.914089
0.0804035
0.415208
60
13.1184
0.231795
0.806573
0.0952216
0.00742536
50
0.000443781
0.881426
0.0822544
0.0233693
95
7.06208
0.333428
0.906899
0.032318
0.40231
67
0.00320804
0.175723
0.0833017
0.11103
64
13.3479
0.20377
0.795571
0.0794438
0.0972466
50
0.00410106
0.722301
0.0378871
0.45081
48
13.2548
0.0812341
0.957036
0.0841788
0.00982457
86
0.00376574
0.796421
0.0926726
0.147659
37
8.98522
0.0554026
0.738988
0.0945562
0.292411
1
0.00965994
0.111485
0.0821005
0.0485433
46
13.5082
0.264128
0.873788
0.0846639
0.0164345
43
0.00988547
0.340676
0.0697304
0.426665
8
9.61921
0.167259
0.959332
0.0417066
0.30043
50
0.00582965
0.887751
0.0572597
0.0465464
41
11.7367
0.109352
0.7121
0.0579616
0.242911
41
0.0011751
0.850415
0.0408321
0.298652
80
3.50306
0.125303
0.746268
0.0208631
0.0763135
43
0.00560813
0.0385679
0.0486133
0.317085
51
7.52111
0.0569896
0.793484
0.0559152
0.0588299
13
0.000364769
0.813438
0.0198529
0.266937
71
10.0905
0.311751
0.720594
0.0271663
0.0835915
49
0.0083797
0.763085
0.0702154
0.345605
16
10.4628
0.138234
0.901358
0.0826629
0.261436
39
0.00983092
0.522609
0.0297003
0.31789
12
5.0439
0.051017
0.748967
0.0563476
0.264064
6
0.00317202
0.268233
0.0374944
0.279327
83
7.23989
0.249803
0.818896
0.0875441
0.254979
58
0.00917695
0.359253
0.0483229
0.422583
92
3.63682
0.113045
0.844989
0.023964
0.244134
40
0.00087515
0.248809
0.031482
0.243865
100
11.6435
0.180589
0.777931
0.096465
0.0249144
54
0.00451618
0.0566209
0.0496731
0.284939
11
10.7213
0.0146994
0.960723
0.0260449
0.326264
70
0.00224845
0.365372
0.0582858
0.349123
25
9.02196
0.248082
0.769099
0.0404136
0.434246
34
0.00552646
0.715945
0.0599695
0.467938
27
8.95654
0.18859
0.86526
0.0770105
0.133223
76
0.00799518
0.0361851
0.0589338
0.309338
49
13.0535
0.0595778
0.933308
0.0204305
0.40465
32
0.00804391
0.501928
0.0650945
0.034534
5
5.28184
0.108686
0.768034
0.0653573
0.36073
51
0.00454451
0.299451
0.094967
0.444211
28
9.85583
0.334536
0.889288
0.0385376
0.345387
88
0.00207646
0.988274
0.0330663
0.45892
34
9.31347
0.107373
0.738645
0.0823501
0.366699
61
0.00862106
0.0282762
0.0786536
0.209245
62
4.0345
0.304301
0.721853
0.0446779
0.285105
65
0.00284996
0.778233
0.0273814
0.0204932
92
6.27015
0.0585438
0.752315
0.0270362
0.451342
94
0.00268197
0.752861
0.0849108
0.10568
27
5.16355
0.0614107
0.701729
0.0251098
0.266
18
0.00896331
0.00274537
0.0538309
0.130796
2
5.26897
0.195663
0.930854
0.0541834
0.429596
37
0.00942942
0.134847
0.0506118
0.354211
86
8.54239
0.332711
0.972725
0.0922641
0.371039
63
0.00995386
0.45787
0.0738131
0.451583
21
6.17452
0.261384
0.810447
0.0682076
0.228911
53
0.00147696
0.992104
0.0816274
0.484047
14
4.00552
0.292645
0.836658
0.0497979
0.215718
29
0.00365883
0.876374
0.0789737
0.0956249
68
8.82874
0.275551
0.981405
0.0128805
0.315778
28
0.00272868
0.99162
0.0211319
0.374645
76
5.81698
0.347929
0.700362
0.0276653
0.313109
67
0.00473696
0.884762
0.0657782
0.157753
73
4.21947
0.128832
0.935434
0.0382183
0.0106328
14
0.00734504
0.548064
0.0642627
0.274713
95
14.6282
0.334062
0.766536
0.0205776
0.250093
71
0.00676392
0.320051
0.0180231
0.331761
89
7.21537
0.355518
0.816877
0.0342515
0.364737
14
0.00126091
0.261342
0.0593847
0.198345
2
11.2945
0.262707
0.910873
0.0127877
0.244527
14
0.00705159
0.218529
0.0423485
0.294234
47
7.03922
0.211537
0.972151
0.0421033
0.0949215
79
0.000549058
0.558714
0.0872035
0.176048
99
12.4304
0.377262
0.979996
0.0512853
0.482469
70
0.00723469
0.604727
0.0747076
0.263029
82
8.3814
0.0348805
0.949854
0.0464918
0.0927679
6
0.000821722
0.587405
0.0746154
0.409668
88
6.24926
0.382257
0.907829
0.0623536
0.26009
24
0.00858387
0.685389
0.0940062
0.398845
56
3.92308
0.0238103
0.781442
0.0649973
0.226478
2
0.00501538
0.437848
0.0153425
0.347727
26
11.0453
0.394892
0.754954
0.0699878
0.237552
9
0.0086734
0.964022
0.0373162
0.270629
88
8.13504
0.131845
0.994946
0.0110795
0.10676
35
0.00843719
0.839324
0.0975897
0.235336
90
11.1559
0.110609
0.776023
0.0781117
0.157306
47
0.00981904
0.614047
0.0352834
0.441034
3
13.9556
0.259126
0.876436
0.0589049
0.0087197
52
0.00387604
0.178782
0.0242971
0.493396
81
9.25373
0.0265497
0.728538
0.0838877
0.397103
8
0.00124345
0.498901
0.097955
0.294764
30
8.16128
0.329213
0.805223
0.0753389
0.0275907
5
0.00486077
0.628838
0.0685149
0.247368
47
6.00114
0.130411
0.790266
0.0847677
0.441079
82
0.00276639
0.555053
0.0143325
0.357204
99
5.57482
0.3757
0.773306
0.0655146
0.338681
47
0.00571825
0.820088
0.0241784
0.203107
22
9.65421
0.0931923
0.924605
0.0296596
0.350009
99
0.00875197
0.70776
0.029576
0.362082
9
7.89191
0.371701
0.736202
0.0241584
0.354924
91
0.00338896
0.678454
0.0109386
0.489799
17
12.5387
0.0335181
0.723493
0.0857176
0.0153543
60
0.00643843
0.846526
0.0578642
0.218863
12
11.859
0.303111
0.824582
0.0852234
0.128002
38
0.0029394
0.374783
0.0455898
0.0979767
39
5.52783
0.145782
0.89219
0.0387573
0.236673
27
0.00726875
0.582126
0.0201935
0.227144
5
4.80034
0.212098
0.809666
0.0863775
0.108641
84
0.00735894
0.647242
0.0358943
0.151703
43
10.0487
0.358148
0.736482
0.0400613
0.450498
35
0.00899863
0.190416
0.0262063
0.413432
52
14.7311
0.0873363
0.714517
0.061031
0.210083
20
0.00218842
0.601484
0.0779729
0.490415
71
14.4958
0.0921633
0.844633
0.040011
0.0673344
85
0.00161229
0.945477
0.0400332
0.286604
78
3.69766
0.29818
0.710005
0.0873722
0.146331
49
0.000905332
0.421358
0.0451746
0.369324
65
13.2264
0.0262107
0.866778
0.0440183
0.215387
59
0.00168894
0.0906125
0.0277014
0.121839
6
9.39995
0.368597
0.863986
0.0475519
0.178818
96
0.00320998
0.835527
0.0635928
0.323449
9
4.08365
0.187451
0.775535
0.077223
0.143122
9
0.00549405
0.546294
0.0196363
0.260143
98
5.98193
0.276429
0.814122
0.0458112
0.4443
45
0.00448918
0.500689
0.0438257
0.0935166
81
11.0255
0.12197
0.970357
0.0989488
0.476127
22
0.0024238
0.327834
0.0137365
0.393768
99
11.703
0.0823652
0.874334
0.0275556
0.490238
25
0.00259449
0.854358
0.0540473
0.380387
88
12.3769
0.237678
0.933967
0.0547831
0.322684
16
0.00991899
0.774912
0.0101486
0.236441
59
3.95882
0.307531
0.891732
0.0169782
0.144636
15
0.00656565
0.338161
0.0828313
0.0620599
14
10.1846
0.383247
0.745363
0.0356318
0.201454
75
0.00504325
0.995251
0.091295
0.439764
87
8.08884
0.068592
0.819765
0.0595563
0.211304
70
0.00743513
0.953508
0.0211668
0.292212
44
14.6817
0.375921
0.729883
0.0325833
0.34435
89
0.00344564
0.882486
0.0602213
0.397547
93
4.37626
0.0200347
0.929783
0.0742436
0.159121
16
0.00905942
0.713252
0.0858538
0.349885
48
3.72815
0.291189
0.79462
0.0761436
0.328668
24
0.000679886
0.976468
0.0117982
0.421051
22
5.20609
0.372699
0.887181
0.0278803
0.373824
80
0.00373764
0.348549
0.0380948
0.455756
23
7.59135
0.172614
0.926687
0.0740257
0.0174718
54
0.00768992
0.208446
0.0838894
0.142714
43
8.49279
0.10268
0.912143
0.0569529
0.0211551
49
0.00807354
0.630947
0.0851247
0.123146
55
10.2671
0.246706
0.838617
0.0862824
0.463473
42
0.00362896
0.967276
0.0670146
0.450048
67
9.1279
0.201453
0.95415
0.0521194
0.43903
99
0.00051625
0.645937
0.0501985
0.168668
83
8.70017
0.343884
0.955189
0.0372909
0.152304
68
0.00415966
0.267103
0.0175969
0.400603
31
12.1009
0.269794
0.822097
0.0727275
0.16285
73
0.00911944
0.0731295
0.0852879
0.323001
66
11.5909
0.381627
0.718806
0.0756384
0.294998
28
0.000603842
0.99647
0.0129912
0.498894
75
12.5627
0.022437
0.811838
0.0231564
0.113078
68
0.0074721
0.560097
0.0304954
0.178647
2
5.12417
0.197527
0.911139
0.0196224
0.0545656
46
0.00778653
0.795436
0.0750365
0.316177
74
5.42631
0.0465378
0.735468
0.0631715
0.296008
66
0.00356421
0.0184056
0.0227146
0.248571
72
4.33202
0.224823
0.887046
0.0526151
0.114987
18
0.000230766
0.201752
0.0580809
0.377808
25
14.0451
0.0394063
0.967101
0.0423654
0.0500262
77
0.00539855
0.263499
0.0370674
0.324856
45
9.63166
0.320086
0.936029
0.0281909
0.119856
28
0.0025659
0.450564
0.0813373
0.172561
64
5.08706
0.0358681
0.88524
0.0335137
0.340559
92
0.00401057
0.83691
0.0609845
0.301816
76
13.8342
0.0622109
0.836282
0.0321071
0.140531
22
0.0071279
0.164506
0.0283561
0.156883
41
9.23602
0.144904
0.946228
0.0922371
0.100033
28
0.00142934
0.213933
0.0292019
0.0181966
93
5.49874
0.29397
0.86356
0.0584464
0.0933905
23
0.00654669
0.928984
0.0464576
0.433347
12
12.2665
0.194125
0.986366
0.0393432
0.149852
90
0.00565222
0.432532
0.0215526
0.301002
24
8.57974
0.027726
0.834365
0.0919988
0.168968
12
0.00697137
0.0789787
0.0777904
0.328031
96
11.0972
0.296545
0.853952
0.0823828
0.179799
65
0.00222359
0.52737
0.0776141
0.463061
48
13.8801
0.178427
0.791812
0.0538005
0.431017
38
0.000119403
0.74871
0.066518
0.163903
64
4.22572
0.37958
0.743574
0.0912961
0.07465
68
0.00630076
0.829003
0.020386
0.475641
47
13.984
0.247517
0.808335
0.0199775
0.384268
44
0.00563977
0.396499
0.0511016
0.357739
30
8.8646
0.226884
0.858155
0.044461
0.160034
20
0.00952139
0.25408
0.0499264
0.237644
75
3.88383
0.0979621
0.830577
0.013291
0.421477
51
0.0019217
0.584685
0.0890057
0.0215407
32
9.73543
0.164244
0.874957
0.0891813
0.267288
85
0.00115581
0.0520985
0.0164035
0.30622
70
12.9564
0.252696
0.928816
0.0329134
0.344286
32
0.0072482
0.987235
0.0426966
0.0795528
36
9.28058
0.278902
0.862887
0.088742
0.125906
7
0.00974303
0.163058
0.03695
0.0553017
94
7.7759
0.0289387
0.803971
0.0664771
0.428137
29
0.00424299
0.0215104
0.0349664
0.408679
45
12.5031
0.0447353
0.823346
0.0367588
0.258056
26
0.00572629
0.351099
0.0470239
0.402734
25
6.64078
0.255637
0.847014
0.0676601
0.407293
96
0.00233382
0.820484
0.0476663
0.136882
9
3.68196
0.0491102
0.700618
0.0853402
0.455933
15
0.00499483
0.0264005
0.0323374
0.0168412
63
14.5246
0.163443
0.916808
0.0530869
0.354289
91
0.00382652
0.231608
0.0810175
0.288031
85
5.78592
0.300996
0.768719
0.0152926
0.0551931
42
0.00939735
0.495636
0.0142325
0.0799564
40
14.2855
0.107626
0.78806
0.0910045
0.402083
11
0.00417903
0.863697
0.0730953
0.486967
37
4.17867
0.300124
0.879029
0.0233415
0.0734397
63
0.00739788
0.0558599
0.0843536
0.114787
94
6.51185
0.07328
0.941065
0.0332189
0.250828
63
0.0020016
0.871735
0.0140242
0.360019
65
6.78603
0.292356
0.718375
0.0290085
0.446403
60
0.00901849
0.121586
0.0462834
0.0368656
53
14.4459
0.396364
0.740927
0.0876476
0.498281
80
0.00347845
0.243552
0.0192204
0.188413
54
10.3227
0.230255
0.739757
0.0135114
0.0448551
77
0.0047622
0.694136
0.0398456
0.204506
31
4.82808
0.370987
0.770053
0.0338605
0.489855
74
0.00955235
0.741274
0.0708831
0.276955
91
9.86583
0.243984
0.784183
0.065218
0.0473156
35
0.00281696
0.824052
0.0453568
0.0105912
56
4.66515
0.160319
0.837011
0.0716996
0.380532
57
0.0026261
0.536553
0.0430027
0.0510705
1
7.62256
0.117968
0.872803
0.0750506
0.253805
52
0.00802858
0.785781
0.0940845
0.107921
16
12.0669
0.129378
0.761721
0.0779865
0.474728
35
0.00594053
0.68407
0.0488338
0.113568
4
8.95072
0.214611
0.811199
0.0596821
0.230634
81
0.00487222
0.691471
0.0906819
0.329163
40
8.19813
0.28379
0.956036
0.0686704
0.0311412
50
0.00359888
0.565206
0.0441452
0.0903407
97
6.37157
0.310118
0.992241
0.0159088
0.130444
57
0.00720696
0.626611
0.0383876
0.340381
27
11.461
0.0676189
0.923144
0.0105522
0.0817126
11
0.009304
0.0424472
0.0491879
0.00135271
20
13.479
0.0692901
0.833861
0.0249302
0.435929
23
0.000966157
0.659052
0.0131222
0.0685456
6
3.02354
0.386815
0.797269
0.0485907
0.32997
87
0.000987489
0.640811
0.090854
0.160253
7
3.25044
0.34623
0.976149
0.0438247
0.412325
4
0.00271219
0.44234
0.085673
0.298227
30
11.3442
0.390694
0.890626
0.0925273
0.1765
40
0.00405045
0.931018
0.0875756
0.194201
90
11.8874
0.116591
0.737862
0.052369
0.439331
4
0.00100334
0.103103
0.0253703
0.283541
38
7.56658
0.206637
0.977743
0.0635227
0.425947
26
0.00261086
0.679581
0.0586044
0.0563164
13
4.50463
0.302322
0.888817
0.080382
0.0910998
25
0.00351548
0.982772
0.0189004
0.414231
42
5.42019
0.10356
0.990405
0.078361
0.442519
46
0.00113435
0.119551
0.0392444
0.0656538
94
3.06587
0.392706
0.865679
0.0931999
0.05754
21
0.00619893
0.673624
0.0598059
0.0942797
58
10.6743
0.150155
0.89327
0.0292637
0.116061
60
0.00893593
0.943643
0.054534
0.256586
55
12.0013
0.265355
0.952667
0.0859494
0.2818
19
0.00349681
0.59563
0.0126848
0.214569
69
13.6016
0.218563
0.841949
0.0415382
0.0631968
97
0.00325131
0.6502
0.0998809
0.00879946
30
7.7301
0.133156
0.932251
0.0100012
0.299845
46
0.00928236
0.790002
0.0782677
0.130181
6
9.55715
0.339661
0.979466
0.0733276
0.0060629
83
0.00342575
0.0769576
0.0570023
0.384966
77
5.35466
0.211069
0.961634
0.0813909
0.141919
89
0.00173141
0.0824959
0.0835663
0.2069
57
14.6431
0.156721
0.706961
0.0360834
0.326537
84
0.00496206
0.615183
0.0341812
0.370433
6
10.6281
0.135646
0.971691
0.0238364
0.135227
53
0.00279584
0.476503
0.0405197
0.19721
42
5.54721
0.224127
0.974612
0.0615862
0.00312773
96
0.00708331
0.29532
0.0418061
0.254657
10
12.5942
0.162193
0.98915
0.0894498
0.14134
91
0.00138082
0.314193
0.0608896
0.445456
20
3.6113
0.205289
0.779916
0.0754299
0.290944
39
0.0030149
0.591922
0.0128355
0.363478
18
14.177
0.0481015
0.805342
0.0701639
0.0944147
27
0.00682385
0.695184
0.0285579
0.448696
51
13.2034
0.281157
0.988411
0.0744343
0.273851
30
0.000199369
0.335534
0.0773815
0.144407
63
14.0045
0.244804
0.783189
0.0908718
0.185998
67
0.00693538
0.638357
0.075218
0.13634
3
14.3675
0.0653554
0.9788
0.0748439
0.495269
25
0.00110275
0.324404
0.0987267
0.0403554
32
6.97677
0.195295
0.758788
0.0119701
0.488314
72
0.00978759
0.273841
0.0897966
0.240952
56
3.56973
0.23806
0.846194
0.0697222
0.488015
83
0.00278557
0.833547
0.0707699
0.155833
44
9.28899
0.208062
0.965143
0.089804
0.473684
88
0.0092434
0.0322295
0.0839982
0.179938
74
6.22724
0.285587
0.908846
0.0467493
0.480443
92
0.000464015
0.808665
0.0407548
0.0396751
52
10.3786
0.160623
0.727349
0.025671
0.314202
22
0.00765477
0.654332
0.0275058
0.292889
26
12.8808
0.239251
0.960013
0.023026
0.0906804
67
0.00686713
0.127427
0.0933423
0.00470991
77
5.91374
0.263275
0.954281
0.0145601
0.305229
69
0.00183345
0.697716
0.0951769
0.480282
49
12.8943
0.133677
0.710336
0.0768272
0.198907
86
0.00451132
0.729388
0.0266371
0.304452
28
10.9704
0.0160968
0.934522
0.0674607
0.195557
92
0.00252798
0.765148
0.0335296
0.129119
55
14.0775
0.19016
0.850279
0.0984702
0.384083
31
0.00307718
0.759957
0.0546953
0.274095
97
8.65448
0.119807
0.983197
0.0428363
0.122802
94
0.00131287
0.675002
0.0826651
0.0262015
66
6.45408
0.0485073
0.9158
0.0677813
0.0231612
57
0.00394901
0.737961
0.0261252
0.0353807
34
12.0895
0.0995602
0.918779
0.0991219
0.132558
5
0.00336331
0.236072
0.0420891
0.255559
46
7.5593
0.322006
0.993973
0.0535261
0.483186
38
0.000560698
0.664975
0.0681767
0.0922126
38
14.604
0.338731
0.772852
0.0801542
0.34764
16
0.00933578
0.969812
0.0514198
0.0784592
2
12.7942
0.321158
0.75024
0.0935582
0.493872
17
0.00600629
0.332931
0.0438594
0.362439
60
3.09824
0.174249
0.884415
0.0929563
0.297294
85
0.00263806
0.148262
0.0466735
0.070975
81
3.45789
0.0104826
0.749266
0.0287473
0.0147789
87
0.00926246
0.183533
0.0256804
0.024912
55
7.70889
0.0442408
0.742131
0.035838
0.0983819
76
0.00291988
0.17312
0.0788641
0.391505
95
13.0662
0.111268
0.867585
0.0757428
0.436436
82
0.00652674
0.787893
0.0873383
0.492307
66
4.00879
0.309209
0.731771
0.0211923
0.0858887
65
0.00755891
0.669739
0.0520573
0.469713
50
3.45022
0.318533
0.878588
0.0644519
0.0362388
8
0.00202457
0.308241
0.0223293
0.00570043
100
10.8392
0.151578
0.853126
0.0870285
0.162602
27
0.00274683
0.387953
0.0808239
0.0834001
90
5.31941
0.257703
0.708856
0.0477138
0.136817
48
0.00651231
0.984792
0.053308
0.200927
84
4.54099
0.141625
0.870407
0.0949576
0.352853
98
0.000812032
0.129586
0.0248775
0.419302
68
5.10842
0.356226
0.875218
0.051639
0.0186326
53
0.0065877
0.131672
0.0763232
0.340025
67
14.8277
0.384072
0.782987
0.0324333
0.110767
66
0.000324104
0.867199
0.062295
0.0151164
72
6.59004
0.235031
0.951935
0.0244575
0.268305
7
0.00790044
0.47118
0.0860386
0.0419118
35
8.74151
0.169831
0.70824
0.0573526
0.41334
50
0.00870653
0.439428
0.0122488
0.219816
60
10.4336
0.178967
0.996324
0.0796925
0.148888
8
0.00642025
0.342868
0.0425083
0.242987
86
3.17188
0.101282
0.900802
0.0499621
0.29377
19
0.00512684
0.117441
0.0112754
0.390611
18
6.21432
0.265907
0.823985
0.0115679
0.144944
33
0.00591996
0.25346
0.0145172
0.0426574
49
6.35616
0.388588
0.829504
0.0424139
0.2246
56
0.00393713
0.168237
0.0978321
0.430814
70
3.58584
0.350804
0.87612
0.0979539
0.192145
75
0.00524326
0.213196
0.0721735
0.483306
63
10.4644
0.111809
0.802874
0.039572
0.390405
37
0.00761767
0.661229
0.0916132
0.320211
11
6.08418
0.393563
0.977011
0.0112524
0.415355
97
0.00800915
0.770245
0.0380518
0.0523477
36
7.89874
0.227895
0.79225
0.058079
0.183398
78
0.00681103
0.911965
0.017828
0.27757
68
6.15237
0.236661
0.922808
0.0831514
0.0401704
77
0.00156034
0.704668
0.0877727
0.21608
37
10.7457
0.286897
0.781999
0.0185764
0.112373
85
0.00120144
0.612584
0.0344656
0.153291
30
9.83644
0.159625
0.800961
0.0481058
0.166339
10
0.00628313
0.719562
0.0829133
0.343674
52
9.18579
0.18207
0.809246
0.0125077
0.307834
76
0.00543423
0.443851
0.0741999
0.0309033
13
11.9556
0.2934
0.79782
0.0648152
0.116858
81
0.00783989
0.0658972
0.0614366
0.247601
93
8.54898
0.0211077
0.789636
0.0829239
0.324559
54
0.0046365
0.313071
0.0798643
0.312675
6
12.4017
0.231341
0.982005
0.0388827
0.208601
83
0.00971769
0.970591
0.0792985
0.446364
4
4.36517
0.199191
0.93714
0.0900061
0.316663
61
0.00889021
0.893861
0.0420183
0.236608
1
5.47487
0.173692
0.733238
0.0616962
0.164715
9
0.00673009
0.284199
0.0415437
0.0976704
24
10.6962
0.0172799
0.9457
0.0431463
0.409291
31
0.00233761
0.898435
0.0149411
0.226372
11
4.70364
0.363475
0.847605
0.0379442
0.348662
30
0.00916767
0.433941
0.0687739
0.460588
41
4.07366
0.233586
0.930462
0.0557335
0.222404
18
0.00106993
0.251112
0.0366425
0.0134645
87
3.02729
0.0681439
0.838991
0.0608346
0.218146
36
0.00286529
0.0156841
0.0955957
0.38889
49
7.29295
0.176462
0.765135
0.0665308
0.0751929
59
0.000130797
0.385766
0.0317844
0.238835
89
7.30181
0.282802
0.755325
0.0722505
0.417825
90
0.00883578
0.726596
0.0935837
0.0726313
66
14.1242
0.142218
0.880416
0.0850401
0.448213
44
0.00713445
0.230456
0.0252069
0.471876
59
6.91675
0.169964
0.780163
0.0430648
0.39831
11
0.00077738
0.262572
0.0460495
0.496863
63
8.21003
0.342324
0.841204
0.0802692
0.491365
85
0.00048906
0.364926
0.0817797
0.185224
41
11.1279
0.116965
0.866885
0.0137123
0.13965
74
0.00312172
0.78011
0.0921492
0.043408
48
12.4796
0.192501
0.963335
0.0305998
0.0640316
6
0.00781293
0.414438
0.0894551
0.246374
19
6.13222
0.330619
0.966569
0.0247262
0.371486
21
0.00847882
0.207261
0.0386611
0.379476
60
9.70821
0.399383
0.76312
0.0286393
0.125567
31
0.00648775
0.949158
0.0432709
0.217766
59
8.72111
0.252418
0.754295
0.0982771
0.0299435
5
0.00936277
0.0450651
0.0395076
0.418853
13
14.1572
0.217289
0.887923
0.0776285
0.233728
23
0.0072091
0.0487734
0.0567887
0.31162
25
6.71249
0.126328
0.894677
0.0119842
0.283941
98
0.00684531
0.80736
0.0923113
0.253767
76
14.7118
0.120326
0.868049
0.0511614
0.261978
77
0.00820502
0.46712
0.0339889
0.273242
18
8.2427
0.295475
0.772152
0.0186808
0.0796911
2
0.00498451
0.84236
0.0207859
0.150216
61
9.02987
0.155135
0.861176
0.0441066
0.400086
69
0.00841178
0.936468
0.0308577
0.184296
73
7.24872
0.0313269
0.74388
0.0264642
0.301839
39
0.00877457
0.585275
0.0718101
0.406121
17
13.7929
0.142941
0.987756
0.0799781
0.445558
62
0.00998348
0.907986
0.0911746
0.0770934
39
9.68993
0.329016
0.791326
0.0881069
0.375287
2
0.00423809
0.868661
0.0284593
0.436038
96
13.6865
0.174592
0.89509
0.0478213
0.341527
55
0.00816674
0.13997
0.0102777
0.338319
88
7.49742
0.0527906
0.898106
0.071501
0.239683
19
0.00663094
0.445766
0.0896653
0.0839585
60
10.0074
0.0281184
0.901628
0.0965829
0.0326199
25
0.00329049
0.567143
0.033778
0.117558
31
10.1654
0.250613
0.993211
0.0892451
0.0354471
62
0.00136482
0.488598
0.0749792
0.135517
77
5.33904
0.209586
0.85691
0.0413239
0.278478
87
0.00146186
0.243471
0.0615527
0.0662668
7
13.6368
0.0250325
0.997233
0.0339607
0.199777
60
0.00773717
0.959884
0.0649833
0.411821
33
14.3356
0.287775
0.798183
0.0274001
0.00220677
51
0.00519224
0.710316
0.0362539
0.494414
18
4.31545
0.198451
0.857864
0.0943724
0.252073
61
0.00380006
0.436866
0.0364654
0.392667
76
11.1987
0.394025
0.725775
0.063967
0.148028
2
0.00777958
0.490839
0.096931
0.438381
35
12.2243
0.0830285
0.938947
0.0211411
0.456603
54
0.00614436
0.94633
0.0712881
0.358742
28
5.22885
0.115501
0.953531
0.0600828
0.0522368
17
0.0021765
0.0517673
0.0698348
0.313721
57
12.7839
0.216178
0.919654
0.0197604
0.331691
76
0.0096696
0.663682
0.0475422
0.0326688
89
8.59728
0.32283
0.860024
0.0981323
0.381278
97
0.0053498
0.844846
0.0229609
0.354828
92
14.5816
0.268303
0.76601
0.0786357
0.212669
55
0.00403074
0.448863
0.0389496
0.0258501
20
6.99801
0.377402
0.830288
0.0658625
0.197477
17
0.00299082
0.456872
0.0289959
0.102079
25
12.8183
0.264825
0.905545
0.0865322
0.241047
99
0.00665405
0.200435
0.0269336
0.389867
57
4.79772
0.283023
0.70565
0.0972478
0.221342
23
0.000623756
0.194265
0.0660866
0.173681
74
11.9165
0.303996
0.908665
0.0463344
0.37925
23
0.00954357
0.465841
0.0294008
0.00226194
92
4.41081
0.183593
0.760008
0.0908185
0.492566
99
0.00984279
0.237667
0.0171828
0.249663
68
5.15388
0.186621
0.969919
0.0527418
0.167158
87
0.00668115
0.474018
0.0905795
0.230441
32
9.07654
0.0452112
0.790354
0.0344278
0.478018
65
0.00602855
0.0471239
0.0929696
0.335145
81
10.5659
0.13955
0.985617
0.0611602
0.172582
77
0.0086746
0.108307
0.0945319
0.0827173
34
5.00304
0.223313
0.859421
0.0491197
0.0200448
12
0.00333678
0.146418
0.0595696
0.47734
44
13.5328
0.112913
0.978492
0.0570445
0.170079
68
0.00441032
0.783966
0.0442268
0.261855
59
10.9491
0.281763
0.84089
0.0189535
0.311229
71
0.00577379
0.515958
0.0573869
0.214965
67
5.76977
0.205799
0.849014
0.0529648
0.0128204
86
0.00660625
0.09521
0.0351208
0.482265
26
13.0039
0.35899
0.897508
0.0307543
0.306725
26
0.00910735
0.356995
0.0932966
0.0890276
53
13.3997
0.257175
0.877311
0.0901151
0.343106
62
0.00663565
0.520824
0.0584698
0.426069
8
12.1757
0.148042
0.730082
0.0193331
0.37005
73
0.00443554
0.980765
0.0987414
0.412478
39
4.95739
0.156462
0.73753
0.0507541
0.0225779
78
0.0017128
0.736344
0.0868951
0.466461
90
14.3924
0.0772418
0.767297
0.0202225
0.330878
96
0.00750923
0.420395
0.0917927
0.103924
89
11.4269
0.267247
0.931949
0.0672677
0.102582
47
0.00992149
0.305475
0.0495662
0.443332
9
8.44404
0.0434635
0.728715
0.0573364
0.46917
88
0.00247823
0.633908
0.0158002
0.167507
92
3.33886
0.232862
0.947275
0.0953816
0.0536401
76
0.00140612
0.060027
0.0174098
0.0173841
38
9.78607
0.0765743
0.796605
0.0940341
0.138359
24
0.000380291
0.745203
0.0800283
0.288556
78
4.85418
0.380428
0.858769
0.0364324
0.333401
58
0.0022902
0.919221
0.0590823
0.0120367
33
12.7177
0.191138
0.834623
0.0987237
0.466268
75
0.00534626
0.770872
0.0321069
0.0195895
40
11.3627
0.351821
0.938057
0.0725832
0.424247
80
0.00105029
0.682091
0.0991504
0.332919
47
11.2635
0.0562833
0.724645
0.0688191
0.220016
42
0.00122405
0.975717
0.0580076
0.17324
42
9.4109
0.335659
0.788765
0.097505
0.1755
19
0.00212506
0.781898
0.0329788
0.182937
71
10.0206
0.0520162
0.707422
0.067177
0.475368
67
0.00715765
0.609876
0.0758533
0.454921
95
6.53357
0.277484
0.991005
0.0309217
0.249295
57
0.000733247
0.950518
0.0217884
0.427316
6
13.7233
0.296009
0.949302
0.0668715
0.0373338
17
0.00436521
0.459747
0.0225711
0.465543
15
7.68415
0.240659
0.99849
0.0575839
0.321044
43
0.00835796
0.36028
0.0725041
0.224089
84
5.60601
0.387696
0.910233
0.0956121
0.211811
81
0.00710637
0.916057
0.026753
0.0293221
67
3.79403
0.289002
0.742536
0.0773211
0.470287
3
0.00102728
0.369771
0.0190321
0.198907
58
8.28132
0.0805047
0.898882
0.0291812
0.0696544
16
0.00245908
0.0998418
0.0902572
0.399706
27
10.2178
0.37017
0.905715
0.0227656
0.393088
5
0.00514087
0.184586
0.0160007
0.386415
75
14.3156
0.0578607
0.860786
0.0546265
0.106926
98
0.00494206
0.731623
0.0576597
0.162288
42
10.9006
0.123631
0.786884
0.02178
0.332406
9
0.00827539
0.154306
0.0969641
0.394704
7
7.85489
0.0309596
0.886353
0.0253306
0.0715632
30
0.00250502
0.390061
0.0620953
0.453233
88
4.65547
0.17565
0.778839
0.0161677
0.272602
84
0.00852686
0.563634
0.0138391
0.148309
85
7.13972
0.2414
0.879777
0.0333096
0.0133118
84
0.00621828
0.622384
0.0677827
0.120755
38
6.45965
0.327325
0.762275
0.0544319
0.0389685
27
0.0048198
0.4645
0.0864778
0.252126
65
11.2442
0.0658831
0.941986
0.0258611
0.467084
26
0.00639138
0.879074
0.016661
0.0534222
27
11.8196
0.353342
0.850925
0.0314829
0.109504
40
0.00617953
0.69002
0.0534524
0.109076
98
5.63712
0.246114
0.73485
0.0131409
0.44114
33
0.00525394
0.667829
0.0412922
0.28264
84
4.11246
0.364946
0.973329
0.0175908
0.359142
96
0.00156915
0.894476
0.099447
0.373373
54
14.8684
0.158956
0.822922
0.0420162
0.231761
73
0.00646858
0.552102
0.0880675
0.372673
83
6.89353
0.369329
0.726905
0.0833866
0.478402
14
0.00640947
0.592874
0.0845719
0.0737043
82
5.4581
0.154465
0.832275
0.0411949
0.25889
69
0.00196832
0.205366
0.0258563
0.459403
58
12.6795
0.0666168
0.88351
0.048225
0.277056
86
0.000654444
0.803163
0.0668613
0.345014
17
7.12278
0.340331
0.924058
0.0917985
0.0415253
81
0.000496871
0.824689
0.0793172
0.125955
61
5.25218
0.313808
0.929046
0.0567374
0.322206
69
0.00446191
0.417785
0.0148532
0.350572
91
6.61966
0.164578
0.781041
0.0556297
0.12737
82
0.00194288
0.393536
0.0854751
0.133456
42
12.2554
0.356594
0.771574
0.022199
0.28834
39
0.00509623
0.580674
0.0671038
0.302965
53
14.7842
0.0603289
0.751567
0.0374709
0.171601
39
0.00205686
0.289807
0.0559282
0.200208
23
13.1553
0.0412261
0.965607
0.0788686
0.323942
81
0.00459492
0.378743
0.0679696
0.13947
3
9.90766
0.190352
0.833244
0.0223602
0.0342669
38
0.00745079
0.0958404
0.0564425
0.192287
24
3.97976
0.0330194
0.80804
0.0194724
0.189824
100
0.00210215
0.27835
0.0150923
0.334248
51
3.40792
0.086682
0.86886
0.028447
0.177712
48
0.00128874
0.605404
0.0938657
0.371291
34
10.5927
0.360764
0.702386
0.0349715
0.129476
79
0.00438997
0.875711
0.0691877
0.307953
4
8.85324
0.0797444
0.871446
0.0102562
0.00482521
88
0.00948783
0.0657255
0.0219122
0.424788
50
6.32808
0.254273
0.815711
0.0375951
0.449531
33
0.00399161
0.0319373
0.0673276
0.407534
50
13.4274
0.397163
0.784412
0.0313054
0.363795
89
0.00763661
0.589099
0.0531835
0.0868038
69
9.36188
0.0935864
0.717248
0.0535728
0.184215
29
0.00469889
0.927658
0.0947996
0.21666
24
13.5824
0.273258
0.773657
0.0718739
0.298843
45
0.00962018
0.576274
0.0300565
0.143052
43
4.44992
0.136467
0.912305
0.0517997
0.0871736
74
0.00790646
0.410531
0.033242
0.280016
29
9.11775
0.181388
0.871642
0.0384331
0.206539
95
0.00632099
0.0620289
0.075414
0.061071
16
7.36061
0.185328
0.81733
0.0390113
0.45381
17
0.00703481
0.0255096
0.0310886
0.296589
63
9.16723
0.131045
0.748045
0.0604252
0.41952
6
0.00701113
0.687942
0.0118909
0.0672239
71
3.33214
0.330102
0.81274
0.0884908
0.105374
59
0.00608371
0.724559
0.0735017
0.00628582
100
7.94376
0.343347
0.882588
0.0625675
0.338192
13
0.00612935
0.533479
0.0314181
0.382052
50
8.51594
0.316144
0.856617
0.0220394
0.190646
100
0.00527483
0.223899
0.0711957
0.433109
82
8.79356
0.185666
0.962394
0.0552893
0.0566149
92
0.00717835
0.505416
0.0390202
0.468965
20
14.9893
0.124128
0.885761
0.0179148
0.269019
13
0.00853572
0.756218
0.023604
0.464797
72
8.61689
0.349439
0.847727
0.0896112
0.403893
98
0.00414311
0.75059
0.0819605
0.149621
7
12.3262
0.167561
0.770584
0.0454951
0.204068
55
0.00872683
0.303081
0.0666711
0.31472
99
9.0505
0.15343
0.890136
0.061388
0.447146
48
0.00369553
0.397762
0.0653071
0.360899
17
5.94018
0.354463
0.946389
0.0443219
0.193814
7
0.00517017
0.259354
0.0435146
0.0759215
61
9.75989
0.113988
0.896534
0.0450042
0.389696
36
0.00545073
0.792968
0.0385306
0.306568
76
7.3906
0.398647
0.921017
0.049316
0.356053
71
0.000253272
0.322211
0.0264649
0.141619
15
13.9096
0.0502722
0.71171
0.0934586
0.0785944
3
0.00795808
0.504113
0.0654528
0.495028
63
14.4993
0.319236
0.717786
0.099711
0.00169702
1
0.00338188
0.89141
0.0169589
0.106467
91
14.5481
0.385221
0.877669
0.072973
0.229928
73
0.00455873
0.628706
0.0794928
0.452126
68
14.0177
0.397943
0.716562
0.0207968
0.317647
61
0.00391627
0.24668
0.0959223
0.442403
84
9.95602
0.367007
0.881918
0.018036
0.452844
85
0.000582894
0.292025
0.0881491
0.0642923
97
13.6782
0.298712
0.760853
0.0656208
0.0802588
9
0.000312816
0.618733
0.0553084
0.382911
59
4.42313
0.305168
0.753527
0.0215803
0.471624
49
0.00431412
0.954795
0.0154987
0.404014
28
8.92652
0.0863028
0.722271
0.0963152
0.368032
52
0.00505172
0.31932
0.0517651
0.146061
89
13.3752
0.380577
0.914846
0.0593254
0.361675
6
0.00557539
0.941808
0.0326605
0.436274
80
6.86224
0.0722916
0.80631
0.0669251
0.485716
56
0.0062545
0.624571
0.025532
0.268941
47
12.0422
0.267679
0.943861
0.0724054
0.242042
42
0.0058699
0.933125
0.0204932
0.09897
70
3.8472
0.229513
0.769566
0.0298208
0.34669
8
0.0067507
0.41209
0.0797784
0.119325
46
13.9257
0.271568
0.839997
0.0355323
0.484506
24
0.000940854
0.903449
0.0360597
0.0598499
10
4.52688
0.316901
0.724333
0.0706252
0.0196786
59
0.00413917
0.0351719
0.0601836
0.264819
23
14.2202
0.235443
0.987295
0.0554258
0.135801
44
0.0030531
0.171013
0.0214487
0.171348
70
7.09591
0.0411675
0.922431
0.0336122
0.121972
21
0.00767887
0.597536
0.0591585
0.303784
96
10.2764
0.200334
0.72567
0.0630811
0.465823
83
0.00741717
0.772991
0.0765331
0.138713
83
7.95528
0.013165
0.92493
0.062143
0.233168
45
0.00209473
0.13791
0.0638647
0.0284855
44
8.36789
0.314275
0.902784
0.0967913
0.378615
79
0.00432784
0.65701
0.0535741
0.223479
17
3.36596
0.0375931
0.964911
0.0148101
0.189219
64
0.00531863
0.815019
0.020052
0.162904
72
11.6259
0.147211
0.957218
0.0790139
0.247276
53
0.00889246
0.577048
0.0904461
0.0443964
45
12.8608
0.165589
0.799094
0.0484376
0.270082
93
0.00880142
0.41637
0.0238532
0.479784
39
14.7422
0.213107
0.813449
0.0104157
0.0331462
62
0.00634562
0.17528
0.0448512
0.120846
22
12.9746
0.0352081
0.925535
0.0679693
0.104467
37
0.00154528
0.0889325
0.0513017
0.250849
86
5.03925
0.275028
0.820384
0.0810119
0.201844
5
0.000866304
0.889273
0.0973637
0.341673
4
7.8398
0.373411
0.755945
0.0108787
0.0419909
19
0.00541319
0.830462
0.0357374
0.32204
48
10.5289
0.327502
0.870743
0.0708985
0.280508
64
0.0049062
0.00783504
0.0375743
0.428405
33
11.5954
0.204552
0.804599
0.0144651
0.468669
8
0.00188834
0.137723
0.0716623
0.228395
94
6.94959
0.172154
