0.988669
0.0309862
0.105145
92
0.00102005
0.0609156
0.0328909
0.336986
46
0.973923
0.0904489
0.460365
75
0.00144418
0.0827734
0.0168988
0.33527
19
0.9231
0.029769
0.433535
9
0.00311011
0.0550211
0.030658
0.281497
77
0.99442
0.0591464
0.295167
99
0.00570397
0.0299146
0.0192756
0.222413
44
0.953569
0.00187307
0.475193
46
0.00474464
0.073593
0.0487799
0.0829151
86
0.928351
0.0388763
0.0441078
36
0.00526962
0.0179742
0.0230118
0.0678066
33
0.920558
0.0965886
0.219379
17
0.00775987
0.064125
0.0235585
0.296416
2
0.933851
0.0951543
0.480128
100
0.00040101
0.0304613
0.0445476
0.458115
83
0.935749
0.0654058
0.0555117
75
0.00538595
0.0222298
0.0351888
0.493594
50
0.955852
0.0198694
0.329582
47
0.00136854
0.0945504
0.0332597
0.415164
29
0.975402
0.0690674
0.420043
67
0.0022056
0.0392604
0.0280206
0.314622
71
0.903151
0.0706774
0.0925938
37
0.00664231
0.0797143
0.0432764
0.302256
89
0.979254
0.00819984
0.330208
26
0.00811367
0.0466753
0.032483
0.00177656
3
0.93286
0.0216103
0.00438483
21
0.00965972
0.0580601
0.0447223
0.218755
73
0.947662
0.0737568
0.281095
87
0.00289847
0.00765903
0.0377759
0.317678
95
0.921337
0.0475253
0.157522
59
0.000344412
0.0365096
0.020007
0.21473
27
0.90864
0.0822681
0.179024
57
0.000830701
0.0759982
0.0107838
0.341478
49
0.930328
0.0742848
0.272137
96
0.00787255
0.0976381
0.0205734
0.16473
55
0.942444
0.0844613
0.440288
76
0.00992479
0.0459799
0.0180676
0.411576
81
0.916946
0.0534155
0.23454
14
0.00600746
0.0877783
0.0330078
0.0706031
11
0.97904
0.0175091
0.0321806
86
0.00519254
0.0634878
0.0430135
0.20678
95
0.948435
0.0793835
0.142506
42
0.00606645
0.0551303
0.0405602
0.0456726
24
0.954188
0.076734
0.226331
4
0.00421784
0.06603
0.0188514
0.0126712
17
0.980557
0.0812899
0.146442
43
0.00467577
0.0280658
0.0371713
0.10901
60
0.914693
0.0665503
0.403896
98
0.0040701
0.0499517
0.0275601
0.15079
42
0.967813
0.0671471
0.247408
40
0.00301619
0.0126593
0.0100576
0.10597
66
0.904576
0.0314852
0.192691
32
0.00552578
0.0677446
0.0184493
0.225351
28
0.930887
0.0599493
0.0376496
34
0.000262857
0.0856866
0.0245484
0.386747
78
0.90852
0.0896196
0.196482
69
0.00246776
0.0447485
0.0347836
0.0625794
52
0.976316
0.0906763
0.162309
56
0.00452487
0.0535926
0.0287273
0.26131
81
0.938616
0.00611229
0.385423
20
0.00223276
0.0931367
0.0139947
0.279457
48
0.972494
0.0348884
0.285873
64
0.00328318
0.0934591
0.0215377
0.285506
90
0.956868
0.0836002
0.0706586
37
0.00577531
0.040341
0.0175917
0.13944
15
0.910115
0.0212236
0.3374
63
0.000569382
0.0573179
0.0113961
0.499053
32
0.969866
0.0815351
0.128376
64
0.00769702
0.0383038
0.0177875
0.0253511
46
0.998393
0.0285677
0.131617
73
0.00931949
0.0962886
0.0341615
0.202932
6
0.97749
0.0652428
0.360572
88
0.00868842
0.0689379
0.0105085
0.158523
56
0.983676
0.0790027
0.0132199
7
0.00154714
0.0861884
0.0386524
0.0204735
58
0.909897
0.0266922
0.499027
73
0.000185731
0.042169
0.03016
0.177609
8
0.928692
0.00402589
0.389414
69
0.00514123
0.0819625
0.0170605
0.0599559
91
0.950384
0.00117493
0.165607
34
0.00118134
0.00168025
0.0258351
0.233957
77
0.917903
0.014763
0.0077098
48
0.00648814
0.0185928
0.0427037
0.406128
12
0.966715
0.0271506
0.138086
1
0.00979258
0.0667208
0.0459056
0.381695
83
0.936552
0.0201514
0.400075
49
0.00535442
0.0414012
0.0416023
0.475833
34
0.95142
0.0879181
0.407918
59
0.00629029
0.0368476
0.0140511
0.189949
99
0.998122
0.00796948
0.267613
83
0.00428886
0.0902271
0.0368578
0.244627
79
0.947281
0.0512633
0.487425
88
0.00905404
0.0624845
0.0464007
0.255417
21
0.901828
0.0116763
0.133615
95
0.00379624
0.088253
0.0241446
0.417133
59
0.944929
0.0516239
0.436697
80
0.00958757
0.0326155
0.041874
0.00365459
45
0.917377
0.0404412
0.444693
20
0.00899143
0.090011
0.0491707
0.194857
35
0.973566
0.0394125
0.303421
32
0.00750505
0.0793195
0.021903
0.427501
71
0.997114
0.0561566
0.310112
28
0.00591639
0.0613281
0.0366398
0.44905
16
0.934376
0.0916083
0.176178
91
0.000736448
0.0563869
0.0159195
0.0467866
9
0.939955
0.0886969
0.423363
4
0.000127594
0.0538127
0.0414346
0.0750319
73
0.925036
0.0427902
0.369565
90
0.00836409
0.0711151
0.0271064
0.471105
2
0.965412
0.0161627
0.432921
9
0.00796626
0.0275372
0.0252089
0.14067
65
0.979953
0.0245184
0.237705
65
0.00445585
0.011472
0.0285506
0.0147949
29
0.986622
0.0547258
0.451241
40
0.00269577
0.0480971
0.0108263
0.267457
85
0.977217
0.0991468
0.10999
41
0.00891567
0.0729079
0.0313555
0.0387312
38
0.966585
0.0583127
0.322765
44
0.00496912
0.0749006
0.0422299
0.492427
75
0.931152
0.0503373
0.201649
27
0.00717836
0.0066661
0.0148419
0.39983
34
0.991606
0.0225905
0.351881
35
0.00911231
0.0168299
0.0468139
0.439438
41
0.925596
0.0303268
0.463751
77
0.00358855
0.0703696
0.0135298
0.160746
68
0.905069
0.097939
0.0658708
81
0.00986159
0.0891392
0.0268925
0.426288
30
0.961179
0.0445296
0.211559
6
0.000451498
0.00715368
0.0174192
0.442603
78
0.983866
0.057803
0.478694
51
0.00447862
0.0376531
0.0295379
0.309615
4
0.942152
0.0457827
0.254887
61
0.00937652
0.0872013
0.0117981
0.488514
57
0.946484
0.0764747
0.0364715
16
0.00999181
0.0722354
0.0376482
0.18079
47
0.93313
0.0981777
0.068123
89
0.00723718
0.00419906
0.0438369
0.0507258
25
0.960258
0.0486403
0.262236
97
0.00590221
0.0992124
0.0461615
0.155484
91
0.929406
0.0867093
0.345364
39
0.00282214
0.0601823
0.0388318
0.111011
11
0.992104
0.0409457
0.359154
94
0.00402624
0.0623035
0.0477546
0.231568
93
0.964109
0.085473
0.483648
60
0.0086609
0.0768275
0.0411075
0.45548
54
0.915757
0.080141
0.16997
24
0.0022839
0.0427597
0.0236543
0.0941937
24
0.911565
0.0466263
0.124863
58
0.00686125
0.045805
0.0239507
0.134615
96
0.914056
0.0776131
0.0758075
82
0.00256432
0.0272096
0.0126239
0.484195
12
0.950007
0.0186612
0.394959
54
0.00744113
0.0440764
0.0475018
0.482346
69
0.96197
0.0325791
0.0862759
3
0.00635335
0.0950973
0.039654
0.329696
4
0.912533
0.0608596
0.427403
79
0.00661537
0.0406699
0.0121927
0.169244
76
0.990564
0.0752894
0.353431
18
0.00461017
0.0754741
0.0297358
0.369859
31
0.940276
0.00245865
0.114932
78
0.00212104
0.0331713
0.039474
0.35703
62
0.952677
0.0170315
0.258741
76
0.00365028
0.0348777
0.0223889
0.184915
57
0.990277
0.0292565
0.45876
68
0.00317715
0.0437415
0.0150721
0.040143
39
0.95326
0.0995857
0.15132
26
0.00756255
0.0585346
0.0342963
0.463595
70
0.902542
0.0524185
0.0150716
85
0.00323953
0.0202295
0.0157866
0.120621
85
0.919046
0.00431609
0.37147
23
0.00377243
0.0568708
0.0357394
0.323702
26
0.935283
0.027422
0.0875718
8
0.00267315
0.0911888
0.0353568
0.38576
22
0.981863
0.0156293
0.302312
62
0.0019001
0.0195371
0.0433591
0.461245
23
0.910986
0.0369651
0.216628
39
0.00398853
0.0517813
0.0277851
0.287705
40
0.996816
0.0331936
0.148767
70
0.00163018
0.0132078
0.0403499
0.291446
96
0.944648
0.0941801
0.223111
66
0.00650797
0.0266868
0.0336998
0.115308
5
0.993338
0.0531064
0.206083
85
0.00714573
0.0288948
0.0472325
0.0856733
84
0.955296
0.0730553
0.31492
90
0.0092684
0.0914861
0.0194259
0.422588
19
0.913198
0.0757686
0.374373
22
0.00126307
0.00999547
0.0359072
0.352054
22
0.992437
0.0343534
0.170344
74
0.00173588
0.0982447
0.0303432
0.0867867
64
0.959897
0.0621573
0.341192
12
0.00130826
0.0497494
0.0256541
0.0932757
65
0.995872
0.0500417
0.18187
12
0.00803801
0.0802099
0.0381738
0.00881513
36
0.927366
0.0433923
0.0812135
15
0.00696364
0.0307519
0.0339952
0.102196
74
0.971154
0.096937
0.0489064
45
0.0064145
0.0172589
0.0251767
0.377908
69
0.937049
0.0641577
0.0990403
37
0.00155221
0.00931734
0.0485045
0.125782
59
0.968047
0.0490085
0.183972
57
0.00176396
0.0656563
0.0383415
0.239151
51
0.907049
0.0359405
0.37692
52
0.00238401
0.0811551
0.0319426
0.270554
100
0.92014
0.0229162
0.263793
87
0.00201502
0.0117342
0.0322395
0.0789041
88
0.926772
0.061501
0.0285993
29
0.00581493
0.0486611
0.0316716
0.241008
74
0.959184
0.000717136
0.251451
54
0.00879379
0.0248435
0.0441997
0.129156
26
0.923984
0.00985111
0.392733
41
0.000907679
0.0671116
0.0210398
0.409177
87
0.965111
0.0386539
0.103015
31
0.00788922
0.0241088
0.0165509
0.171886
43
0.985918
0.0122974
0.199461
16
0.00729936
0.0959932
0.0130371
0.479421
10
0.985427
0.0635652
0.347652
71
0.00350536
0.0240274
0.0482948
0.346278
92
0.913738
0.0572225
0.154738
5
0.00886491
0.0592782
0.0349793
0.148446
94
0.957921
0.0365627
0.231411
2
0.00488991
0.0510624
0.0495479
0.0534101
9
0.973011
0.0339316
0.057746
81
0.00917316
0.0475946
0.0197141
0.274716
97
0.903336
0.0251343
0.110625
11
0.0025034
0.0359142
0.0232308
0.0196104
6
0.958583
0.0939676
0.410107
50
0.00823903
0.00862519
0.0134401
0.355732
82
0.956277
0.0686876
0.335995
45
0.00612449
0.0192691
0.0260631
0.348279
13
0.948913
0.0827413
0.492851
53
0.00848211
0.0145864
0.0439491
0.203719
88
0.96215
0.0924513
0.207859
25
0.000776992
0.0318066
0.0143168
0.144758
15
0.988391
0.0722513
0.306739
7
0.00371554
0.074008
0.0363106
0.432284
30
0.989752
0.00734332
0.496358
51
0.00856806
0.0107771
0.0498397
0.211941
1
0.926257
0.00560383
0.319974
24
0.00416157
0.0832396
0.0227531
0.321124
67
0.987462
0.0375541
0.227499
71
0.00848153
0.00145085
0.0147398
0.117138
98
0.952119
0.0603292
0.0517205
48
0.00295245
0.00468328
0.0392547
0.363709
63
0.919169
0.0848609
0.000917699
72
0.00545369
0.0136678
0.0451908
0.435281
37
0.971786
0.0239701
0.0235101
97
0.0056405
0.0231402
0.0120062
0.374263
37
0.995137
0.00910698
0.243639
83
0.00103764
0.021968
0.0453189
0.332327
80
0.931993
0.0694871
0.0192544
33
0.00480694
0.0394222
0.0154425
0.0986884
7
0.900192
0.0144488
0.292913
94
0.00672773
0.0993976
0.0265217
0.312369
56
0.906356
0.0138624
0.297384
10
0.00339541
0.0260035
0.0282338
0.372238
87
0.962703
0.0418881
0.277057
44
0.00510009
0.0692327
0.0407426
0.0279847
93
0.984717
0.0627712
0.242756
30
0.00501939
0.0837303
0.0456936
0.299229
50
0.900848
0.0192745
0.0233612
29
0.00183954
0.0784476
0.0467805
0.443426
42
0.942993
0.0713528
0.473234
49
0.00945717
0.00621795
0.0480865
0.393873
61
0.96895
0.0542821
0.0609589
30
0.000688376
0.0523783
0.0373713
0.252787
53
0.981693
0.095897
0.365616
22
0.00387108
0.0340633
0.0310883
0.175333
47
0.905573
0.0782337
0.287631
11
0.00818275
0.0845184
0.0185627
0.064055
20
0.970534
0.0864971
0.0943295
79
0.00280477
0.00305944
0.0207643
0.22787
14
0.978137
0.0426375
0.456542
55
0.00677201
0.0334544
0.0249016
0.247243
72
0.97506
0.0883277
0.0429212
61
0.00741678
0.0772249
0.0212106
0.306014
20
0.946036
0.0928975
0.381814
3
0.00709464
0.0970048
0.0294571
0.266163
18
0.907375
0.0555699
0.413968
15
0.00702113
0.0529779
0.0128077
0.0321669
53
0.937946
0.0104877
0.0782797
92
0.00967624
0.0153398
0.0422971
0.450882
99
0.916036
0.0452306
0.274069
55
0.00763563
0.0781961
0.0265511
0.401962
36
0.941013
0.0678646
0.188549
66
0.00617503
0.00268123
0.0492121
0.197476
61
0.963383
0.00496661
0.118297
96
0.000544312
0.0056161
0.0220053
0.468491
64
0.939595
0.0255067
0.32464
93
0.00436547
0.021459
0.0401263
0.131939
43
0.982647
0.0132024
0.448694
13
0.0011167
0.0646409
0.0111299
0.0336175
16
0.9442
0.0713664
0.419466
63
0.00345207
0.0848405
0.0162274
0.361448
33
0.921968
0.0111402
0.397872
19
0.00198
0.070294
0.0291314
0.259394
51
0.99373
0.00312578
0.467681
84
0.00829797
0.0921624
0.0203655
0.19091
67
0.923168
0.0471808
0.123114
18
0.00953261
0.0159864
0.0309131
0.392733
41
