0.845584
0.0657082
0.00936737
136
0.00328193
0.00768903
0.0976457
0.3812
81
0.968513
0.0885301
0.00438462
129
0.00232936
0.00362404
0.0240512
0.192599
18
0.941011
0.025896
0.0062146
137
0.0119485
0.00802699
0.0564619
0.0229151
35
0.936285
0.0948225
0.00766655
116
0.0160242
0.00119814
0.043203
0.412306
94
0.926509
0.179021
0.00737228
32
0.0167507
0.00862637
0.0707028
0.0617336
46
0.888476
0.174334
0.00277414
38
0.0193384
0.00259941
0.0841398
0.41793
33
0.978806
0.084607
0.00330855
148
0.01268
0.00474815
0.0858166
0.0522683
93
0.876424
0.026434
0.00605139
92
0.00466442
0.00780265
0.0791836
0.0508597
60
0.807523
0.0890002
0.00702429
12
0.00695918
0.00754743
0.0863069
0.209974
37
0.872589
0.0291674
0.00601966
110
0.00764842
0.00777931
0.0665875
0.0242615
71
0.944886
0.168447
0.00584779
48
0.00567905
0.0013919
0.0381899
0.122937
76
0.972986
0.174877
0.00346062
79
0.0152066
0.00882858
0.0724063
0.109075
11
0.893816
0.0171302
0.00255874
79
0.00584364
0.000106449
0.080957
0.10474
85
0.976042
0.161591
0.00253173
21
0.0166658
0.00908749
0.0551941
0.469054
15
0.920693
0.0621608
0.00660718
69
0.0161413
0.00345597
0.0606832
0.344989
2
0.980248
0.175914
0.00293375
112
0.0194198
0.00678662
0.038631
0.321555
51
0.85455
0.117802
0.00533597
41
0.0103788
0.00694917
0.0360715
0.357845
41
0.990078
0.0601066
0.00536379
106
0.00446584
0.00937165
0.0539377
0.459773
75
0.82639
0.0856401
0.00250733
122
0.0187771
0.00818696
0.0427121
0.0169858
58
0.894313
0.188853
0.00580228
44
0.00351155
0.00887816
0.0291728
0.00777376
92
0.989136
0.0469178
0.00174456
111
0.0194549
0.00671142
0.0412655
0.25121
43
0.911988
0.113309
0.00540272
139
0.00796214
0.00415289
0.0234006
0.284043
71
0.86059
0.144031
0.00824393
59
0.0026396
0.000870946
0.0970957
0.0294041
21
0.894867
0.120732
0.00305468
121
0.0113569
0.00148878
0.0192307
0.320907
21
0.827884
0.176462
0.00634274
42
0.00817302
0.00926672
0.0584158
0.360414
95
0.957101
0.0676527
0.00684168
80
0.0149105
0.0036624
0.0861345
0.0265964
7
0.928342
0.0791684
0.00310211
131
0.00402849
0.000176081
0.0206468
0.286168
13
0.88602
0.0984962
0.00833095
113
0.0163866
0.00394954
0.0753966
0.0816439
68
0.971962
0.141357
0.00933
20
0.00997351
0.00830663
0.0191102
0.363767
8
0.812725
0.034353
0.00657881
121
0.011438
0.00857308
0.0972125
0.0334353
54
0.832809
0.133098
0.00156321
61
0.0133053
0.00117766
0.0647619
0.0851893
45
0.809672
0.194245
0.00873094
144
0.0122448
0.00617544
0.0173315
0.253678
84
0.971485
0.108525
0.0097634
100
0.0126289
0.0025766
0.0260715
0.215784
70
0.965217
0.147255
0.00647912
49
0.00579105
0.00864447
0.0102471
0.107959
78
0.955728
0.0952142
0.0065598
112
0.00853728
0.00716126
0.048564
0.172209
8
0.903283
0.0890741
0.00730328
125
0.00963048
0.00133416
0.0829424
0.271395
19
0.862394
0.123923
0.0080757
79
0.00526216
0.00170894
0.0932732
0.496409
15
0.937437
0.164177
0.00864528
111
0.0193559
0.00224878
0.0357344
0.218543
71
0.804657
0.103007
0.00362542
71
0.0128958
0.00851218
0.0635297
0.313574
74
0.867141
0.195586
0.00529351
84
0.0106812
0.000188044
0.0802178
0.223704
47
0.819215
0.0117424
0.00492226
74
0.00777371
0.00932472
0.0875733
0.235847
44
0.922697
0.0741132
0.00804907
8
0.0169921
0.00955459
0.0883452
0.420393
51
0.843552
0.171775
0.00744161
17
0.00617283
0.00752599
0.0545548
0.317975
54
0.903481
0.181458
0.00104969
140
0.0120137
0.00713391
0.0698103
0.323212
30
0.901965
0.0385724
0.00926892
10
0.0139016
0.0086889
0.0465539
0.391512
62
0.952325
0.0434379
0.00428143
75
0.0199934
0.00142091
0.0999769
0.0343164
49
0.886623
0.159327
0.00779938
105
0.0114942
0.000529906
0.0943615
0.158514
75
0.947834
0.134831
0.00490504
20
0.00493481
0.00582586
0.0686725
0.259482
97
0.944438
0.0123528
0.00812777
35
0.00542159
0.00982481
0.0571494
0.137161
25
0.905506
0.0522042
0.0089274
78
0.00164455
0.00247937
0.0407311
0.478938
36
0.849925
0.125013
0.00910548
53
0.00670948
0.00480775
0.0835759
0.290403
89
0.935658
0.0182165
0.0084896
5
0.00499167
0.00673618
0.0832089
0.356672
62
0.825379
0.142485
0.00461824
69
0.016236
0.00592679
0.0500563
0.276918
97
0.899169
0.0728723
0.0074757
97
0.0075884
0.00516236
0.0808892
0.298447
15
0.838702
0.0393292
0.00202326
101
0.013981
0.00764453
0.0880085
0.18883
76
0.816832
0.0188768
0.009257
98
0.00515424
0.00528234
0.0916033
0.147962
2
0.861025
0.118806
0.00453406
32
0.0198324
0.00805287
0.0679029
0.301784
16
0.949991
0.0962527
0.00360225
17
0.0159412
0.00820745
0.0935688
0.434941
83
0.915278
0.0219369
0.00769665
63
0.018687
0.00841072
0.0687824
0.201419
63
0.836286
0.0643896
0.00393601
40
0.0104241
0.00647893
0.0718284
0.175797
18
0.950859
0.108857
0.00834418
57
0.00794866
0.00688444
0.0910688
0.439389
40
0.934995
0.131509
0.0077598
108
0.0124216
0.00887014
0.0129507
0.254913
99
0.852394
0.059562
0.00279378
35
0.0199134
0.00291659
0.0736736
0.385253
90
0.925627
0.190418
0.00813674
138
0.0177682
0.00075886
0.0222887
0.174074
98
0.904409
0.0832893
0.00448761
141
0.0157637
0.00762373
0.0441798
0.325145
79
0.986426
0.12854
0.00745223
127
0.00922474
0.008932
0.0257421
0.0804269
70
0.836955
0.0873111
0.00562605
115
0.00811719
0.00915698
0.0849199
0.396499
23
0.949349
0.177301
0.00272214
18
0.0184923
0.00846017
0.0119116
0.0431337
85
0.928799
0.0229329
0.00619547
91
0.00872421
0.000821848
0.0216311
0.252183
5
0.985368
0.0150218
0.00197077
41
0.0179841
0.00775334
0.0510698
0.0397055
84
0.997837
0.173303
0.00612244
138
0.00978336
0.00719811
0.0101489
0.0363027
36
0.932177
0.0761918
0.00919899
144
0.0137082
0.00960654
0.032853
0.436748
76
0.914249
0.0440034
0.00566498
19
0.00142291
0.00736186
0.0189798
0.150119
39
0.85321
0.022555
0.00376841
138
0.0132135
0.00489608
0.0124095
0.326122
78
0.84426
0.0165044
0.00231121
135
0.00630571
0.00696133
0.0816714
0.272468
95
0.99357
0.0561613
0.00500793
102
0.0095346
0.00615667
0.0201213
0.477576
88
0.979821
0.162652
0.00609416
13
0.0132672
0.00534412
0.0554678
0.446785
31
0.908705
0.183527
0.00365235
93
0.0145578
0.00992002
0.0766568
0.378706
71
0.945806
0.157048
0.00790036
104
0.0116082
0.00229364
0.038915
0.0318724
85
0.827228
0.0558865
0.00436872
83
0.0157379
0.00521865
0.0913641
0.108952
45
0.807037
0.0463345
0.00269329
7
0.00561027
0.000803572
0.0153751
0.358965
6
0.974188
0.0351982
0.00707944
134
0.0152297
0.00579642
0.0993154
0.0493245
74
0.870116
0.134488
0.00302563
64
0.017714
0.00223143
0.0757021
0.395025
12
0.993905
0.152056
0.00525729
73
0.0180504
0.00743722
0.0506224
0.152919
17
0.881812
0.127516
0.00475169
85
0.0195426
0.000913421
0.0814658
0.291247
8
0.88697
0.143445
0.00314014
140
0.012115
0.000669207
0.0154502
0.10629
3
0.849365
0.0789883
0.00458251
145
0.00271175
0.00305513
0.0106012
0.240421
86
0.918936
0.0528605
0.00713225
97
0.00121037
0.00774231
0.0518247
0.0790333
82
0.842394
0.017751
0.00195272
78
0.00837554
0.00665365
0.0593018
0.460591
55
0.801559
0.0744769
0.00990699
29
0.00170547
0.00974548
0.0175039
0.375997
52
0.931363
0.0836747
0.00888728
114
0.0104668
0.00448081
0.0181833
0.219129
87
0.961596
0.119434
0.00314214
11
0.0128464
0.0037675
0.0513574
0.404235
80
0.877844
0.166799
0.00780528
144
0.0117355
0.0087116
0.0289361
0.148957
51
0.957714
0.0223333
0.00954301
15
0.00445685
0.00600143
0.0148958
0.114074
16
0.805091
0.110938
0.00876509
100
0.0108172
0.00256372
0.0526282
0.102618
79
0.951722
0.0585747
0.00998558
27
0.00787025
0.00127331
0.0249432
0.3936
32
0.946438
0.196256
0.00716324
28
0.0158726
0.0050621
0.0794382
0.131571
50
0.904064
0.159731
0.00474231
68
0.00375992
0.00981334
0.0391424
0.00344395
19
0.906602
0.19095
0.00321646
65
0.0065762
0.00509523
0.0657712
0.230607
98
0.881379
0.0994669
0.00239004
15
0.00546919
0.00160544
0.0263088
0.305261
77
0.892268
0.124556
0.00963952
83
0.0133253
0.00184156
0.0660623
0.156826
73
0.906254
0.166228
0.00685471
55
0.0123641
0.00253856
0.0637079
0.229263
38
0.979359
0.136563
0.00296578
44
0.0148583
0.0050019
0.0373728
0.248105
18
0.81135
0.033198
0.00560039
31
0.00890757
0.00530166
0.0827257
0.231813
95
0.929017
0.11801
0.00821649
45
0.00615011
0.00572305
0.0938429
0.46672
97
0.992809
0.157172
0.00226949
146
0.0172222
0.00173802
0.0921748
0.43321
51
0.967243
0.148247
0.00186625
29
0.0142857
0.00177206
0.0532345
0.212851
84
0.911822
0.0840958
0.00461697
85
0.00196739
0.00922683
0.0270646
0.00586742
33
0.909833
0.0298228
0.00733295
93
0.0121699
0.00995038
0.0705933
0.0157375
25
0.834841
0.0455084
0.00616999
92
0.00652124
0.00241013
0.0674042
0.376418
69
0.847087
0.0478473
0.00646725
6
0.011007
0.00110502
0.0449462
0.445241
2
0.817781
0.0505833
0.00759992
92
0.0136827
0.00339927
0.0681946
0.00165144
20
0.896435
0.152263
0.00349473
78
0.00259361
0.00626328
0.0668899
0.0184532
46
0.882792
0.186783
0.00700909
57
0.00894364
0.00214688
0.092752
0.349677
54
0.898167
0.104477
0.00110457
133
0.0119437
0.00871425
0.0267037
0.258765
91
0.941814
0.0148573
0.00561954
131
0.0165592
0.00586447
0.0501723
0.165724
26
0.933026
0.0413102
0.00757703
49
0.00205804
0.00190391
0.0603593
0.370969
27
0.913376
0.138462
0.00516641
128
0.00109837
0.00164248
0.0398228
0.403403
18
0.868131
0.0361023
0.00987593
81
0.0160003
0.00381122
0.0748062
0.054997
85
0.940196
0.138223
0.00951057
94
0.00566334
0.00826758
0.0199062
0.335754
61
0.856317
0.167141
0.00511344
34
0.0108896
0.00967215
0.0980048
0.289933
33
0.9573
0.132421
0.00885795
48
0.00722808
0.00627869
0.0314083
0.309823
73
0.839084
0.0642408
0.0099713
58
0.0135103
0.00253135
0.0179334
0.0948333
4
0.895514
0.0490464
0.00992799
11
0.0176574
0.00848603
0.0323271
0.342821
64
0.919552
0.191466
0.00844356
135
0.0128002
0.00261906
0.0524175
0.331919
53
0.959143
0.125162
0.00884632
121
0.00431867
0.00313591
0.0108023
0.0938625
23
0.852748
0.148418
0.00261957
30
0.00646145
0.0052493
0.0177099
0.246056
4
0.871757
0.188557
0.00584174
37
0.00905182
0.00548572
0.0337842
0.365898
82
0.850576
0.0132409
0.00398045
45
0.0148796
0.00302732
0.0137963
0.17936
86
0.916149
0.140732
0.00212497
62
0.00826546
0.00812948
0.0902038
0.116374
22
0.84281
0.095797
0.00668635
107
0.00975204
0.00854341
0.0342587
0.187759
61
0.805694
0.160185
0.00369181
91
0.00875408
0.00829631
0.0271748
0.233233
27
0.977847
0.11055
0.0017575
82
0.0152928
0.00268145
0.0566325
0.490845
89
0.807815
0.17768
0.00681733
117
0.0190812
0.000652337
0.0254894
0.324254
92
0.89699
0.0973917
0.00627437
119
0.0125599
0.00396789
0.0353555
0.354723
57
0.846815
0.0119562
0.00582046
42
0.016431
0.00462468
0.0515475
0.0176146
87
0.8894
0.054563
0.00982593
113
0.0164673
0.0040476
0.0363873
0.265527
47
0.86862
0.0406755
0.00454725
19
0.0073727
0.003595
0.0580473
0.453285
42
0.850175
0.019634
0.00739182
138
0.0117957
0.00273945
0.0732189
0.383012
97
0.951373
0.0861606
0.007364
62
0.00929601
0.00407078
0.0318772
0.463038
50
0.939293
0.10386
0.00756022
51
0.00360991
0.00380114
0.0931404
0.340104
24
0.980775
0.112527
0.00417474
125
0.0172314
0.00630672
0.0157143
0.334338
14
0.862587
0.175302
0.00311943
113
0.0171652
0.00512244
0.0459451
0.181877
48
0.987246
0.196866
0.00802696
89
0.019613
0.00746634
0.0627645
0.211483
1
0.874649
0.100872
0.00788577
6
0.00709645
0.00905581
0.0122888
0.197403
88
0.912492
0.0877307
0.00130609
98
0.00596196
0.00398977
0.0393241
0.31672
40
0.824673
0.0914497
0.00401521
72
0.00495448
0.00371337
0.0210722
0.260182
38
0.955305
0.0159021
0.00234503
51
0.017272
0.0033565
0.0447022
0.0575934
91
0.974553
0.165878
0.00163055
8
0.0158337
0.00275523
0.0477915
0.101721
13
0.955047
0.129989
0.00396659
16
0.0127695
0.00502846
0.0580801
0.0730191
94
0.829771
0.044797
0.00132556
21
0.0174315
0.00873898
0.0284955
0.0219438
55
0.982538
0.135863
0.00912962
88
0.00750697
0.00300231
0.0462873
0.387399
98
0.917045
0.0683255
0.00922432
44
0.0143164
0.00272549
0.0981727
0.153056
69
0.813885
0.127287
0.00526938
118
0.00278273
0.0087738
0.0344021
0.402962
16
0.887875
0.0787248
0.00906022
91
0.0186334
0.00924225
0.0469858
0.244056
65
0.860436
0.193133
0.00183701
105
0.00775262
0.000884083
0.0542847
0.347709
95
0.834265
0.189921
0.00424112
37
0.0109578
0.00929735
0.0870171
0.142584
70
0.890868
0.0391885
0.00897819
34
0.0192567
0.00156245
0.0674774
0.051159
42
0.866148
0.182492
0.00399299
20
0.00457703
0.00449654
0.0555803
0.2252
20
0.939419
0.0104385
0.00172617
95
0.00578237
0.0010776
0.0703922
0.103299
58
0.824123
0.0514482
0.00928417
102
0.00105579
0.00997595
0.0587722
0.239798
29
0.921872
0.0868024
0.00711806
15
0.0143771
0.000834756
0.0329536
0.28032
43
0.844095
0.0130246
0.0037065
140
0.00907683
0.00811653
0.0114928
0.327479
11
0.932131
0.155832
0.00694289
24
0.0171386
0.00135093
0.0800839
0.232683
75
0.960115
0.195053
0.00423959
82
0.0135896
0.00441256
0.0654649
0.458328
37
0.843121
0.0653632
0.00792656
8
0.0150826
0.00316373
0.0873512
0.19662
49
0.857215
0.131981
0.00914972
85
0.00269168
0.00310117
0.0958641
0.198258
11
0.842174
0.138855
0.00412332
145
0.0104162
0.00561037
0.0676587
0.243272
21
0.92343
0.0778157
0.00894106
70
0.0161674
0.0032841
0.0489572
0.488359
62
0.967806
0.137464
0.00678731
24
0.00605716
0.00165432
0.0716006
0.425344
25
0.826852
0.160744
0.00772779
65
0.00391033
0.00676869
0.0299796
0.213714
26
0.869626
0.116513
0.00672634
76
0.0184212
0.00428803
0.0339444
0.123373
49
0.855322
0.182825
0.00108278
148
0.0165063
0.00797758
0.0604574
0.274667
90
0.858703
0.0618079
0.0037496
127
0.0106987
0.000320186
0.0548643
0.0203446
1
0.989745
0.114392
0.00495967
116
0.0180658
0.00211473
0.0684675
0.4064
12
0.867625
0.0925362
0.00547557
143
0.00407541
0.000969488
0.0434149
0.0641689
79
0.876854
0.0437277
0.00498601
80
0.0137827
0.00976638
0.0369156
0.410673
39
0.835859
0.0735488
0.00169859
26
0.00586694
0.00099439
0.0265116
0.118361
62
0.81071
0.0321028
0.00350738
54
0.0147129
0.00294865
0.0376709
0.267538
5
0.983679
0.129104
0.00208374
108
0.0100773
0.00426049
0.0185441
0.48577
31
0.891855
0.197113
0.00564606
103
0.00829871
0.00277728
0.0711583
0.353527
57
0.869705
0.120298
0.00879914
39
0.00335589
0.0063494
0.0521871
0.0448068
93
0.800623
0.192307
0.00147581
26
0.0108764
0.00487389
0.0770644
0.38253
27
0.944653
0.197472
0.00355387
74
0.00603364
0.00964341
0.0697031
0.157244
37
0.831533
0.174927
0.00452244
29
0.00116311
0.000623372
0.0653173
0.303419
67
0.866555
0.081792
0.00407823
43
0.0097178
0.00424162
0.0856393
0.0126226
29
0.930207
0.0475786
0.00866869
32
0.00153836
0.00838755
0.0220175
0.0901068
30
0.982218
0.0666062
0.00414764
53
0.00856955
0.00467506
0.0131487
0.328969
40
0.894655
0.16766
0.00328645
122
0.00913596
0.00103805
0.0562877
0.119157
31
0.934087
0.0799338
0.00881823
24
0.0196354
0.00957048
0.0447481
0.283504
69
0.927864
0.0753705
0.0059559
61
0.0198652
0.00442293
0.0832912
0.0668534
34
0.974825
0.0282753
0.00521497
78
0.0105513
0.00584882
0.0746282
0.409106
56
0.863021
0.0695579
0.00178712
28
0.00394321
0.00954296
0.0616447
0.0950725
14
0.82854
0.0813517
0.00722658
142
0.00990756
0.00883308
0.0709895
0.086225
54
0.82903
0.161689
0.00801842
33
0.0196939
0.0046439
0.018812
0.473732
94
0.818148
0.185362
0.00649317
120
0.00601583
0.00446629
0.0854341
0.183536
13
0.9724
0.179768
0.00419531
107
0.00766973
0.00814753
0.0596954
0.0358004
69
0.825823
0.0647885
0.00725548
21
0.0141523
0.002138
0.0538981
0.200209
11
0.946984
0.0666448
0.0066409
44
0.0116636
0.00652952
0.0439721
0.42757
41
0.878647
0.183897
0.00985862
18
0.00371287
0.00297923
0.0680501
0.263865
94
0.996434
0.0277761
0.00978301
63
0.0133703
0.0023228
0.0824351
0.435682
18
0.902953
0.011376
0.00222201
126
0.0170174
0.00391899
0.0609134
0.467534
24
0.848756
0.108125
0.00692099
141
0.0123421
0.000483776
0.0295034
0.421471
48
0.95324
0.144316
0.00248324
115
0.0102855
0.0030384
0.0467728
0.163944
77
0.857601
0.153073
0.00389164
105
0.00822731
0.0014373
0.0213211
0.242281
71
0.899018
0.0423933
0.00769272
110
0.00301468
0.000945869
0.095233
0.338073
66
0.820881
0.159583
0.00861492
109
0.0190029
0.00147905
0.0491503
0.371284
58
0.988566
0.117498
0.0047746
127
0.0142528
0.00270816
0.0889164
0.457589
74
0.859633
0.199692
0.00245461
100
0.00637823
0.00680696
0.0419581
0.350494
91
0.978544
0.154078
0.00626285
105
0.0142233
0.00196685
0.0416937
0.0488144
89
0.859049
0.0241457
0.00855126
90
0.0163401
0.00132379
0.0126334
0.44421
36
0.973741
0.0685206
0.00483732
142
0.0177344
0.000347337
0.0777055
0.220105
52
0.950186
0.192574
0.00445026
145
0.0183368
0.0079423
0.029724
0.195302
22
0.947307
0.0499595
0.00637246
53
0.0190268
0.00992938
0.0919099
0.339517
34
0.92488
0.195252
0.00553501
74
0.0055415
0.0073986
0.0508413
0.380779
46
0.861365
0.16984
0.00545576
76
0.0154476
0.00936292
0.0877995
0.185585
54
0.94271
0.0630766
0.00858957
23
0.00368519
0.000222619
0.0113279
0.310341
12
0.976606
0.187395
0.00947745
36
0.0100911
0.00597109
0.0888186
0.41142
92
0.985696
0.139808
0.00603211
123
0.0159219
0.00456428
0.0244071
0.312189
28
0.96112
0.130274
0.0032826
66
0.0107978
0.00663134
0.0905148
0.110993
55
0.918201
0.165067
0.00843079
114
0.00833727
0.0056288
0.0894933
0.0701771
64
0.864426
0.0481763
0.00225065
125
0.00665843
0.00514563
0.082124
0.499002
79
0.93997
0.0217353
0.00308426
106
0.0129897
0.00841662
0.0167121
0.364917
31
0.9086
0.156009
0.00503562
143
0.0156631
0.00524099
0.0551241
0.401445
100
0.878301
0.0233157
0.00320392
118
0.0173155
0.00152121
0.0562427
0.266712
93
0.884103
0.0519647
0.00440918
52
0.00666563
0.000363577
0.0404143
0.17112
67
0.818539
0.0880141
0.00688334
6
0.00114744
0.00575277
0.0918253
0.273617
83
0.948881
0.0719348
0.0013519
9
0.0147875
0.00350851
0.0429665
0.337281
65
0.997079
0.114991
0.00480681
14
0.00364832
0.00344464
0.02209
0.155249
28
0.874347
0.184398
0.00878174
87
0.018885
0.000155947
0.052703
0.482706
7
0.841353
0.0403639
0.0057274
133
0.00159913
0.00632253
0.0899349
0.3978
60
0.995019
0.0964812
0.00447186
114
0.0120541
0.00184271
0.0715461
0.0844187
74
0.806614
0.0201313
0.0051234
47
0.00300954
0.000702912
0.06651
0.00840282
64
0.995745
0.0532549
0.00266347
59
0.00611265
0.00538503
0.0639732
0.130785
43
0.954142
0.1318
0.0087126
28
0.00193746
0.00698994
0.0720761
0.319785
53
0.937253
0.150333
0.00814609
104
0.00809326
0.00290474
0.0909675
0.168885
91
0.840302
0.136197
0.00575716
27
0.00713671
0.00844946
0.0601992
0.449216
35
0.830095
0.196171
0.00750913
124
0.00126508
0.00400161
0.074206
0.470923
68
0.871097
0.0192197
0.0082328
84
0.0110478
0.00999403
0.0345205
0.45022
6
0.971883
0.137025
0.00939623
60
0.00186659
0.00559799
0.064061
0.145658
81
0.975355
0.155283
0.00888118
84
0.0174654
0.00618998
0.0838369
0.429002
59
0.90779
0.144563
0.00206577
10
0.00147264
0.00897873
0.0304371
0.0694276
92
0.86775
0.135551
0.00945351
114
0.00843458
0.0019412
0.0209509
0.149452
90
0.812031
0.149171
0.00200542
12
0.0160648
0.0094754
0.0136587
0.0568048
95
0.964555
0.107564
0.00837223
68
0.0168897
0.000300876
0.041642
0.0477926
59
0.834046
0.0990724
0.00415584
12
0.0140967
0.00639514
0.0165788
0.0759915
92
0.934906
0.123205
0.00128389
88
0.00349747
0.00889159
0.0333178
0.226005
34
0.914954
0.0141157
0.00390668
41
0.0101291
0.00927016
0.0482836
0.346525
3
0.965759
0.121524
0.00958328
107
0.00509081
0.00782452
0.0141567
0.398476
17
0.923874
0.0937331
0.00625092
51
0.00418495
0.00295459
0.0487266
0.00999695
28
0.98134
0.106507
0.00704826
70
0.0187981
0.00251329
0.0593284
0.2992
54
0.993176
0.186253
0.00819321
148
0.00917083
0.00498469
0.0474439
0.190042
52
0.845064
0.0690757
0.00851695
56
0.0143411
0.00965923
0.0722081
0.361644
98
0.841636
0.142066
0.0076584
67
0.00988256
0.00204035
0.0760288
0.428144
39
0.912893
0.0380575
0.00171348
66
0.00648638
0.00385634
0.0788047
0.2163
53
0.864897
0.10591
0.00192785
87
0.00288021
0.000900351
0.0479975
0.241342
48
0.896131
0.146344
0.0066219
112
0.0155526
0.00900255
0.0578329
0.0190671
9
0.99078
0.0340426
0.00984308
10
0.00290809
0.00145346
0.0147884
0.13487
46
0.984546
0.100567
0.00385845
46
0.0167275
0.00416502
0.0946464
0.12577
47
0.907193
0.162894
0.00380401
62
0.0137567
0.00231366
0.0379199
0.010183
86
0.929989
0.0714524
0.00251663
126
0.00262939
0.000601386
0.0734134
0.140235
72
0.887542
0.147857
0.00968714
150
0.00981948
0.00903874
0.014622
0.191063
73
0.904774
0.14707
0.00875522
30
0.00941733
0.00603504
0.0649118
0.203418
63
0.983326
0.169987
0.00407459
76
0.0131724
0.00422406
0.0867798
0.30095
88
0.958468
0.0568479
0.0021059
128
0.00321904
0.00373059
0.0966092
0.494988
24
0.959709
0.177081
0.00762647
86
0.0191015
0.00806272
0.0164245
0.294112
13
0.873547
0.126898
0.00289671
28
0.00441099
0.00124563
0.0790173
0.293698
81
0.969796
0.0919679
0.00140042
56
0.00103582
0.00246984
0.0365136
0.238414
26
0.869026
0.173992
0.00280399
13
0.00224926
0.00539211
0.0411304
0.115137
25
0.959351
0.0726609
0.00568144
90
0.00434991
0.00823768
0.0624126
0.0929037
99
0.838225
0.0968407
0.00774688
70
0.0155086
0.00494555
0.040536
0.120469
66
0.858316
0.0278925
0.00167432
11
0.0069847
0.00492738
0.0455474
0.440446
96
0.96995
0.0244403
0.00238114
119
0.00139284
0.00154007
0.0226016
0.0821923
50
0.875152
0.145303
0.00728284
87
0.0154355
0.000246574
0.0642401
0.366521
34
0.835248
0.0460396
0.00799166
144
0.0158102
0.00902353
0.0890867
0.493157
10
0.847494
0.151044
0.00118997
96
0.0149491
0.00646904
0.0435263
0.176403
44
0.839583
0.0262814
0.00410959
60
0.010538
0.0091124
0.0990769
0.348603
17
0.911067
0.0108197
0.00520492
17
0.0038556
0.00535621
0.0806876
0.136253
97
0.907029
0.0237511
0.00549876
110
0.00571322
0.00239106
0.0965516
0.49846
21
0.95322
0.076579
0.00704682
29
0.00207011
0.0072138
0.0842855
0.269126
81
0.934304
0.0898758
0.00554277
72
0.00948994
0.00725736
0.0701708
0.394279
37
0.940799
0.126045
0.00106124
64
0.0118408
0.0070073
0.0372859
0.322033
14
0.948671
0.0818769
0.00941331
89
0.0111266
0.00476831
0.0618875
0.100114
23
0.982779
0.158526
0.0072445
31
0.00910043
0.00568187
0.0852588
0.492141
9
0.966222
0.0160947
0.00951998
137
0.00523429
0.00128981
0.033733
0.479143
45
0.819694
0.129562
0.00786256
39
0.0112359
0.00263595
0.0825884
0.442809
14
0.924487
0.152852
0.0098124
58
0.0120721
0.00643839
0.0662344
0.405539
34
0.849088
0.0908142
0.00659577
33
0.0096645
0.00604205
0.052844
0.296225
78
0.910561
0.121885
0.00778037
16
0.00932976
0.00657091
0.0963159
0.160234
24
0.996813
0.0946612
0.00908415
135
0.0173508
0.00852149
0.0620265
0.407652
20
0.97564
0.0749455
0.0028552
127
0.0125185
0.000455178
0.0728003
0.202626
66
0.977014
0.182115
0.00434373
7
0.0144235
0.00282458
0.0569651
0.388098
24
0.963601
0.0976413
0.00505819
33
0.0103189
0.00770746
0.0588103
0.329569
50
0.890107
0.193689
0.00338437
55
0.0063413
0.0011313
0.0799942
0.000793912
75
0.96347
0.156466
0.00114005
64
0.0164083
0.00439356
0.0247014
0.423501
1
0.900888
0.190858
0.00689241
71
0.0130205
0.00741601
0.0611052
0.162854
77
0.811143
0.112101
0.00356874
67
0.00993556
0.00835522
0.0396867
0.261372
89
0.871455
0.170624
0.00275934
46
0.0114093
0.00949399
0.0812129
0.44817
9
0.827749
0.164428
0.00904353
53
0.0153782
0.00329105
0.0885908
0.489565
40
0.897567
0.151701
0.00517764
32
0.00621506
0.00573451
0.0236071
0.413203
77
0.844683
0.0451615
0.00391671
132
0.00469458
0.00461129
0.0595643
0.105849
64
0.802267
0.121118
0.00708848
24
0.0191388
0.0037437
0.0279553
0.307319
72
0.930785
0.17137
0.00578437
52
0.0168499
0.00555947
0.0204358
0.0280785
42
0.925327
0.025092
0.00797727
64
0.0074724
0.00206319
0.0503916
0.0143578
96
0.835764
0.01027
0.00831695
54
0.00789718
0.000791337
0.0691022
0.282233
47
0.909956
0.115677
0.00944141
97
0.00880494
0.00409152
0.0309621
0.359641
68
0.898397
0.153391
0.0069278
19
0.00282816
0.0065794
0.0127464
0.139205
10
0.922212
0.170967
0.00955918
123
0.00889371
0.00577601
0.020482
0.455758
32
0.879374
0.106592
0.00181216
93
0.0184027
0.00787161
0.0400872
0.0111364
55
0.991899
0.160962
0.00717415
137
0.0175241
0.00686253
0.0520025
0.306943
55
0.913444
0.0382731
0.00114414
65
0.00801
0.00620967
0.0898596
0.268974
43
0.875623
0.189318
0.00973568
93
0.0146618
0.00319691
0.0238873
0.2453
33
0.942447
0.1694
0.0047084
130
0.00413485
0.00484625
0.0423849
0.221585
30
0.99148
0.139459
0.00993217
129
0.00201187
0.003244
0.0537296
0.00619783
58
0.808329
0.126339
0.00598454
81
0.0073242
0.00673037
0.0371165
0.237447
57
0.988943
0.0541082
0.00343298
119
0.00244244
0.00910877
0.0847091
0.279023
73
0.837263
0.150025
0.00291826
58
0.0107619
0.00865732
0.0761586
0.486237
65
0.998355
0.0308431
0.00726446
81
0.00532615
0.00225826
0.025465
0.39004
6
0.833631
0.198391
0.00589372
133
0.0176412
0.00933081
0.0409298
0.132711
59
0.991376
0.0305058
0.00264578
31
0.0134161
0.00640282
0.0585913
0.292305
79
0.879806
0.0637137
0.00543165
88
0.00804031
0.0097184
0.0508824
0.0451998
44
0.860029
0.16468
0.00666134
72
0.0181067
0.00352737
0.0782257
0.277722
97
0.85439
0.0759862
0.00456766
147
0.0155628
0.00913358
0.044224
0.415033
45
0.966527
0.0941195
0.0044329
125
0.0138467
0.00417899
0.0161355
0.113185
51
0.811777
0.128006
0.0084124
143
0.0112904
0.000202589
0.0541336
0.133404
76
0.885951
0.1689
0.00435873
91
0.011332
0.00660735
0.0646477
0.352233
10
0.977492
0.0704682
0.00468156
147
0.00164841
0.00503082
0.0795782
0.37902
94
0.884442
0.0267378
0.00606509
94
0.0051933
0.00748966
0.0377441
0.0872235
44
0.998885
0.101783
0.00470638
60
0.00869252
0.00610157
0.0983393
0.315232
30
0.853788
0.125647
0.00848134
16
0.00927522
0.0055445
0.0700415
0.372009
16
0.920062
0.163316
0.00125266
42
0.0115906
0.0082416
0.0988125
0.35151
82
0.810101
0.0310624
0.00262565
72
0.0177999
0.00793878
0.0452289
0.166396
32
0.918227
0.168028
0.0014487
75
0.00151607
0.00544403
0.0464549
0.214019
2
0.822694
0.0930196
0.00587344
55
0.00850574
0.00860466
0.0933558
0.0250299
62
0.823704
0.17868
0.00720115
77
0.0184588
0.00469522
0.0516332
0.121468
66
0.927561
0.123496
0.00463674
149
0.00885794
0.00198245
0.0351239
0.167956
44
0.921307
0.070003
0.00367485
104
0.0048952
0.00669154
0.0171716
0.452687
6
0.882641
0.0604158
0.00761448
123
0.0122937
0.0012189
0.0765383
0.0555298
65
0.823388
0.140419
0.00421619
100
0.00625092
0.00388194
0.0781066
0.418431
90
0.851951
0.180457
0.00557431
50
0.0117045
0.00325787
0.0460234
0.208866
18
0.901248
0.168788
0.00817225
46
0.0042246
0.00318014
0.0557664
0.0917802
85
0.964033
0.133726
0.00223574
57
0.0175977
0.00136885
0.069498
0.129989
84
0.923143
0.1129
0.00358941
13
0.00410992
0.00388028
0.0300505
0.49195
39
0.801745
0.0185585
0.0012393
142
0.00305259
0.0070302
0.0814313
0.333273
53
0.958035
0.178269
0.00714025
95
0.00424944
0.00942783
0.0912984
0.117299
10
0.853549
0.0205404
0.00281963
134
0.0122632
0.00691145
0.0904088
0.0589451
99
0.832183
0.148721
0.00496544
117
0.00846788
0.00531032
0.0575719
0.392108
9
0.985948
0.135262
0.00900461
117
0.0162766
0.00833124
0.0991019
0.111379
26
0.816405
0.0253767
0.00918454
134
0.00639799
0.00565801
0.0922851
0.377102
52
0.962672
0.0582224
0.00295475
9
0.0106292
0.00392411
0.0317346
0.386498
79
0.830626
0.119535
0.00235907
14
0.0166149
0.00550964
0.0772374
0.146091
80
0.981788
0.0142293
0.003468
67
0.0130646
0.0070691
0.0942197
0.374577
12
0.883462
0.0331093
0.00614143
73
0.00945122
0.00788472
0.0394791
0.194008
78
0.837785
0.137848
0.00184844
56
0.0186217
0.0035713
0.0237348
0.483479
86
0.910721
0.0288263
0.00450626
146
0.0125121
0.00815875
0.0877413
0.154799
63
0.978001
0.199523
0.00363967
112
0.00251049
0.00987206
0.065252
0.474791
20
0.889077
0.0670326
0.00752874
136
0.0180204
0.00217138
0.0280719
0.36256
60
0.995196
0.109953
0.00430872
86
0.00464599
0.00175058
0.0121583
0.210928
26
0.914213
0.141848
0.00122295
47
0.0148077
0.00690933
0.0492796
0.0976867
89
0.970539
0.067966
0.00488039
101
0.00226122
0.00168948
0.0756852
0.0468713
35
0.96823
0.120031
0.00425869
69
0.0012824
0.00945229
0.0590067
0.481158
82
0.946699
0.173017
0.00966888
99
0.0175421
0.00919665
0.0478514
0.431538
17
0.87528
0.10575
0.00120602
69
0.00725387
0.00267096
0.0893741
0.432447
5
0.956092
0.193525
0.00165934
30
0.00174987
0.00801389
0.0671122
0.384727
7
0.962259
0.176215
0.00783483
43
0.00456095
0.00201653
0.0322382
0.1893
15
0.846474
0.0555359
0.00258803
136
0.00679189
0.00546556
0.0494492
0.170161
96
0.801059
0.0733679
0.0086585
103
0.00188224
0.0049531
0.0560794
0.484443
99
0.965028
0.0324268
0.0075471
97
0.0189614
0.00115312
0.0454108
0.454064
27
0.954026
0.11126
0.00136761
75
0.0145906
0.0048318
0.0955856
0.128457
42
0.954795
0.109646
0.00891213
22
0.0150107
0.00951208
0.0572258
0.419554
30
0.901616
0.180968
0.00317299
132
0.0187098
0.00234765
0.0531721
0.464785
99
0.900129
0.105066
0.00403645
6
0.0131034
0.00411748
0.07869
0.408641
38
0.941455
0.0574697
0.00198449
36
0.0161168
0.00758493
0.0152054
0.186786
32
0.803186
0.0497923
0.00158377
139
0.0197343
0.00458957
0.071214
0.164703
47
0.873857
0.131123
0.00129658
117
0.00343911
0.004437
0.0573898
0.461576
4
0.996016
0.0614481
0.00680272
43
0.0109433
0.00681956
0.0994979
0.264605
45
0.990425
0.11833
0.00482929
126
0.0136349
0.00431481
0.093941
0.199506
13
0.919362
0.157634
0.00217342
47
0.0182456
0.00311222
0.0844216
0.0375142
68
0.891226
0.013511
0.00381362
83
0.00534124
0.000715256
0.0143302
0.287921
74
0.865923
0.130828
0.00246386
149
0.0110873
0.00471578
0.0627359
0.37379
23
0.884998
0.101991
0.00243739
80
0.0117637
0.00465829
0.0547639
0.0771025
67
0.943249
0.0825399
0.00806555
43
0.0102009
0.00751256
0.0196393
0.367452
84
0.813488
0.0750022
0.00387217
39
0.0152649
0.00541096
0.0836355
0.0274153
8
0.882015
0.107725
0.00288461
10
0.018546
0.00835676
0.0473265
0.304401
72
0.822195
0.0796908
0.0069857
118
0.00452488
0.007185
0.0105088
0.285146
6
0.81715
0.0996978
0.00162445
68
0.0181993
0.00112141
0.0950306
0.399678
50
0.809513
0.0211348
0.00571024
26
0.0139265
0.00590248
0.0420556
0.0405112
68
0.963153
0.191905
0.00229591
77
0.00296835
0.00612424
0.0742759
0.236933
77
0.876156
0.188078
0.00594098
88
0.00181333
0.00437471
0.092607
0.314807
41
0.846076
0.114071
0.00959454
89
0.019717
0.00403514
0.0881497
0.369594
93
0.950807
0.107144
0.00615854
66
0.0023956
0.00580377
0.0739209
0.112719
63
0.929569
0.0410523
0.00906625
106
0.012872
0.0089694
0.044447
0.207567
93
0.973484
0.139975
0.00934391
77
0.00233636
0.00244962
0.0634374
0.476973
40
0.980429
0.0701504
0.00795619
122
0.00178619
0.0018658
0.0752913
0.228604
23
0.8043
0.199014
0.00509567
17
0.00537075
0.00220875
0.0658166
0.355486
3
0.803134
0.115362
0.00542332
40
0.0112089
0.00507835
0.0729304
0.471039
36
0.830797
0.027471
0.0097004
45
0.0168366
0.00734498
0.0424137
0.426525
81
0.838102
0.0921732
0.00630799
52
0.00685082
0.00188627
0.0314828
0.141403
22
0.945327
0.0910242
0.00995122
96
0.0156912
0.00125548
0.0745857
0.0710974
48
0.814145
0.14289
0.00241551
49
0.0192039
0.00785164
0.0976673
0.00264678
65
0.881164
0.185636
0.00809817
132
0.00661398
0.0021913
0.0818362
0.184933
11
0.900572
0.0355641
0.00466656
96
0.0118865
0.00487057
0.0111166
0.217805
59
0.822304
0.173603
0.00923923
124
0.00485789
0.0072684
0.072626
0.297824
52
0.892435
0.082816
0.00372384
80
0.00137052
0.00641686
0.0598731
0.330679
29
0.832573
0.183124
0.0037803
59
0.014609
0.00101499
0.0738135
0.182786
39
0.902601
0.0369762
0.00146649
82
0.013492
0.00808714
0.0768389
0.0417571
69
0.936766
0.149726
0.00191235
35
0.0134546
0.00557114
0.0613199
0.204164
83
0.803703
0.0610975
0.00978491
57
0.0195677
0.00609777
0.0195361
0.193896
67
0.847953
0.158664
0.00336654
61
0.00703875
0.00768262
0.0945573
0.422065
2
0.908035
0.0565129
0.00622697
47
0.017384
0.0004029
0.0852154
0.180617
19
0.937819
0.172394
0.00839778
21
0.0189265
0.00286113
0.0218766
0.318153
15
0.93837
0.184664
0.00640006
147
0.0194818
0.00362763
0.0268299
0.447666
42
0.872222
0.0374146
0.00869001
122
0.00549742
0.00517131
0.0311431
0.178759
25
0.858004
0.180147
0.0096094
14
0.00319047
0.00341445
0.0273665
0.475271
49
0.80243
0.0606084
0.00550943
73
0.0067486
0.00891916
0.0275621
0.224481
17
0.890489
0.103261
0.00323241
23
0.0197977
0.00349628
0.0457962
0.495926
87
0.98392
0.0348766
0.00650915
136
0.0181585
0.0020928
0.0251608
0.288065
21
0.818823
0.153818
0.0082948
123
0.00379459
0.0015789
0.0109799
0.255664
58
0.966926
0.0633291
0.00828259
25
0.00342919
0.00724174
0.0967944
0.063053
27
0.909108
0.150901
0.00102433
101
0.0047567
0.00236044
0.0865314
0.465252
38
0.815289
0.0867245
0.00965068
65
0.0121991
0.000678774
0.0617862
0.0742312
96
0.809046
0.0487148
0.00493711
109
0.00782406
0.00880694
0.0689848
0.0385741
7
0.80018
0.145688
0.00591722
90
0.00218192
0.00790312
0.0428508
0.257919
76
0.826036
0.10463
0.00298514
120
0.003111
0.0066688
0.0287979
0.456629
3
0.85145
0.0442047
0.00339991
35
0.00718996
0.00637589
0.0277448
0.256878
12
0.808749
0.102663
0.00590919
133
0.00512288
0.000582642
0.0354344
0.281365
16
0.863889
0.122522
0.00189257
58
0.00211747
0.00654392
0.035761
0.437341
36
0.821535
0.0781357
0.00141664
141
0.0114844
0.00941726
0.0307862
0.0836952
14
0.956462
0.158112
0.00859833
94
0.00505441
0.000459607
0.0779535
0.159283
64
0.87063
0.100083
0.00215667
119
0.017094
0.00195223
0.0805404
0.345628
32
0.89573
0.0538786
0.0052412
12
0.00959052
0.00798225
0.0197874
0.0985441
10
0.926089
0.163728
0.00256788
74
0.0178778
0.00709293
0.0361681
0.0598833
61
0.864512
0.128759
0.00232498
150
0.00937323
0.00707999
0.0385535
0.250485
59
0.889831
0.0363385
0.00608512
19
0.00707613
0.00710949
0.078424
0.143954
62
0.865498
0.143115
0.00937223
120
0.00740967
0.00569674
0.0961804
0.12433
90
0.873045
0.0587903
0.00632201
18
0.0199395
0.00684884
0.0974397
0.462311
67
0.840183
0.0428006
0.00485753
71
0.0150272
0.0097011
0.0929563
0.443752
94
0.943927
0.0418782
0.00515018
89
0.00358071
0.000572053
0.0168524
0.416456
35
0.880642
0.103691
0.0064219
85
0.00820401
0.0028495
0.0498435
0.127265
99
0.82038
0.0894659
0.00653166
22
0.015348
0.00420269
0.0896066
0.177165
43
0.988037
0.0550166
0.00697505
77
0.013823
0.00243617
0.0302055
0.0307885
29
0.856598
0.189417
0.00284769
48
0.00280423
0.00366857
0.0484822
0.0685863
4
0.905421
0.101268
0.00268862
129
0.00130489
0.00985048
0.0630024
0.249598
82
0.927215
0.111708
0.00670788
9
0.00326618
0.00382624
0.0907192
0.042842
28
0.997529
0.198694
0.00272804
35
0.00686766
0.00413309
0.0225698
0.2057
100
0.831406
0.134246
0.00639648
24
0.0191916
0.000136754
0.0414908
0.262295
19
0.987855
0.165746
0.00117785
145
0.0141201
0.00731497
0.0436729
0.27888
40
0.893434
0.0318544
0.00668833
146
0.00557418
0.00348278
0.0348948
0.336534
22
0.879127
0.184939
0.00856937
40
0.00771363
0.00875993
0.0774672
0.00474485
33
0.952667
0.0153696
0.0010167
149
0.0145045
0.00763903
0.0985211
0.441007
78
0.824887
0.144976
0.00635827
131
0.00690711
0.00158747
0.0870772
0.332353
35
0.848319
0.0421781
0.00205083
115
0.0151642
0.000505439
0.0953753
0.135451
83
0.815122
0.197939
0.00479589
68
0.0106001
0.00729928
0.0762849
0.161299
73
0.948212
0.0397449
0.0064482
50
0.010165
0.00181912
0.0305937
0.023838
70
0.920336
0.11349
0.00742271
110
0.012614
0.0058998
0.0496702
0.302594
56
0.851215
0.0511687
0.0053454
102
0.0127088
0.00288404
0.0631478
0.227101
47
0.935753
0.0659567
0.00214551
104
0.0140565
0.00478119
0.0845772
0.0995208
87
0.986722
0.0810065
0.00794005
124
0.00476633
0.00702715
0.0399412
0.0537748
7
0.897151
0.0770094
0.00342174
132
0.0166279
0.00435462
0.0730435
0.13841
49
0.933686
0.133305
0.00785422
40
0.00754135
0.000735328
0.0319744
0.0627557
41
0.833164
0.080309
0.00531898
5
0.0170609
0.0060606
0.0534354
0.472061
37
0.892897
0.179369
0.00352578
36
0.00866368
0.000386121
0.021353
0.0130497
56
0.938575
0.0932852
0.00152344
107
0.0167819
0.000284395
0.0134461
0.144588
8
0.840661
0.0536824
0.00300536
86
0.0144865
0.00355313
0.0232915
0.497708
29
0.943418
0.186459
0.00748341
34
0.0185788
0.00322774
0.0367913
0.0787842
20
0.992524
0.0905389
0.00555735
130
0.00398782
0.00205255
0.0775805
0.151426
61
0.971055
0.0337237
0.0043271
111
0.0111673
0.00105257
0.0248576
0.438334
37
0.815757
0.181088
0.00154108
128
0.010264
0.00745503
0.013273
0.247356
88
0.961338
0.109506
0.00160877
99
0.00483489
0.00973495
0.032659
0.468593
70
0.861797
0.046825
0.0067538
26
0.0169323
0.00281115
0.0667379
0.400394
4
0.863461
0.071064
0.00138415
98
0.0179325
0.00452328
0.0382771
0.487072
87
0.917804
0.085619
0.0020283
39
0.0183019
0.00622102
0.0116994
0.0674716
80
0.921586
0.116368
0.00405772
139
0.00216286
0.00598462
0.0863258
0.341414
80
0.855914
0.0720798
0.00734615
54
0.00899177
0.00979643
0.0612635
0.0721847
88
0.994304
0.0493709
0.00573708
50
0.0182545
0.00432966
0.0334489
0.275525
41
0.812798
0.0209069
0.00335222
83
0.0147536
0.00178608
0.0242668
0.169806
72
0.931117
0.146634
0.00149541
25
0.00428195
0.00939161
0.0472359
0.368179
66
0.932697
0.122108
0.00896253
142
0.00956876
0.00737046
0.0230538
0.29591
75
0.855206
0.0370391
0.0038309
27
0.014006
0.00166701
0.0347115
0.0762189
56
0.806165
0.0575925
0.0090193
54
0.00254696
0.00333559
0.0643635
0.0320555
91
0.829194
0.0313998
0.00180386
37
0.00593774
0.000436249
0.0986931
0.414432
48
0.821356
0.07756
0.00325921
108
0.0115448
0.000978998
0.0287057
0.222193
66
0.816039
0.0988237
0.00220006
116
0.00383247
0.00959089
0.0158022
0.126445
28
0.915644
0.059321
0.00852861
7
0.0155941
0.00369759
0.0331211
0.480792
84
0.820271
0.154421
0.00930822
109
0.0188372
0.00308056
0.0998016
0.311304
22
0.969315
0.162215
0.00112188
50
0.00246676
0.00779831
0.0956968
0.0609975
61
0.916261
0.0173548
0.00508374
129
0.00744512
0.00595632
0.0227803
0.173745
31
0.960701
0.114537
0.00538526
100
0.01624
0.00857807
0.0159589
0.451563
60
0.926844
0.0851437
0.00971269
14
0.0193122
0.00649619
0.0178203
0.234232
5
0.805356
0.124272
0.00318179
23
0.00314607
0.00625397
0.0750437
0.430248
59
0.885508
0.172192
0.00827114
61
0.0178582
0.00454292
0.0141291
0.308983
57
0.899574
0.0981413
0.00845476
63
0.0100135
0.00337326
0.0623388
0.389463
57
0.880013
0.155073
0.00151051
22
0.0033841
0.00917048
0.0948956
0.424071
9
0.877373
0.0843902
0.0050173
103
0.0124486
0.00546913
0.0693903
0.206215
80
0.888167
0.0508608
0.00677448
131
0.00728661
0.000261235
0.0282864
0.0969346
71
0.814561
0.116883
0.00304638
147
0.0129322
0.00758248
0.0184067
0.270336
4
0.984939
0.062789
0.00916181
99
0.0131391
0.000544094
0.0822683
0.0650721
5
0.88365
0.187832
0.00332874
95
0.0151312
0.00988697
0.0260007
0.343293
19
0.969048
0.19459
0.00948481
38
0.00860486
0.00331182
0.0293927
0.0891701
86
0.916971
0.0295663
0.00599862
38
0.0135706
0.0052
0.0796696
0.0887827
52
