0.922583
0.069058
0.361671
39
0.00846597
0.843969
0.0537833
0.433231
56
0.00752996
0.197804
0.878992
0.09425
0.448231
32
0.00934843
0.764789
0.0746372
0.300184
99
0.00535874
0.271556
0.922248
0.0624906
0.421014
75
0.00101227
0.21354
0.0134563
0.200606
51
0.00651033
0.246558
0.900002
0.0256067
0.277277
79
0.00924093
0.796745
0.0765858
0.0781664
40
0.00948744
0.253832
0.756734
0.0747004
0.359362
46
0.00235671
0.998907
0.0327828
0.245188
33
0.00991962
0.213331
0.722896
0.0262019
0.424418
51
0.00597542
0.603664
0.0868754
0.231884
63
0.00763101
0.286384
0.84856
0.0197537
0.23519
23
0.00817166
0.818787
0.0336958
0.138585
65
0.00155983
0.393979
0.798221
0.0206639
0.422584
60
0.00308521
0.284652
0.0878165
0.487922
37
0.00954382
0.0456108
0.811252
0.038796
0.464743
87
0.00257101
0.838272
0.0281392
0.0990515
17
0.00595551
0.138116
0.943327
0.0682624
0.0143393
3
0.00490525
0.0211233
0.0152971
0.448627
51
0.000780463
0.363832
0.92006
0.0474532
0.0586277
89
0.0039211
0.343703
0.0967995
0.494291
3
0.00881099
0.179816
0.768206
0.0897021
0.353226
83
0.00681984
0.887499
0.022948
0.12468
49
0.00182503
0.226412
0.970104
0.0689694
0.015306
87
0.00701573
0.207683
0.0714839
0.233586
14
0.00237909
0.106767
0.94591
0.0498453
0.175656
42
0.00279962
0.121748
0.0283733
0.368573
72
0.00226732
0.345478
0.76997
0.0665291
0.0421091
70
0.00835576
0.593022
0.0905092
0.461
57
0.00980464
0.0864046
0.747691
0.0108734
0.440584
47
0.00984231
0.871329
0.0504934
0.404718
38
0.00758808
0.0930268
0.827416
0.0932509
0.00316747
7
0.00264419
0.7494
0.0477952
0.219268
48
0.00550773
0.128726
0.912158
0.0543474
0.149027
22
0.00904568
0.411525
0.0308868
0.322162
68
0.00452197
0.234594
0.829518
0.0369545
0.109805
88
0.000790008
0.124958
0.0321217
0.355387
95
0.00145197
0.348906
0.951404
0.0770322
0.492211
19
0.00650206
0.846652
0.0808274
0.307144
31
0.00666321
0.224186
0.971791
0.0125198
0.382605
28
0.00309423
0.950141
0.0269244
0.395533
62
0.00365575
0.154941
0.7961
0.02221
0.292763
74
0.00880273
0.389366
0.0369501
0.0760998
46
0.00277683
0.0322725
0.984543
0.0954266
0.156877
67
0.0049765
0.175892
0.0179563
0.356957
64
0.00453774
0.101002
0.933229
0.0930795
0.476174
29
0.0034734
0.536301
0.0847076
0.0889323
37
0.00065937
0.260385
0.704043
0.0511378
0.0912348
23
0.00431923
0.15358
0.0211597
0.211776
52
0.00655467
0.242869
0.864169
0.0395207
0.203199
66
0.00523965
0.664066
0.0589853
0.490432
58
0.00947455
0.331327
0.883095
0.0913888
0.413573
32
0.00555028
0.418196
0.0614736
0.402021
89
0.00956096
0.24123
0.719473
0.0471009
0.385382
89
0.00143277
0.19142
0.091152
0.254509
76
0.0035364
0.0449507
0.795323
0.0235504
0.478591
10
0.00658173
0.910403
0.0465573
0.131761
69
0.00986921
0.298751
0.944948
0.0868328
0.387428
73
0.00848124
0.410241
0.0742965
0.474112
79
0.00733874
0.016159
0.961899
0.0481586
0.15013
24
0.00947106
0.618924
0.0645925
0.0539451
90
0.00142779
0.123576
0.725538
0.079567
0.348467
46
0.00515442
0.76265
0.0881642
0.0719785
28
0.00757092
0.10994
0.83279
0.0812809
0.340288
9
0.00787155
0.195307
0.0506818
0.28755
78
0.00298225
0.291858
0.890016
0.0971316
0.0783087
94
0.00104998
0.814966
0.0679534
0.242579
45
0.00745931
0.0205166
0.912433
0.0938115
0.140963
26
0.00446669
0.57639
0.0664825
0.144905
65
0.00711013
0.337839
0.884914
0.0579857
0.208866
52
0.00990531
0.199102
0.0718334
0.0506547
15
0.00295695
0.118193
0.908877
0.0283373
0.472882
48
0.00652751
0.444492
0.0558167
0.456637
10
0.00524069
0.23961
0.772166
0.0185126
0.357272
2
0.00278396
0.407964
0.0876687
0.271198
32
0.00837705
0.332975
0.974315
0.0670948
0.139012
15
0.00344592
0.454702
0.0605818
0.0409399
48
0.00255698
0.147676
0.733976
0.0542321
0.439998
35
0.00870263
0.294385
0.0716047
0.0809151
25
0.00147122
0.355261
0.9965
0.0721984
0.00162177
47
0.00717468
0.0362662
0.0912014
0.223845
77
0.00886533
0.29985
0.70202
0.0181273
0.185676
96
0.00685608
0.758963
0.0580064
0.497246
62
0.000883051
0.300471
0.792806
0.0449014
0.302299
20
0.00572894
0.0668523
0.0819998
0.18954
4
0.00294356
0.192689
0.969563
0.0432784
0.366046
36
0.00440347
0.587339
0.0155185
0.00144538
87
0.00175537
0.382538
0.85111
0.0537732
0.0334271
4
0.00917436
0.0402314
0.0731829
0.373955
36
0.00331107
0.250958
0.852446
0.0958842
0.328438
83
0.00422341
0.728848
0.0730705
0.15407
27
0.0028114
0.2561
0.723822
0.0200415
0.31065
76
0.00431253
0.468259
0.0184554
0.344087
29
0.00855
0.0951185
0.96311
0.0478103
0.266619
45
0.00231559
0.613095
0.0244983
0.112037
77
0.00815441
0.35152
0.722407
0.0533575
0.453969
99
0.00335978
0.180349
0.0901155
0.440465
87
0.00669047
0.101355
0.846495
0.0425654
0.397271
65
0.00464898
0.554187
0.0365528
0.209941
9
0.000170568
0.0500584
0.918372
0.0268635
0.261433
59
0.00799408
0.474592
0.0156305
0.38242
12
0.00501633
0.187181
0.747974
0.0874837
0.34376
32
0.00582801
0.14034
0.0220461
0.345277
2
0.00967972
0.224829
0.924937
0.0507379
0.204092
41
0.00354916
0.880915
0.0584899
0.263275
63
0.00274106
0.0577888
0.9052
0.0228292
0.0303772
28
0.00331553
0.599651
0.0919986
0.24866
68
0.00882752
0.256697
0.95495
0.0810722
0.323083
54
0.00857509
0.601737
0.0888158
0.406929
82
0.0097647
0.0461007
0.785001
0.0855734
0.268781
58
0.00709967
0.976248
0.0651167
0.440066
19
0.00836581
0.260165
0.77981
0.0468638
0.11139
85
0.00770308
0.288752
0.0100918
0.242229
29
0.00832642
0.193748
0.847402
0.0732286
0.242899
79
0.0044544
0.946016
0.0526988
0.315474
72
0.00936284
0.294192
0.790049
0.0363309
0.162899
9
0.000751305
0.22124
0.0570216
0.0366448
84
0.00234686
0.274167
0.855009
0.0553382
0.0937308
5
0.00451209
0.027919
0.0837301
0.341
88
0.00822404
0.02733
0.797686
0.0610946
0.038994
12
0.00305872
0.394892
0.0290487
0.293792
53
0.00687942
0.30738
0.702703
0.0672918
0.00487439
64
0.00740184
0.746984
0.0186104
0.0135662
75
0.00309976
0.358279
0.862453
0.0366073
0.391835
37
0.000877534
0.866877
0.0728736
0.379351
21
0.00597695
0.173025
0.732209
0.0439157
0.42877
56
0.00977032
0.517046
0.0621744
0.0977157
32
0.00900496
0.207508
0.916905
0.0649331
0.319908
58
0.00122034
0.578259
0.0734071
0.4309
24
0.00940022
0.308233
0.782838
0.031108
0.491315
55
0.00353858
0.472653
0.0416225
0.482776
13
0.00329801
0.117513
0.799379
0.083138
0.0233721
98
0.00972239
0.639147
0.036006
0.113126
39
0.00243426
0.284544
0.716466
0.0760826
0.295018
95
0.00122995
0.926576
0.0321577
0.390884
26
0.00496097
0.159009
0.830448
0.0335408
0.357392
91
0.00541371
0.787702
0.0306432
0.269006
97
0.000329137
0.0152926
0.778149
0.0525763
0.253289
18
0.0036019
0.992087
0.0771893
0.117801
77
0.00407387
0.385435
0.844659
0.0337318
0.240402
35
0.00330349
0.269629
0.020797
0.0653295
41
0.00555506
0.118917
0.710921
0.0851142
0.231043
42
0.00282785
0.240813
0.0121164
0.441774
76
0.00933717
0.0422341
0.705722
0.0535564
0.388482
100
0.000977753
0.768037
0.0382066
0.0705484
41
0.00463479
0.293061
0.721594
0.0595044
0.483393
10
0.00781345
0.376071
0.067016
0.141108
96
0.000755643
0.261695
0.802684
0.032285
0.107661
5
0.00608206
0.711338
0.0670789
0.0630545
64
0.00164434
0.28533
0.806131
0.0872341
0.0715429
4
0.00841168
0.627737
0.0903725
0.427562
65
0.00129448
0.0259029
0.772838
0.0559511
0.323837
29
0.00244198
0.974501
0.0420754
0.00523189
28
0.00916406
0.128346
0.80994
0.0343497
0.356224
45
0.00920386
0.217867
0.0672987
0.235862
82
0.00872845
0.331405
0.773457
0.0388141
0.445415
79
0.00958579
0.143562
0.0961819
0.00883744
44
0.00516059
0.110929
0.814569
0.0885662
0.281804
29
0.00466975
0.211403
0.033308
0.191307
17
0.0060706
0.180093
0.920543
0.0568967
0.26186
96
0.00420858
0.647352
0.0841274
0.386987
95
0.00825254
0.334329
0.950729
0.0463624
0.222692
41
0.00773324
0.62433
0.0851316
0.379166
5
0.000906345
0.0309948
0.832195
0.0135155
0.137946
49
0.00909112
0.250955
0.0189675
0.465873
55
0.00579096
0.34508
0.853016
0.0864931
0.404244
11
0.000822441
0.539487
0.0455834
0.167417
61
0.00118162
0.341566
0.715521
0.0500887
0.120806
57
0.00974356
0.253366
0.07772
0.14653
1
0.00777363
0.0343007
0.718736
0.0232533
0.389256
89
0.00779872
0.714293
0.0264757
0.0755826
38
0.00562391
0.0638278
0.902358
0.0731178
0.190222
84
0.00384602
0.520636
0.088001
0.0486388
9
0.00168773
0.21147
0.908632
0.075236
0.174209
43
0.00760671
0.420772
0.0348522
0.320681
33
0.00622254
0.242264
0.899362
0.0349408
0.151072
69
0.000429625
0.0536775
0.0205011
0.209325
94
0.00505716
0.288109
0.954693
0.0881074
0.28865
15
0.00191215
0.0631407
0.0481694
0.256201
53
0.00929238
0.0959917
0.775447
0.0338991
0.207861
33
0.00251978
0.508837
0.0941365
0.173804
23
0.00460234
0.0684006
0.958156
0.0727732
0.226692
8
0.00433979
0.918255
0.0649335
0.429107
50
0.00218993
0.202545
0.973787
0.057718
0.490397
83
0.00763407
0.388485
0.0520775
0.418085
30
0.0028907
0.377689
0.893731
0.048544
0.109667
14
0.00943039
0.187539
0.0690391
0.470504
31
0.00896504
0.392319
0.871162
0.0939631
0.161809
67
0.00418311
0.132092
0.0299979
0.459596
68
0.00150592
0.074973
0.89758
0.0984179
0.055022
44
0.00549794
0.807158
0.0276305
0.35461
40
0.00236398
0.0664219
0.934663
0.0266907
0.10557
94
0.000867307
0.709065
0.016822
0.455038
88
0.00113784
0.130787
0.928941
0.0782585
0.248853
65
0.00397329
0.117475
0.0437613
0.0998122
92
0.0023124
0.235313
0.98473
0.0763288
0.133804
40
0.0083344
0.740738
0.0376805
0.253758
11
0.00568413
0.383557
0.779326
0.0684235
0.377154
86
0.000895483
0.514771
0.0954675
0.24056
86
0.00316041
0.126563
0.728187
0.0240263
0.422055
68
0.000200106
0.939288
0.0952354
0.148542
70
0.00480806
0.222624
0.841017
0.0152655
0.29397
59
0.00212015
0.860788
0.0947023
0.079928
77
0.001074
0.122883
0.861862
0.0549391
0.126952
32
0.00159108
0.606896
0.0955927
0.0438175
64
0.00259606
0.346905
0.911337
0.0632859
0.318747
69
0.000610465
0.726116
0.0379316
0.193338
94
0.00772777
0.124966
0.994923
0.0494589
0.279621
88
0.00801951
0.0176248
0.0640273
0.0899593
74
0.00714088
0.305191
0.738397
0.0635257
0.160552
80
0.0047808
0.341393
0.0253999
0.0304055
5
0.00272934
0.240199
0.968833
0.0518726
0.0372127
97
0.00378708
0.382243
0.0294076
0.128294
9
0.00484485
0.207274
0.785973
0.0799588
0.118623
22
0.00053276
0.266677
0.08152
0.41306
85
0.00639588
0.360052
0.976456
0.0736501
0.0176762
29
0.0040991
0.405822
0.0256617
0.230417
93
0.00124233
0.179231
0.993686
0.0659073
0.00866382
78
0.00346037
0.490065
0.0966939
0.120513
88
0.00105028
0.245239
0.849518
0.0694683
0.308977
34
0.00386408
0.318936
0.0187707
0.107331
21
0.00275792
0.15721
0.904346
0.0110691
0.200172
25
0.00645988
0.204936
0.0907272
0.126889
88
0.00213987
0.119952
0.949123
0.0251052
0.167222
23
0.00172808
0.184413
0.0829052
0.397411
4
0.000289102
0.0997468
0.927991
0.0484398
0.360638
64
0.000250353
0.402941
0.031486
0.485717
17
0.00658865
0.107635
0.768907
0.0913106
0.499497
48
0.00328388
0.433721
0.0402827
0.207205
52
0.000110925
0.368393
0.824678
0.0402504
0.0261269
61
0.00887673
0.997978
0.062381
0.0375029
2
0.00507189
0.134186
0.967288
0.0805135
0.259815
54
0.00133359
0.907172
0.0328785
0.375016
64
0.00253664
0.396837
0.910764
0.012688
0.212079
34
0.00521556
0.0849025
0.098886
0.232565
99
0.00593597
0.194805
0.970977
0.086579
0.285232
12
0.00668341
0.46164
0.0713128
0.290997
3
0.00920359
0.078797
0.875593
0.0890254
0.104785
26
0.00944714
0.597736
0.0307173
0.486739
6
0.00557711
0.0848209
0.869927
0.0557706
0.398334
50
0.00529738
0.0602156
0.0509054
0.388961
55
0.00532437
0.077849
0.990919
0.0161917
0.394345
97
0.00729558
0.147395
0.0660691
0.369445
55
0.00420412
0.183155
0.838714
0.0639589
0.0789923
33
0.00425012
0.526245
0.0984284
0.420364
87
0.0058794
0.0713718
0.848041
0.0849146
0.390502
34
0.00314879
0.110489
0.0748264
0.314328
66
0.00624207
0.0431788
0.755797
0.0246512
0.41021
56
0.00679843
0.954561
0.0278051
0.0474958
66
0.00138913
0.177272
0.708006
0.0587061
0.099654
6
0.00635564
0.791219
0.033997
0.383896
58
0.00529096
0.351853
0.978775
0.0836349
0.0926197
57
0.00645354
0.427584
0.075505
0.181095
85
0.00662027
0.387229
0.835387
0.0748147
0.418778
51
0.00814931
0.686658
0.0939482
0.304021
55
0.00402574
0.22063
0.88161
0.0389956
0.0626063
45
0.000236528
0.743383
0.0497688
0.387446
51
0.00180121
0.199929
0.966051
0.0618539
0.0810632
76
0.00494395
0.93436
0.0848816
0.327264
40
0.00269805
0.371881
0.735556
0.0460297
0.304652
38
0.000634053
0.979159
0.0897332
0.435911
42
0.00509865
0.25893
0.849279
0.045546
0.20608
3
0.000460909
0.689561
0.0250453
0.432391
96
0.000364181
0.326435
0.820252
0.0251848
0.0161489
27
0.00499952
0.193299
0.0800626
0.41117
92
0.00958253
0.116498
0.767567
0.0710749
0.329595
49
0.00413748
0.618216
0.0857142
0.149559
81
0.00245641
0.104374
0.988835
0.0778604
0.407173
61
0.0073797
0.437501
0.054598
0.150483
90
0.00167907
0.0509991
0.818531
0.0298723
0.23769
15
0.00320344
0.877911
0.0472198
0.186446
20
0.00695905
0.315272
0.873694
0.0378539
0.380755
31
0.00656358
0.0728282
0.0535154
0.49112
90
0.00611378
0.349569
0.960993
0.0992767
0.021458
58
0.0088647
0.143815
0.0552669
0.173364
25
0.0010235
0.071748
0.84022
0.0144671
0.250798
29
0.00931022
0.9251
0.0957909
0.469687
14
0.00362761
0.279295
0.853881
0.078847
0.0569199
37
0.00829965
0.917665
0.0146428
0.0347732
83
0.00149805
0.146549
0.95705
0.0678957
0.312317
13
0.00999718
0.850405
0.0526114
0.185338
44
0.0068519
0.321026
0.73013
0.0261662
0.434978
40
0.00367943
0.29926
0.0866628
0.114769
42
0.00414228
0.337483
0.982188
0.0826973
0.392644
40
0.0050838
0.789545
0.0158123
0.258494
72
0.00350246
0.169453
0.762045
0.0555869
0.363788
38
0.00914377
0.777931
0.0373464
0.451028
58
0.00423089
0.323613
0.783629
0.0406141
0.307476
78
0.00095936
0.464694
0.0113453
0.472339
61
0.00811297
0.0896174
0.983203
0.0330257
0.143201
63
0.00594312
0.98058
0.0603899
0.345962
99
0.00831313
0.14293
0.964276
0.0647843
0.123425
73
0.00812676
0.113874
0.0231614
0.13358
71
0.00677231
0.35609
0.826329
0.0166473
0.133327
36
0.00325283
0.384617
0.0898249
0.357522
98
0.00181368
0.343555
0.901903
0.0442135
0.480809
72
0.00856225
0.762348
0.0596642
0.452736
98
0.00458985
0.230963
0.93831
0.052775
0.0983419
59
0.00291738
0.985157
0.0409965
0.0175013
17
0.00604185
0.0126245
0.923065
0.0769541
0.27503
38
0.00972422
0.716593
0.0554027
0.347185
60
0.00250151
0.0524179
0.993546
0.0669277
0.054747
14
0.00427159
0.227052
0.0252635
0.350594
57
0.00725194
0.0701813
0.931458
0.0118598
0.153738
26
0.0095262
0.771258
0.0181472
0.449422
54
0.00766744
0.326954
0.713441
0.0441692
0.103548
16
0.0026971
0.113531
0.0543074
0.275579
49
0.000686747
0.251981
0.854855
0.0229613
0.288154
35
0.00488272
0.101458
0.0549328
0.0870385
94
0.00382799
0.142121
0.776491
0.0607949
0.419972
85
0.00660339
0.731606
0.0782185
0.0200652
91
0.00120771
0.0827643
0.935936
0.0686323
0.237127
94
0.00796764
0.13937
0.0561365
0.170813
79
0.00985505
0.209009
0.838077
0.0241431
0.0835852
64
0.000106807
0.301981
0.0945344
0.0729062
81
0.000729694
0.399383
0.891917
0.0998212
0.3463
41
0.00266221
0.446912
0.0726496
0.139485
50
0.00969384
0.22869
0.828942
0.0743008
0.375518
44
0.00629765
0.310698
0.0163773
0.411674
34
0.0058155
0.29352
0.809022
0.0657538
0.164873
15
0.00382462
0.660794
0.0104619
0.415604
94
0.000218117
0.373711
0.963461
0.0505118
0.168358
52
0.00192515
0.43269
0.0635974
0.14767
5
0.00519251
0.365494
0.895596
0.0183318
0.444196
1
0.000847336
0.948886
0.0302138
0.151728
19
0.00290789
0.227004
0.71474
0.0807836
0.450547
53
0.00209331
0.488839
0.062576
0.334909
87
0.00727536
0.37676
0.917734
0.0234345
0.349786
72
0.00892654
0.758285
0.0357031
0.425909
47
0.00783138
0.106042
0.887543
0.0655042
0.358934
65
0.0055986
0.435136
0.0217885
0.366242
89
0.00724465
0.190747
0.72098
0.0531295
0.108701
53
0.00638833
0.379742
0.02214
0.381456
57
0.00451385
0.0416686
0.803466
0.0355531
0.0111011
75
0.00578939
0.523594
0.0685601
0.418818
18
0.00430514
0.149195
0.786522
0.0216827
0.0699942
93
0.00457768
0.736065
0.0609769
0.399546
48
0.0014187
0.0312138
0.789271
0.0381191
0.316688
54
0.00342601
0.30804
0.0711556
0.0960231
82
0.00258596
0.139244
0.87056
0.0687298
0.399234
3
0.00427844
0.453042
0.01373
0.18451
89
0.0068149
0.0200159
0.816575
0.0952807
0.412166
36
0.0046248
0.248192
0.0225687
0.0492104
11
0.00961532
0.0183819
0.865659
0.0164707
0.25936
13
0.00654626
0.991763
0.0591752
0.12539
22
0.00648051
0.390386
0.856588
0.0187007
0.0434742
34
0.00301218
0.304026
0.0459147
0.293336
13
0.00738558
0.0252723
0.933034
0.0547105
0.155023
44
0.0038999
0.229065
0.0788125
0.396243
90
0.00433941
0.366239
0.929112
0.0629078
0.409811
7
0.00790428
0.501049
0.0483435
0.319892
11
0.00208905
0.341002
0.842412
0.0314445
0.132089
11
0.00906393
0.900205
0.0402366
0.47777
63
0.00253443
0.243823
0.788627
0.0811188
0.0767297
84
0.00862117
0.849235
0.0490591
0.058347
36
0.00785401
0.0230486
0.964438
0.0260146
0.0379517
50
0.00263161
0.586554
0.0975368
0.192024
57
0.00962698
0.290318
0.947781
0.0961376
0.191608
98
0.00777763
0.68458
0.02486
0.435066
30
0.00732647
0.083729
0.734454
0.0174294
0.332492
47
0.00417691
0.0199541
0.0530728
0.380989
59
0.00427508
0.0481954
0.896485
0.0401848
0.471402
57
0.00792157
0.96942
0.0258992
0.0451116
13
0.00355422
0.13317
0.743189
0.0660144
0.0100901
94
0.00150722
0.611844
0.0696247
0.298952
26
0.00220366
0.280292
0.97715
0.015545
0.335745
71
0.00221771
0.629568
0.0860103
0.336174
80
0.00845822
0.137178
0.88403
0.0270206
0.0824232
22
0.00915693
0.325606
0.0384901
0.110309
23
0.00128677
0.26466
0.812953
0.0394932
0.216948
97
0.00100878
0.839999
0.0855228
0.324536
6
0.000423502
0.0350926
0.717128
0.0697556
0.263899
58
0.00698196
0.045274
0.0161611
0.475166
72
0.00699421
0.369967
0.709867
0.0398358
0.299332
6
0.00731762
0.331328
0.0334438
0.49957
81
0.000811585
0.336121
0.801022
0.0815192
0.00667879
64
0.00043844
0.583678
0.0806037
0.395111
2
0.000252731
0.0686125
0.784898
0.069764
0.435823
66
0.0011711
0.512736
0.0979082
0.447617
23
0.0067432
0.214292
0.860104
0.0983487
0.497585
76
0.00399508
0.97367
0.028799
0.419579
82
0.00433619
0.0738033
0.86783
0.0331769
0.429648
30
0.00957753
0.897773
0.0633318
0.176552
36
0.00738695
0.269448
0.886751
0.0309099
0.442982
84
0.0064173
0.269393
0.0208364
0.366572
1
0.00850258
0.184089
0.71151
0.0197136
0.446182
78
0.00828611
0.137542
0.0488641
0.283931
32
0.00513786
0.324782
0.915518
0.0887385
0.0282414
90
0.00590963
0.323416
0.0242393
0.476537
45
0.00494854
0.249227
0.996931
0.0373489
0.306805
58
0.00198108
0.351015
0.010745
0.00200938
68
0.00656444
0.236631
0.850523
0.0540161
0.120628
4
0.000557643
0.416573
0.0511209
0.467564
71
0.00869362
0.372439
0.765546
0.032349
0.427558
8
0.00868367
0.481598
0.0623147
0.0148097
68
0.00601663
0.0566837
0.820101
0.0564749
0.100502
96
0.00138353
0.131512
0.0343446
0.227843
73
0.00740635
0.0116654
0.724667
0.0248119
0.0506604
41
0.00538779
0.783737
0.0704426
0.376603
84
0.00503372
0.237404
0.939023
0.0725162
0.129798
65
0.000286747
0.465608
0.0126184
0.239131
51
0.00202464
0.206063
0.884501
0.0824438
0.286515
80
0.00321647
0.359485
0.0932967
0.140458
34
0.000540205
0.152713
0.913523
0.0728572
0.197389
42
0.00649321
0.423724
0.0499993
0.136144
50
0.00474158
0.0114755
0.81672
0.0881406
0.343223
92
0.0040323
0.239409
0.0201183
0.175359
46
0.00303951
0.19882
0.804339
0.0318655
0.405633
74
0.00513379
0.0976244
0.0237486
0.353624
13
0.00809004
0.352955
0.741844
0.0854018
0.0199265
51
0.000327785
0.478046
0.0844569
0.157786
100
0.00377592
0.0288169
0.714249
0.0545193
0.201354
11
0.00112926
0.0134514
0.0170026
0.234594
18
0.0057522
0.0818676
0.967602
0.0838495
0.432778
31
0.000576147
0.528912
0.0693898
0.164009
3
0.00437465
0.212498
0.712597
0.0279751
0.0186278
95
0.00561861
0.930719
0.0909284
0.360982
67
0.00138663
0.177976
0.903829
0.0632074
0.425711
54
0.00994338
0.0684345
0.0589508
0.250333
87
0.00546037
0.278621
0.701792
0.080727
0.443774
93
0.00299374
0.827738
0.0361863
0.277885
78
0.00775588
0.388267
0.979504
0.0308257
0.125895
17
0.00611088
0.784927
0.0448035
0.0282261
43
0.00994146
0.219293
0.983647
0.0133728
0.400702
73
0.00806271
0.285916
0.0724549
0.165532
73
0.00099707
0.0378332
0.872549
0.0502124
0.362361
3
0.0071263
0.0822933
0.0450182
0.384781
8
0.00115388
0.175925
0.960559
0.0700777
0.468941
30
0.00622937
0.078473
0.0190067
0.102927
69
0.00857106
0.200964
0.880431
0.0347146
0.43653
13
0.00734567
0.745423
0.0994269
0.41335
73
0.00409168
0.380782
0.7715
0.0846672
0.146174
84
0.00756914
0.90548
0.0719864
0.199602
34
0.00477296
0.104983
0.764625
0.0201532
0.256434
96
0.00374581
0.101924
0.0581904
0.181968
29
0.00358725
0.164254
0.796999
0.0681323
0.21844
73
0.00324774
0.121799
0.0899676
0.414332
4
0.00373049
0.16072
0.914276
0.0492917
0.325685
8
0.00674858
0.534497
0.0377242
0.416845
21
0.00997546
0.0572497
0.766554
0.0668444
0.479295
66
0.00125971
0.108105
0.0567574
0.327771
7
0.00852374
0.133354
0.781227
0.0452655
0.21951
35
0.00510755
0.510765
0.0577981
0.343079
97
0.00891078
0.15174
0.79675
0.0739765
0.187413
82
0.00339981
0.222751
0.0724824
0.10536
33
0.00762204
0.191075
0.707473
0.0994511
0.064544
26
0.00470788
0.812998
0.0755283
0.141914
19
0.00719454
0.252807
0.808816
0.0453972
0.486242
43
0.00907092
0.0119679
0.0619321
0.213265
7
0.00308384
0.0694325
0.88864
0.0642102
0.438777
74
0.0081907
0.491234
0.0138194
0.23665
92
0.00282217
0.27244
0.968066
0.0376851
0.254529
69
0.00612497
0.823942
0.0151787
0.306068
15
0.00192042
0.322131
0.927648
0.0103932
0.0769853
21
0.000136246
0.475998
0.0674681
0.0669862
53
0.00170794
0.0605332
0.885574
0.0436775
0.374168
80
0.00704246
0.573862
0.0399052
0.393275
36
0.00498215
0.270514
0.833483
0.0293111
0.417986
32
0.000710288
0.989041
0.055639
0.207861
52
0.00132499
0.397239
0.839593
0.0908994
0.233643
94
0.00215224
0.824948
0.0422251
0.289157
10
0.00974965
0.135039
0.817882
0.0120953
0.430584
25
0.00155243
0.636562
0.0667814
0.429572
73
0.00835146
0.181361
0.709374
0.0644294
0.494104
48
0.00809091
0.706289
0.0982093
0.217583
38
0.00770363
0.289423
0.924576
0.0217133
0.340914
96
0.00742695
0.845292
0.0462905
0.400588
48
0.00404336
0.111802
0.992079
0.0789505
0.290386
41
0.00578125
0.263546
0.0736596
0.337661
43
0.00877605
0.156417
0.751199
0.0591742
0.183349
25
0.00900575
0.890296
0.0241013
0.244242
62
0.00602396
0.248266
0.7325
0.0179691
0.27381
51
0.000410308
0.234087
0.0793647
0.426691
3
0.00633351
0.325753
0.823717
0.0860669
0.342093
95
0.0025134
0.863133
0.0429654
0.36458
49
0.00500005
0.316991
0.940608
0.0923174
0.35122
46
0.00293542
0.103924
0.0687044
0.362009
74
0.000467298
0.0139879
0.738034
0.010714
0.173398
99
0.00593465
0.0900211
0.01221
0.302762
40
0.00326722
0.184896
0.778818
0.0346041
0.277934
24
0.00728645
0.699754
0.0524165
0.0273257
36
0.00614338
0.209705
0.812136
0.025798
0.302921
68
0.00747988
0.371408
0.0802255
0.423014
25
0.000933988
0.277285
0.889467
0.0242412
0.367198
52
0.00149751
0.657141
0.0465374
0.00744757
60
0.00370532
0.373403
0.745756
0.0410769
0.447741
82
0.00337127
0.200941
0.0424577
0.336583
16
0.00779775
0.0918112
0.831243
0.0459477
0.437959
37
0.00443139
0.0245574
0.0234554
0.0884192
75
0.00468448
0.370677
0.799883
0.0333818
0.0719098
33
0.0093291
0.403696
0.0304269
0.250658
83
0.00284482
0.0636875
0.836419
0.0274167
0.0633513
85
0.00393141
0.799634
0.031259
0.262177
47
0.0079826
0.183731
0.784186
0.063744
0.0535409
31
0.00782795
0.804492
0.0256442
0.333909
7
0.00157224
0.374665
0.988289
0.0245709
0.199231
22
0.00180704
0.722374
0.0708783
0.392232
83
0.00134227
0.390835
0.945254
0.0750541
0.426524
24
0.00878403
0.882976
0.0628738
0.0565346
31
0.00665181
0.22303
0.882144
0.0166651
0.0399959
51
0.000796154
0.0560777
0.026605
0.246635
41
0.003986
0.103499
0.831729
0.0222584
0.00588914
99
0.00673281
0.126864
0.0358338
0.489174
34
0.000699278
0.239237
0.892051
0.0908036
0.458351
27
0.00496724
0.943623
0.041225
0.300575
26
0.00571458
0.0486727
0.727302
0.0130934
0.477126
24
0.00160981
0.893899
0.0529634
0.0618045
2
0.00660195
0.301616
0.879512
0.0724454
0.298163
19
0.00691573
0.70443
0.0230145
0.195353
32
0.0071594
0.303112
0.727634
0.0178053
0.193827
31
0.00852845
0.1974
0.0810325
0.481595
35
0.00576577
0.114826
0.745364
0.0706508
0.176669
62
0.00996654
0.928762
0.0770497
0.227423
82
0.000133693
0.379601
0.810938
0.0517075
0.220522
76
0.000379661
0.551111
0.0366537
0.304483
12
0.00680823
0.021012
0.886087
0.037969
0.290483
5
0.00116528
0.962448
0.09592
0.391659
39
0.00960248
0.198514
0.946895
0.0327584
0.035347
92
0.00437454
0.516363
0.0133921
0.0642754
97
0.00418589
0.154011
0.755398
0.0719285
0.233006
93
0.0078864
0.546079
0.0638287
0.0624943
64
0.0016055
0.0235046
0.719878
0.0423206
0.297117
48
0.000714426
0.216565
0.0870829
0.444944
12
0.00936822
0.25537
0.942279
0.0128664
0.0608227
25
0.00542762
0.150228
0.0267861
0.0316296
44
0.00903769
0.033699
0.857658
0.0835392
0.262969
36
0.00187775
0.00464473
0.0495217
0.289643
45
0.00216709
0.323517
0.966441
0.0496876
0.122696
15
0.00625785
0.673885
0.081152
0.101043
50
0.00323485
0.316221
0.937348
0.0987996
0.131056
53
0.00640203
0.909942
0.0883314
0.0394922
54
0.00797084
0.31473
0.97238
0.0897431
0.125582
74
0.0040542
0.672607
0.0599214
0.252722
100
0.00074024
0.168721
0.768001
0.0374001
0.191791
95
0.00618885
0.595186
0.0631151
0.294715
27
0.00643799
0.130051
0.881181
0.0313236
0.17073
3
0.00866851
0.169805
0.076109
0.166388
56
0.0081666
0.170172
0.921508
0.083271
0.280786
97
0.00927113
0.439543
0.0746134
0.160062
77
0.0041369
0.273249
0.826916
0.0302209
0.243595
29
0.00721892
0.277474
0.0339056
0.353207
6
0.00735092
0.217793
0.815374
0.087034
0.434092
92
0.0062905
0.300257
0.0375078
0.280711
93
0.00197313
0.157738
0.807297
0.0615057
0.337435
69
0.00706024
0.459121
0.0331966
0.052374
83
0.00905459
0.344434
0.888087
0.0764459
0.331082
10
0.00966107
0.165496
0.0970783
0.443344
28
0.00821749
0.024272
0.776706
0.0515115
0.0731793
27
0.00415188
0.560394
0.0890457
0.0689646
62
0.00388254
0.350746
0.874307
0.0463044
0.119287
33
0.00119308
0.888358
0.0429315
0.215966
61
0.00340151
0.319093
0.757317
0.0567764
0.416719
81
0.00454247
0.494381
0.0442245
0.153118
33
0.00789854
0.0743663
0.917348
0.0942332
0.296247
30
0.00988168
0.835821
0.0597518
0.0843979
56
0.00567067
0.0877213
0.770735
0.0594637
0.371739
38
0.00962807
0.718738
0.0996134
0.0266183
86
0.0065329
0.298203
0.846683
0.0859094
0.140098
6
0.00785649
0.449741
0.0414965
0.0231691
31
0.00876863
0.0369252
0.737057
0.0316143
0.04946
44
0.00222859
0.337891
0.0396709
0.330549
22
0.00247686
0.186138
0.86944
0.030096
0.0651963
72
0.00955743
0.0506397
0.0935303
0.282183
10
0.000958319
0.376264
0.749197
0.017124
0.135077
56
0.00449286
0.500743
0.0311674
0.349056
61
0.00442838
0.367549
0.909626
0.0646058
0.230313
88
0.00824037
0.469462
0.0398685
0.11741
55
0.00470607
0.140873
0.871773
0.0523764
0.242139
28
0.00511341
0.364917
0.043537
0.179383
78
0.000865316
0.126011
0.787904
0.0503667
0.147611
67
0.00664326
0.624801
0.0481391
0.27204
22
0.00598828
0.283629
0.762299
0.0367946
0.278512
93
0.00372535
0.645977
0.0418514
0.0245592
88
0.00828728
0.221457
0.916311
0.0894991
0.163857
68
0.000946919
0.331759
0.0246479
0.274764
4
0.00701089
0.0559298
0.806673
0.0582366
0.068475
18
0.00246983
0.322907
0.0174658
0.193706
8
0.00023478
0.305909
0.896942
0.0444698
0.402709
12
0.00195941
0.38579
0.0655349
0.479055
47
0.00794989
0.217134
0.997657
0.0753587
0.179986
62
0.0030367
0.936959
0.0838644
0.329117
60
0.00752307
0.321583
0.707099
0.0820851
0.0228425
43
0.00182926
0.568114
0.070794
0.498158
49
0.00678121
0.151005
0.835791
0.0358452
0.142616
58
0.00185014
0.033323
0.0920851
0.431491
26
0.00489936
0.0987381
0.948487
0.0601037
0.488171
48
0.00240269
0.256639
0.0943967
0.245649
24
0.00670853
0.29719
0.944306
0.0288106
0.493586
18
0.00223937
0.899834
0.0760075
0.317163
6
0.00842462
0.053436
0.900718
0.0191481
0.344366
56
0.00902095
0.549918
0.062931
0.308502
8
0.00722635
0.167193
0.741243
0.0902094
0.0805352
91
0.00551345
0.242293
0.084339
0.0294488
80
0.00345354
0.0867065
0.826033
0.0571264
0.129425
55
0.00849898
0.579928
0.0285537
0.283258
59
0.00698912
0.143769
0.782028
0.079378
0.487337
39
0.000184449
0.163669
0.038815
0.157288
75
0.0054138
0.310837
0.915257
0.0786547
0.216398
80
0.000675458
0.48364
0.056889
0.317466
53
0.00746585
0.247669
0.975491
0.0816813
0.198516
55
0.00525045
0.737414
0.0922893
0.106651
45
0.00472432
0.287592
0.742462
0.06306
0.441801
71
0.00381985
0.544115
0.0996669
0.409847
45
0.00319282
0.289103
0.937793
0.0676954
0.137219
43
0.00921662
0.829503
0.0766046
0.119581
76
0.00691591
0.17625
0.790947
0.0844765
0.484903
16
0.0092908
0.311801
0.0148623
0.0601083
32
0.00560301
0.201512
0.970387
0.0573693
0.0201324
46
0.00203514
0.397635
0.0972562
0.362671
9
0.00537951
0.0943192
0.953751
0.0139855
0.0363202
60
0.00066802
0.842165
0.0317527
0.161849
16
0.0086116
0.144426
0.80538
0.0280149
0.0900085
50
0.000273892
0.135723
0.0199589
0.462943
99
0.00267776
0.0611096
0.810263
0.0435745
0.094704
2
0.00139
0.879568
0.0663206
0.0776256
58
0.0026494
0.238255
0.759663
0.0903776
0.496624
14
0.00174356
0.700973
0.0171924
0.310511
56
0.00868305
0.263545
0.704307
0.0965035
0.158221
98
0.00351595
0.156027
0.0601621
0.455114
25
0.00456507
0.108323
0.905911
0.0921695
0.271431
62
0.000538292
0.616012
0.0828749
0.389505
46
0.00928213
0.0271464
0.844831
0.0576004
0.456526
5
0.00229282
0.855567
0.081741
0.279541
54
0.00999543
0.304173
0.730809
0.0115567
0.283576
17
0.00189402
0.0032339
0.0263787
0.115994
21
0.00317546
0.367104
0.823984
0.0128835
0.367304
38
0.00172264
0.782146
0.0820458
0.277388
10
0.00518448
0.22053
0.731418
0.0703683
0.386611
64
0.00469193
0.128767
0.0690575
0.437803
37
0.00804388
0.356492
0.735116
0.0878929
0.291599
37
0.00269015
0.0140298
0.0986801
0.0798266
95
0.00931259
0.254513
0.801487
0.073891
0.228477
75
0.00854121
0.830752
0.0176889
0.252222
2
0.00416803
0.318834
0.835148
0.0651501
0.461789
95
0.00239572
0.659814
0.0758592
0.318592
80
0.00511501
0.229721
0.760118
0.0522141
0.393582
85
0.00357103
0.259146
0.0203993
0.20566
24
0.00441236
0.308829
0.910385
0.0513882
0.180859
7
0.00810266
0.0711003
0.0143719
0.051736
93
0.00112051
0.172775
0.717594
0.0717609
0.378886
89
0.00843169
0.397139
0.078995
0.483721
8
0.00848757
0.303371
0.962408
0.0905702
0.0134572
13
0.000641827
0.696557
0.053592
0.408929
43
0.00826659
0.383889
0.837309
0.0970724
0.336702
49
0.00377715
0.592375
0.0915098
0.125974
18
0.00609672
0.317992
0.991392
0.0712853
0.257668
50
0.00689245
0.946577
0.0432747
0.225037
99
0.00228167
0.172189
0.706555
0.0220224
0.384448
87
0.00154492
0.0988321
0.0999436
0.363732
61
0.00898947
0.296893
0.924127
0.0195344
0.333603
21
0.00204665
0.913265
0.0323838
0.0169456
23
0.00908946
0.120725
0.907606
0.0775807
0.370266
98
0.00566553
0.275596
0.0444976
0.438788
63
0.0074951
0.0657161
0.936519
0.0283843
0.282443
3
0.00890732
0.496638
0.0355591
0.222662
54
0.00400713
0.0618155
0.890581
0.0981901
0.245466
99
0.00259005
0.933633
0.0513904
0.0127057
41
0.00429271
0.335315
0.787916
0.0147352
0.0410538
12
0.0056856
0.346343
0.0990052
0.471885
68
0.00527824
0.3607
0.760589
0.0425933
0.355073
42
0.00406773
0.530773
0.08671
0.0422798
24
0.00944314
0.0815867
0.943441
0.0828257
0.377277
20
0.00394155
0.172691
0.0779943
0.0918528
85
0.00233086
0.109741
0.858864
0.0948835
0.482272
88
0.00707921
0.261968
0.0608368
0.214648
41
0.00240467
0.398372
0.76298
0.0415543
0.257414
63
0.000342076
0.503717
0.0973389
0.204895
3
0.00684495
0.320188
0.987548
0.0998099
0.0952857
99
0.000515638
0.430218
0.0547381
0.46128
14
0.00379635
0.0990262
0.729585
0.0111934
0.024028
7
0.00368682
0.643262
0.0965685
0.445712
14
0.00360806
0.0625856
0.754129
0.0151908
0.408657
52
0.00472329
0.561006
0.0643287
0.183494
65
0.00618423
0.31304
0.86881
0.0741424
0.144566
86
0.00666193
0.479612
0.0605742
0.0710683
80
0.00628881
0.21051
0.728845
0.0145796
0.0481725
46
0.00452579
0.922166
0.0699472
0.458524
15
0.00818613
0.131746
0.87293
0.014918
0.328059
98
0.00364781
0.811377
0.0491216
0.0108091
66
0.0020188
0.112252
0.799126
0.0291466
0.30131
6
0.00476015
0.290161
0.0214288
0.33309
70
0.00717918
0.263421
0.757889
0.0321134
0.31365
11
0.00983835
0.670162
0.039199
0.104087
20
0.00286187
0.398803
0.982808
0.0447248
0.372471
10
0.0054602
0.694433
0.0271851
0.0739658
35
0.00792402
0.214625
0.821704
0.0211445
0.252323
67
0.00897059
0.859764
0.0124705
0.286638
27
0.00300505
0.131113
0.890988
0.0295652
0.153063
20
0.00794467
0.165998
0.0371588
0.0667777
31
0.00549812
0.205377
0.861223
0.0841167
0.0877066
78
0.00527091
0.664674
0.0196155
0.18047
37
0.00489014
0.334743
0.933869
0.0620806
0.317536
14
0.00411354
0.245582
0.038367
0.0381168
57
0.00344416
0.244534
0.952574
0.0674816
0.189205
62
0.00981862
0.0461051
0.0291846
0.2666
59
0.000402779
0.0890494
0.748665
0.032574
0.0847021
54
0.00574959
0.697524
0.0148195
0.315259
33
0.00291607
0.195459
0.995756
0.0797273
0.228949
52
0.00535339
0.337209
0.0541365
0.0983604
54
0.00409962
0.332646
0.726034
0.0352443
0.29943
33
0.00571643
0.275345
0.0387232
0.377889
50
0.0042485
0.1969
0.723943
0.0285562
0.455944
19
0.00662629
0.752348
0.0612208
0.323597
91
0.00640864
0.354426
0.965177
0.0989824
0.316023
10
0.00457184
0.853439
0.0873509
0.187566
57
0.000647604
0.188292
0.775175
0.0466866
0.449791
65
0.00241898
0.374182
0.0198998
0.115595
59
0.00177182
0.379799
0.98957
0.0928715
0.169452
79
0.00966651
0.178386
0.086298
0.0334109
91
0.00646909
0.357656
0.986687
0.0175993
0.224702
72
0.0075438
0.570602
0.0874152
0.202957
14
0.00944952
0.113539
0.71213
0.0563685
0.457729
90
0.00949511
0.967459
0.0172975
0.496094
96
0.0099342
0.328888
0.700683
0.0572639
0.495876
69
0.00283356
0.960183
0.0992304
0.0157342
44
0.00907686
0.38863
0.793367
0.0420616
0.236254
19
0.00715053
0.679325
0.0645394
0.493295
46
0.00630201
0.146022
0.864739
0.0883586
0.408144
90
0.00505732
0.650779
0.0784079
0.309727
35
0.00989148
0.251731
0.758703
0.0933645
0.309867
6
0.00503109
0.379078
0.0351453
0.297841
85
0.00859339
0.12462
0.839157
0.0433434
0.431268
71
0.00439278
0.077142
0.0680091
0.137281
13
0.00755883
0.0770043
0.981288
0.0304642
0.0477019
61
0.00371164
0.956455
0.0326661
0.39909
71
0.00153681
0.136096
0.817739
0.0892934
0.202295
17
0.00296668
0.202008
0.0467356
0.279031
18
0.00800984
0.291472
0.758341
0.0590482
0.32667
18
0.00670512
0.253864
0.0894907
0.37245
78
0.000917995
0.0804199
0.859342
0.0487342
0.474058
22
0.00276934
0.448168
0.0694077
0.122397
66
0.00336507
0.34064
0.86296
0.0755518
0.102333
75
0.00749404
0.715256
0.0282376
0.446772
78
0.00689576
0.0408773
0.790827
0.0170096
0.113385
89
0.00599813
0.7788
0.0615529
0.464371
7
0.00544018
0.296116
0.89494
0.027523
0.0975903
12
0.00683995
0.0290746
0.0274147
0.339695
37
0.00917743
0.271141
0.828031
0.086274
0.2407
92
0.00501371
0.589634
0.092554
0.135048
28
0.00198102
0.186678
0.978042
0.0950518
0.335022
16
0.00207914
0.353068
0.0937009
0.423373
90
0.00347253
0.276688
0.906388
0.0791249
0.0468022
88
0.00819928
0.0430202
0.0498899
0.358806
51
0.000604125
0.3863
0.986034
0.0530061
0.148211
80
0.00602233
0.2356
0.0677733
0.436327
53
0.0063706
0.215786
0.741952
0.0156577
0.194969
53
0.00961258
0.353641
0.0752219
0.170174
27
0.00172939
0.375624
0.976072
0.085747
0.452683
5
0.00993441
0.441622
0.0618173
0.210684
69
0.00865527
0.192193
0.990382
0.0491785
0.115749
21
0.00459635
0.341135
0.0117355
0.424533
98
0.00445371
0.016985
0.877955
0.0617474
0.46023
55
0.00845438
0.885146
0.0795293
0.488203
28
0.00122241
0.122233
0.998913
0.0598462
0.170504
50
0.00697049
0.0882523
0.0559361
0.296083
39
0.000557106
0.232228
0.953445
0.0384947
0.0610589
2
0.00157457
0.633744
0.0845424
0.0549753
10
0.00438872
0.0539113
0.939286
0.0116457
0.161271
41
0.0013156
0.17442
0.0347141
0.130131
44
0.00081436
0.353705
0.744168
0.0707915
0.211199
83
0.00110319
0.652899
0.0583768
0.0445241
69
0.00448132
0.072974
0.931048
0.0613855
0.124715
53
0.005632
0.666833
0.0159804
0.00672373
99
0.00395282
0.208551
0.85314
0.01375
0.182521
77
0.00315531
0.328104
0.0110795
0.291921
79
0.0052525
0.0223561
0.763755
0.041806
0.115821
14
0.00614976
0.832528
0.0796683
0.22026
24
0.00553226
0.0172507
0.920959
0.0585118
0.469205
39
0.00859449
0.0397706
0.0131435
0.49237
11
0.00894492
0.16235
0.841946
0.0192107
0.320496
83
0.0082617
0.261345
0.064724
0.228884
35
0.00782141
0.153511
0.959566
0.0101069
0.106211
76
0.00926118
0.207029
0.0475415
0.351373
76
0.00564244
0.161387
0.940352
0.0188246
0.273229
70
0.00350554
0.621514
0.0425942
0.0191289
2
0.00328295
0.0980819
0.877183
0.04148
0.152067
61
0.00287222
0.230844
0.0297859
0.177618
81
0.00224927
0.166115
0.978284
0.0553644
0.267557
82
0.0027501
0.0484842
0.0929603
0.0576074
49
0.00942123
0.159814
0.740256
0.0588905
0.18422
16
0.00823357
0.772787
0.0461608
0.312469
84
0.0018832
0.347377
0.739168
0.0371717
0.117011
34
0.00148478
0.873861
0.012994
0.231229
30
0.00164867
0.266489
0.737548
0.0956675
0.0345279
72
0.00620336
0.215551
0.0864488
0.16808
73
0.00964997
0.0597223
0.75206
0.0212816
0.238526
71
0.00952265
0.458961
0.0472669
0.266331
65
0.00912137
0.310104
0.856781
0.0947786
0.0097712
56
0.00259656
0.604842
0.019367
0.371195
74
0.00710013
0.0800988
0.744575
0.0103318
0.0667602
82
0.00170082
0.684891
0.045272
0.0226921
43
0.00626292
0.189102
0.747239
0.058373
0.12836
90
0.000363208
0.547985
0.052199
0.268339
81
0.00206398
0.359095
0.858043
0.0362066
0.247417
63
0.00586025
0.655955
0.0515401
0.199993
94
0.00812041
0.249731
0.981054
0.0470624
0.379313
61
0.00636363
0.319548
0.0103352
0.349408
67
0.00786515
0.362871
0.843484
0.0536681
0.313227
91
0.00565889
0.422762
0.0441272
0.144452
79
0.00790733
0.0855139
0.997934
0.0457503
0.0513369
82
0.00605894
0.486168
0.0470739
0.163079
15
0.0038424
0.105666
0.70894
0.0781769
0.0253156
64
0.000151646
0.920549
0.0852559
0.00477105
75
0.00192199
0.0972332
0.792214
0.0801128
0.471011
39
0.00941836
0.522387
0.0593541
0.341329
42
0.00481367
0.328184
0.735903
0.0408348
0.353943
86
0.00838903
0.335121
0.0571791
0.348068
70
0.00730112
0.0756249
0.926661
0.0209344
0.27618
100
0.00600372
0.676469
0.0395006
0.478672
58
0.000585666
0.225782
0.802185
0.0973889
0.159497
90
0.00936976
0.869891
0.0278452
0.453882
80
0.00564613
0.389383
0.733002
0.0253857
0.175537
77
0.00474961
0.0548948
0.0439426
0.0533848
20
0.000984176
0.342934
0.821116
0.0360374
0.369699
30
0.00317133
0.952641
0.0563585
0.159294
95
0.00970964
0.361851
0.86719
0.0607419
0.114136
68
0.00482953
0.638057
0.0363911
0.367828
75
0.0021235
0.302202
0.705218
0.0910835
0.178436
70
0.00759476
0.795305
0.0915623
0.442558
92
0.00106457
0.141457
0.907264
0.0945728
0.423438
79
0.00332945
0.358348
0.0950051
0.0400959
29
0.000495997
0.21859
0.930603
0.0238205
0.231698
11
0.00805442
0.558725
0.0299669
0.322392
8
0.00337519
0.232924
0.895118
0.077335
0.051954
4
0.00940014
0.610729
0.0653357
0.480086
91
0.00983715
0.266649
0.918931
0.0777653
0.265623
81
0.0070031
0.313898
0.0434756
0.226397
86
0.00306896
0.339335
0.898572
0.0611488
0.247842
21
0.00865152
0.9656
0.0742597
0.00958096
96
0.00126031
0.203275
0.829848
0.0622639
0.482032
81
0.00211756
0.0925099
0.0786489
0.151288
96
0.00110968
0.1142
0.952116
0.0957501
0.00205387
78
0.00587832
0.818082
0.0776561
0.131298
71
0.00950869
0.31108
0.777341
0.0641576
0.193347
47
0.00978958
0.994529
0.0684472
0.403775
19
0.00387535
0.0673618
0.761461
0.0121945
0.383681
4
0.00216419
0.079876
0.0295395
0.408067
67
0.000191145
0.282985
0.773744
0.0341052
0.485532
42
0.00297492
0.754055
0.0799412
0.421478
86
0.00350923
0.181694
0.75009
0.093607
0.473873
45
0.00519607
0.279636
0.0404574
0.187934
91
0.00844583
0.257263
0.958799
0.0297897
0.331343
2
0.00226297
0.802255
0.0824058
0.0598087
84
0.00381673
0.0583644
0.882695
0.0203489
0.351596
7
0.00750985
0.497227
0.0458086
0.451824
60
0.000512343
0.0279596
0.786829
0.0510239
0.264962
70
0.00178939
0.770275
0.0223106
0.0328882
17
0.00342327
0.0935237
0.913122
0.0967643
0.101468
18
0.00881322
0.306357
0.0813466
0.0916395
86
0.00391201
0.306498
0.930028
0.0204595
0.136101
1
0.00617556
0.413724
0.0501498
0.0935696
46
0.00584305
0.0390979
0.703509
0.0871782
0.0313624
40
0.00177812
0.565107
0.0576991
0.467027
70
0.00538832
0.0490915
0.804869
0.0393078
0.144974
27
0.00589052
0.293204
0.0260653
0.123542
62
0.00642331
0.0905742
0.89839
0.0709589
0.381803
60
0.00249393
0.148188
0.0822856
0.197418
18
0.00884149
0.16831
0.726693
0.0482158
0.185559
40
0.00875083
0.722696
0.0235909
0.0948119
42
0.000616109
0.24624
0.955487
0.0926677
0.187744
77
0.00253708
0.223848
0.0550597
0.083398
97
0.00892086
0.312093
0.956276
0.0965812
0.245982
97
0.000489807
0.159882
0.0540589
0.484379
12
0.00840641
0.37827
0.752764
0.0399029
0.0591899
28
0.00166903
0.0738979
0.0931092
0.0857038
38
0.00522773
0.338992
0.781794
0.062587
0.214661
17
0.00146413
0.555275
0.0518609
0.286269
26
0.0018652
0.0302497
0.851346
0.0842496
0.0852722
26
0.000175582
0.00729378
0.0885462
0.332286
30
0.00370085
0.268583
0.815489
0.0919219
0.209598
20
0.00516985
0.874505
0.0705207
0.178317
86
0.00136052
0.285724
0.841396
0.0605502
0.489504
73
0.00141047
0.0300005
0.0115725
0.0465758
24
0.00195727
0.0361444
0.750376
0.0735129
0.0755188
79
0.00755441
0.0649996
0.0390739
0.120933
47
0.00616343
0.384577
0.766046
0.0411594
0.415582
45
0.00532413
0.649761
0.0805076
0.296649
12
0.00302423
0.14564
0.780465
0.075967
0.0960511
49
0.00479352
0.00810065
0.0791286
0.196193
29
0.00980012
0.277552
0.868081
0.0664822
0.0124623
59
0.00218893
0.632528
0.0506375
0.172625
93
0.00613233
0.165582
0.825142
0.0157773
0.395302
38
0.0088392
0.708226
0.0107106
0.264272
72
0.00366642
0.196037
0.860279
0.0473497
0.155889
55
0.00873137
0.506111
0.045332
0.261248
20
0.0088761
0.393499
0.974842
0.0784376
0.223764
44
0.00107618
0.347865
0.0740743
0.2702
30
0.00671718
0.235983
0.893071
0.0889096
0.321804
36
0.00556929
0.894538
0.0832749
0.204308
67
0.00973169
0.364891
0.95911
0.0653106
0.412372
92
0.0023214
0.677839
0.0586033
0.473939
64
0.000156366
0.17111
0.947553
0.097761
0.465114
87
0.0055335
0.119705
0.0892859
0.0356613
5
0.00901485
0.203628
0.856041
0.0265089
0.454359
43
0.00311592
0.154866
0.0239908
0.240385
98
0.00803039
0.347871
0.794547
0.0962736
0.467141
49
0.00724617
0.542856
0.0192607
0.339201
74
0.00742788
0.155284
0.932435
0.0139498
0.221037
93
0.00401396
0.426405
0.047812
0.259935
5
0.00396948
0.27552
0.90146
0.0277234
0.498945
60
0.00546614
0.362816
0.0722707
0.405292
83
0.000267691
0.0438845
0.822059
0.0924559
0.269615
67
0.00197207
0.86431
0.0737322
0.108968
70
0.00244091
0.394976
0.710513
0.0598911
0.226042
84
0.002002
0.188967
0.0140288
0.468547
79
0.00589455
0.204938
0.715709
0.0714263
0.414609
87
0.00687929
0.90361
0.0215601
0.258378
16
0.00582471
0.189882
0.942156
0.0561387
0.375179
27
0.00581646
0.181868
0.0516417
0.256601
55
0.00703582
0.136598
0.878235
0.0306213
0.111887
69
0.00113274
0.982625
0.0317977
0.190173
74
0.0076533
0.12113
0.985423
0.014143
0.253928
25
0.0074494
0.97135
0.0637855
0.265223
37
0.00463101
0.0385724
0.926469
0.0290389
0.459148
86
0.00713112
0.0355513
0.0702173
0.457576
45
0.00357438
0.158923
0.950313
0.0214917
0.401334
19
0.00735076
0.272489
0.0212075
0.0251078
11
0.0049249
0.0546927
0.746495
0.0272134
0.222493
71
0.000761935
0.537569
0.0749811
0.385732
52
0.00375331
0.164523
0.987693
0.0773069
0.369149
8
0.00719765
0.739486
0.0681493
0.307419
85
0.00914501
0.0104682
0.774217
0.0428495
0.305495
70
0.00285999
0.399447
0.0658656
0.155648
48
0.00708358
0.0400922
0.8439
0.0876233
0.0867092
91
0.00491936
0.941671
0.0888863
0.201751
27
0.00634089
0.0193215
0.764401
0.0701813
0.466556
62
0.00361151
0.0956233
0.0142391
0.221951
93
0.000444703
0.0135206
0.845834
0.0382923
0.33883
23
0.00675548
0.391766
0.0981909
0.311768
69
0.0022272
0.281179
0.980053
0.0822988
0.213475
23
0.00875275
0.532631
0.0532339
0.301686
19
0.00311427
0.0516016
0.86514
0.0550982
0.396353
19
0.0072663
0.734304
0.0165199
0.108133
75
0.00922106
0.102423
0.925679
0.0355653
0.0697799
47
0.0098718
0.821433
0.0858214
0.111213
98
0.00204161
0.0646029
0.813109
0.0899956
0.213908
9
0.000303639
0.317054
0.0978013
0.463252
4
0.00573568
0.274718
0.739878
0.0918046
0.271955
98
0.00836104
0.243628
0.0657788
0.247964
22
0.0070556
0.0470792
0.769567
0.0405437
0.324356
85
0.00127356
0.355975
0.0918993
0.37541
60
0.00263439
0.258394
0.814171
0.0915504
0.0454684
66
0.00163544
0.0864654
0.0419676
0.274255
15
0.00322107
0.140007
0.904877
0.0758373
0.0298528
31
0.00363201
0.958198
0.0493254
0.329808
40
0.000311079
0.127205
0.751996
0.0976343
0.0324706
2
0.00803703
0.564761
0.0835795
0.129522
39
0.00158939
0.369125
0.753624
0.0986497
0.171691
77
0.00767654
0.28326
0.0178874
0.272908
39
0.00532876
0.392032
0.700412
0.0449831
0.47596
75
0.00633028
0.915077
0.0342495
0.143711
51
0.00211306
0.148322
0.876601
0.0520539
0.00759675
57
0.00271957
0.987516
0.0445811
0.0864753
15
0.00393822
0.233413
0.718087
0.0979864
0.166238
63
0.00537088
0.775984
0.0127279
0.0186046
16
0.00806295
0.163605
0.794107
0.0744459
0.204846
62
0.00129061
0.57088
0.076826
0.402531
89
0.00590581
0.267495
0.902973
0.0476625
0.0882981
74
0.0077165
0.641638
0.092668
0.134423
6
0.00864338
0.0781962
0.819493
0.0225519
0.463866
66
0.00134792
0.369561
0.0831916
0.284443
71
0.000380881
0.173937
0.957702
0.0829988
0.074097
59
0.00625605
0.728365
0.0962381
0.169243
40
0.00925277
0.361318
0.803263
0.0996055
0.196543
24
0.00290778
0.857286
0.0119032
0.214536
97
0.00693533
0.149808
0.808095
0.0172308
0.304079
9
0.00896587
0.2967
0.0345057
0.325689
67
0.00185454
0.17494
0.935452
0.0350892
0.0275597
16
0.00764682
0.233181
0.0948426
0.238205
47
0.00466491
0.329645
0.972716
0.0161182
0.364934
22
0.00968899
0.455409
0.0112009
0.0952482
7
0.000520247
0.0887524
0.875887
0.0418908
0.044529
34
0.00893372
0.682616
0.0485246
0.155752
43
0.0086203
0.230153
0.754581
0.0429654
0.0669302
83
0.000912545
0.106808
0.0407219
0.0679004
34
0.00768459
0.313603
0.834064
0.0662757
0.403911
76
0.00607732
0.0597737
0.0573499
0.217348
22
0.00485796
0.22831
0.949795
0.0716494
0.34768
21
0.00678918
0.168677
0.03524
0.221128
89
0.00924313
0.092638
0.866269
0.0114388
0.0559005
17
0.0053402
0.755209
0.0826755
0.198098
9
0.00476854
0.032837
0.994734
0.0693738
0.0894468
30
0.00912711
0.582053
0.0763532
0.102254
26
0.00314226
0.11579
0.822599
0.0766775
0.179155
91
0.00165005
0.0224015
0.0226725
0.359727
81
0.00874386
0.381717
0.791746
0.022674
0.314455
8
0.00486483
0.366102
0.066646
0.372247
19
0.00547916
0.216305
0.941207
0.0602768
0.285474
81
0.00237514
0.691702
0.0565215
0.495663
20
0.00447196
0.26222
0.863771
0.0847945
0.250358
9
0.00693197
0.792759
0.0408627
0.0117716
22
0.000836043
0.395801
0.874636
0.0490232
0.207092
56
0.00484521
0.809415
0.0774594
0.00314563
92
0.00265668
0.330033
0.720756
0.034288
0.346409
86
0.0077448
0.159384
0.0782696
0.161168
95
0.00333828
0.281638
0.992545
0.0803477
0.452079
36
0.00107002
0.80295
0.0933768
0.0826587
60
0.00620139
0.295242
0.894225
0.0819097
0.462272
13
0.00741619
0.367774
0.0698986
0.0211297
35
0.000349974
0.265332
