0.715026
0.0261309
0.00703493
66
0.00395239
0.0491434
0.110751
38
3.1691
0.266521
0.00347915
0.985562
0.0809071
0.358854
92
0.00503467
0.0717239
0.0659262
82
1.38782
0.609121
0.00165977
0.718916
0.0904054
0.405643
80
0.00439371
0.0821877
0.0424658
42
3.19093
0.134699
0.00286153
0.831708
0.0828107
0.317816
39
0.00868336
0.0224659
0.0589511
8
1.08996
0.0618847
0.00607321
0.98472
0.0676714
0.256096
17
0.000968481
0.0265075
0.269425
91
2.09218
0.160659
0.000745836
0.917555
0.0775376
0.482896
51
0.00893637
0.0978736
0.273482
90
1.79277
0.314239
0.00826463
0.742963
0.0895226
0.176601
89
0.00599301
0.0893362
0.112438
37
2.69101
0.643821
0.00121852
0.725251
0.0575779
0.161847
64
0.00697992
0.0144141
0.0808607
61
1.49353
0.359087
0.00027248
0.778665
0.0382564
0.157563
73
0.00645118
0.043951
0.0571536
47
3.38122
0.2913
0.00721686
0.860051
0.0745207
0.424239
23
0.00991148
0.0843438
0.422361
66
3.6307
0.115526
0.00887287
0.827075
0.0524298
0.352336
53
0.00702934
0.0326115
0.445321
88
1.50893
0.447095
0.00430625
0.715565
0.0713429
0.26074
30
0.00928736
0.0634768
0.432494
55
2.27065
0.289954
0.00760475
0.994836
0.074209
0.445123
10
0.00188061
0.0763485
0.298955
33
3.37092
0.479182
0.00447747
0.923495
0.0152663
0.286908
21
0.00214396
0.0451186
0.331669
81
1.36357
0.435947
0.00674817
0.857279
0.093777
0.18909
78
0.00648672
0.0423849
0.423741
50
1.77652
0.528346
0.00993006
0.79973
0.0216062
0.163245
97
0.00886529
0.0366907
0.333216
29
3.78354
0.507769
0.004608
0.933023
0.0415938
0.254799
51
0.00715293
0.0102745
0.0326408
36
1.68455
0.746394
0.00937721
0.920228
0.0181487
0.468057
78
0.00891161
0.0962102
0.0403139
96
2.46076
0.239239
0.00269541
0.865412
0.0368431
0.395742
48
0.0017604
0.0320764
0.0600873
13
0.223429
0.73009
0.00852012
0.967224
0.0361781
0.317204
77
0.00153028
0.0880151
0.325357
5
3.8456
0.141593
0.0017043
0.796335
0.0534062
0.0953562
45
0.0090804
0.0129456
0.16937
33
3.81019
0.696933
0.00419041
0.950197
0.0910294
0.233947
27
0.00501748
0.0303508
0.11664
18
3.82563
0.419621
0.0058767
0.772214
0.0947321
0.397043
95
0.00144089
0.0267224
0.00398634
37
1.90253
0.0278721
0.00393651
0.916785
0.0194703
0.246558
71
0.00456032
0.0377167
0.0883218
3
2.59281
0.310704
0.00932252
0.96113
0.0354309
0.0732676
97
0.00466403
0.03727
0.303799
30
0.393296
0.127556
0.00156839
0.886715
0.0641269
0.153289
53
0.00577927
0.0819156
0.311541
61
3.31447
0.547913
0.00493293
0.91495
0.0334366
0.311231
31
0.00955932
0.0294377
0.358058
47
3.36312
0.756436
0.00219144
0.721693
0.0167418
0.0935642
9
0.0026362
0.0177859
0.378948
77
1.30849
0.0978623
0.0063311
0.848153
0.0935143
0.0901031
50
0.00382691
0.0615939
0.184508
88
0.656532
0.695041
0.00681723
0.984466
0.0385119
0.369542
85
0.00591893
0.0723064
0.0937415
20
3.2129
0.411232
0.00876246
0.859196
0.0146026
0.310292
98
0.00943978
0.0949412
0.247357
11
0.698407
0.569532
0.00943965
0.863324
0.0243448
0.0985146
18
0.00750055
0.098668
0.289232
30
3.51676
0.194505
0.000728695
0.971913
0.0208534
0.237889
78
0.00127196
0.0457415
0.155357
97
0.762581
0.23446
0.000960256
0.876411
0.0551996
0.221886
79
0.00417146
0.0783407
0.284449
49
3.57507
0.693246
0.00274743
0.986646
0.0924891
0.39507
54
0.00626749
0.026
0.34236
37
0.799017
0.252913
0.00640716
0.958862
0.0749334
0.47576
92
0.00207118
0.060924
0.406151
7
2.58196
0.380429
0.00161858
0.801141
0.0343163
0.207322
33
0.00321905
0.0765206
0.0746246
40
0.28367
0.238633
0.00117766
0.746174
0.0826185
0.0922981
44
0.00253836
0.0997302
0.442825
69
3.16356
0.109577
0.00744385
0.978944
0.0353394
0.158483
58
0.00845298
0.0641843
0.474514
52
0.300246
0.709997
0.00182256
0.871767
0.0600061
0.347406
99
0.00905783
0.0241731
0.121829
82
0.940303
0.502433
0.00782587
0.892876
0.0588397
0.48388
63
0.00248962
0.085235
0.371078
38
2.82657
0.208308
0.00069508
0.817552
0.0738398
0.48108
15
0.00564754
0.0838839
0.0155292
41
1.47878
0.0571651
0.00572074
0.880934
0.0332388
0.124763
34
0.00839807
0.0728308
0.0618725
40
2.86886
0.757543
0.00562782
0.889048
0.0349912
0.432416
69
0.00397548
0.0630312
0.18297
65
2.24715
0.641251
0.00125001
0.748063
0.0767674
0.281858
31
0.00737628
0.0118268
0.26664
23
2.54192
0.772806
0.000366694
0.749131
0.0279321
0.289867
14
0.00513872
0.0191284
0.44763
83
0.408571
0.505834
0.00558403
0.974524
0.0436518
0.118298
67
0.00294762
0.0857083
0.481782
89
2.05225
0.369894
0.00535093
0.72152
0.0220774
0.0543529
76
0.00471883
0.013495
0.282562
54
3.8933
0.723095
0.00218161
0.948072
0.0331336
0.0121814
84
0.00414327
0.0973543
0.468622
80
2.864
0.706675
0.0078072
0.849689
0.0661404
0.472675
18
0.00420352
0.0223144
0.0704715
97
0.365279
0.305062
0.00398684
0.928825
0.0440837
0.334598
54
0.0057543
0.0767994
0.121556
50
3.74438
0.105214
0.00345955
0.758874
0.0708592
0.331818
32
0.00330775
0.0709798
0.159308
18
0.188325
0.610234
0.00240341
0.805084
0.0579042
0.223944
39
0.000856264
0.0383645
0.161499
7
3.06051
0.669414
0.00910122
0.717475
0.0394049
0.239145
50
0.00660729
0.0889404
0.141881
81
1.78812
0.773322
0.000168706
0.712788
0.0759113
0.0959208
94
0.00709305
0.0931388
0.221698
95
0.152578
0.152893
0.000787501
0.770582
0.0779554
0.27088
36
0.00346998
0.0601751
0.424156
43
3.12503
0.75241
0.00124088
0.87958
0.086156
0.00249172
94
0.00268288
0.0719594
0.412064
45
1.16505
0.538183
0.00203155
0.723715
0.0126863
0.365104
29
0.00669784
0.0270951
0.0915212
45
0.811481
0.0166828
0.00102422
0.777957
0.0798566
0.333074
39
0.00539658
0.0631351
0.0266537
22
0.616348
0.0447019
0.0066987
0.739143
0.0801203
0.416867
5
0.00571911
0.0363627
0.117025
34
1.46518
0.443601
0.00792335
0.718295
0.0364255
0.243863
16
0.00290592
0.0808494
0.152638
59
3.49618
0.460544
0.00236764
0.912064
0.0463985
0.156294
38
0.00489879
0.0586131
0.0760552
26
0.947942
0.588261
0.00619294
0.719752
0.0884317
0.479428
9
0.00339403
0.0354319
0.360616
56
1.03239
0.580625
0.00801341
0.834828
0.0128983
0.436305
82
0.00344712
0.0138966
0.270103
55
3.85103
0.633586
0.000895326
0.798648
0.0833329
0.0515549
19
0.00811841
0.0386816
0.313566
66
3.93419
0.490791
0.00816759
0.866045
0.0813532
0.38222
15
0.00855894
0.0124617
0.214219
83
1.42629
0.765363
0.00468293
0.738852
0.0967589
0.413794
75
0.00471152
0.072485
0.0448329
45
2.52739
0.240748
0.00362245
0.87402
0.0223234
0.494496
43
0.00179557
0.0952287
0.350877
96
1.60919
0.660654
0.0085833
0.726109
0.0653021
0.433856
49
0.00161248
0.0218762
0.163297
55
3.99868
0.122106
0.00233165
0.78102
0.0158712
0.0552273
36
0.0032758
0.0392425
0.0532721
85
2.36749
0.161035
0.000329149
0.75675
0.063085
0.352238
42
0.00947691
0.0244031
0.428463
11
0.171261
0.384138
0.00658542
0.791267
0.0272364
0.418853
100
0.00318524
0.0316393
0.472946
9
2.8969
0.258444
0.000244689
0.869614
0.0111962
0.0808917
41
0.00774317
0.0246616
0.0922354
30
3.32849
0.093763
0.00920134
0.903378
0.0778422
0.429985
66
0.00801054
0.0766993
0.4462
10
1.05654
0.348453
0.00253412
0.945458
0.0436815
0.357083
71
0.00603579
0.0743445
0.176897
11
1.27199
0.795514
0.00799403
0.890195
0.0108605
0.30444
62
0.00530845
0.0216888
0.301717
43
1.98376
0.0229342
0.0024141
0.925356
0.0871624
0.23516
70
0.00119238
0.0777324
0.397487
93
0.243853
0.754527
0.00692921
0.708231
0.0235641
0.423746
40
0.00787007
0.0613437
0.162085
40
2.73405
0.393719
0.00367024
0.853901
0.071482
0.312708
40
0.00880826
0.0280677
0.10209
84
1.89304
0.366148
0.00359244
0.87774
0.0249763
0.434507
55
0.00640827
0.0756784
0.370257
74
0.400535
0.666729
0.00491938
0.785334
0.0224641
0.398921
47
0.000893598
0.0648538
0.0298818
38
2.01961
0.607812
0.00651636
0.789129
0.0948411
0.16055
81
0.0048417
0.082475
0.169849
17
1.6752
0.390986
0.00592323
0.905311
0.0736274
0.277731
14
0.00849775
0.0485308
0.469553
80
2.357
0.104707
0.00624215
0.855841
0.0727029
0.142705
73
0.00934816
0.0828109
0.286925
47
1.15259
0.485631
0.000832646
0.776712
0.0124547
0.333792
35
0.00997244
0.0722492
0.254654
21
2.84217
0.370738
0.00292379
0.860769
0.0516074
0.318774
10
0.00580758
0.0425374
0.210891
76
3.14536
0.554435
0.00152929
0.892418
0.0118549
0.344574
96
0.00329103
0.0459382
0.218395
76
3.55855
0.445478
0.00585801
0.914329
0.0101518
0.204374
30
0.00316665
0.046514
0.173654
9
3.4017
0.791592
0.00382432
0.989627
0.0461789
0.193932
85
0.00278135
0.04925
0.243816
25
0.346527
0.578752
0.00908132
0.709952
0.0340152
0.191368
2
0.00720279
0.0859079
0.455311
86
3.58913
0.452064
0.002811
0.918279
0.0821059
0.129735
63
0.00734341
0.0151669
0.229758
71
1.04474
0.459349
0.00193073
0.705716
0.0609718
0.365783
88
0.00433758
0.0319218
0.01447
68
0.689764
0.263433
0.00199401
0.852563
0.0581862
0.0450086
63
0.00246681
0.0476999
0.0836322
98
3.90264
0.0935082
0.00749391
0.805759
0.012004
0.113142
25
0.00927673
0.0751585
0.0795698
31
1.45423
0.256506
0.00829407
0.951619
0.0207857
0.308315
72
0.00635286
0.0408158
0.118659
27
2.76736
0.761218
0.00337701
0.909658
0.0429644
0.0917731
69
0.00877763
0.0641676
0.296796
66
0.288574
0.622527
0.00579041
0.745683
0.0544562
0.410066
26
0.00794258
0.0970762
0.0892469
96
2.19785
0.229289
0.00335448
0.765923
0.0771125
0.22896
49
0.000706477
0.0882271
0.228641
55
1.41963
0.242668
0.00554954
0.794263
0.0234492
0.127422
95
0.00913933
0.059901
0.159921
63
1.62045
0.494147
0.00452851
0.824179
0.0140705
0.0402717
59
0.00813024
0.0463539
0.0160941
54
2.20718
0.15667
0.000214985
0.731421
0.0901057
0.00525001
20
0.00320527
0.0132481
0.315508
42
3.01077
0.293434
0.00136812
0.809413
0.0815154
0.390295
42
0.00867129
0.0619651
0.494574
44
2.94964
0.0367698
0.00938368
0.870453
0.0988028
0.272728
59
0.00969752
0.0549409
0.307704
9
1.20456
0.382729
0.00212172
0.722673
0.0805299
0.264756
93
0.00902522
0.0339469
0.335067
13
2.39482
0.616563
0.00787757
0.728576
0.0612185
0.327161
89
0.00682989
0.0406724
0.01105
52
3.27946
0.327726
0.0024649
0.821528
0.0466422
0.0839202
32
0.00600204
0.0315889
0.404838
70
1.74056
0.0667805
0.00820265
0.823756
0.0508127
0.06366
13
0.00141557
0.0487822
0.153283
4
3.58048
0.281602
0.00870564
0.745023
0.0494761
0.474206
60
0.0085853
0.0913493
0.352287
12
3.87545
0.01955
0.00753194
0.987506
0.0876283
0.465445
11
0.00407934
0.0667015
0.484013
92
3.61926
0.102447
0.000140431
0.924071
0.0950732
0.306281
80
0.0036423
0.052706
0.0755461
67
1.63176
0.0264853
0.00279762
0.778939
0.0505819
0.0670324
96
0.00527426
0.0685115
0.230588
99
3.47507
0.792944
5.7458e-05
0.748828
0.0283986
0.372018
83
0.00486433
0.0343038
0.191035
35
0.554072
0.456204
0.00695125
0.96236
0.0104556
0.380222
63
0.00657792
0.0368522
0.261681
87
2.48733
0.0900111
0.00683297
0.925952
0.0963888
0.208988
3
0.0039181
0.0911731
0.206341
80
1.95808
0.507066
0.00715492
0.740886
0.0247999
0.426274
58
0.00429529
0.0884371
0.38152
63
2.14775
0.784969
0.00299406
0.764718
0.0336629
0.226924
79
0.00656121
0.080936
0.421167
89
1.43492
0.356057
0.000873509
0.797645
0.025324
0.115336
44
0.0076925
0.0380212
0.324125
58
1.18556
0.171712
0.00433759
0.790558
0.0986679
0.284307
55
0.000744366
0.0193861
0.0518406
42
1.75715
0.457867
0.00686975
0.756933
0.034543
0.336679
90
0.0078339
0.0289345
0.0949478
45
0.626735
0.351511
0.00994395
0.704033
0.0707754
0.144199
31
0.00222374
0.0200202
0.0304683
65
0.580479
0.690878
0.00355548
0.762479
0.0375681
0.0945532
75
0.00182273
0.0942651
0.462355
4
1.39778
0.162609
0.00785796
0.835884
0.0868442
0.373596
56
0.00537004
0.0227177
0.253211
94
1.12714
0.645961
0.00250393
0.764509
0.0177627
0.39972
96
0.00337338
0.065521
0.0658444
23
0.480205
0.799393
0.00375867
0.759598
0.0672094
0.179196
42
0.00371981
0.0256293
0.434618
27
1.32669
0.246008
0.00195497
0.883796
0.0602607
0.392914
62
0.00475126
0.0421624
0.263029
30
1.70172
0.744613
0.00849791
0.847292
0.0846846
0.222774
70
0.00747896
0.0784815
0.33693
43
0.893601
0.762048
0.00520404
0.966184
0.0263711
0.21176
87
0.000649066
0.0805446
0.247581
71
0.931207
0.684388
0.00917882
0.816366
0.0857044
0.0310943
68
0.00128961
0.0397831
0.400477
20
2.94172
0.218208
0.00982474
0.856502
0.0634693
0.347102
97
0.00695807
0.0679263
0.459762
18
1.92624
0.248548
0.00855912
0.734891
0.0969859
0.241171
83
0.0092599
0.0435526
0.306643
37
1.88495
0.400918
0.00413768
0.74746
0.0102449
0.171042
30
0.00139456
0.0571611
0.0318955
58
1.29301
0.300442
0.00457246
0.898751
0.0549234
0.491183
68
0.00803957
0.0717649
0.290073
5
0.969514
0.375107
0.00725318
0.824906
0.0269891
0.106229
12
0.00269548
0.0752518
0.025013
58
3.77121
0.354602
0.00134106
0.979416
0.0205079
0.0522965
1
0.00830392
0.0820774
0.438451
17
1.56526
0.0738017
0.00470115
0.830325
0.0372241
0.274688
62
0.00714007
0.0772232
0.139384
3
0.444503
0.795133
0.0053147
0.766735
0.0445404
0.349508
1
0.00511906
0.0863774
0.0850622
23
3.1107
0.175695
0.0040139
0.776365
0.096467
0.0381987
75
0.00464325
0.0845301
0.0688632
46
2.31859
0.702019
0.00308196
0.886433
0.0577646
0.258169
5
0.00149521
0.0953515
0.185071
38
0.329534
0.316184
0.00417825
0.907546
0.0187778
0.105105
56
0.00386254
0.0180878
0.046953
2
3.00065
0.61852
0.00903782
0.807359
0.085262
0.0652327
33
0.00637443
0.0540926
0.125985
2
0.722092
0.0415897
0.00331689
0.818023
0.053625
0.44105
77
0.00362336
0.0520785
0.250077
79
2.63444
0.627247
0.00479862
0.920878
0.0830752
0.248544
52
0.00666965
0.0499594
0.233713
36
0.36123
0.614082
0.00963135
0.780707
0.0843318
0.218096
89
0.00875497
0.0585709
0.410251
52
2.72256
0.233667
0.00771982
0.786707
0.0452759
0.329408
43
0.00756802
0.0356807
0.390207
67
1.26245
0.585747
0.00904487
0.746689
0.0798296
0.33904
98
0.00815698
0.0419653
0.321275
89
3.40685
0.345554
0.00701693
0.942753
0.0600407
0.0261248
2
0.00352064
0.0482427
0.0619026
89
0.576701
0.177977
0.00839167
0.989122
0.0484661
0.0691485
95
0.00443782
0.0413426
0.317629
58
1.66075
0.200356
0.00723901
0.881451
0.0990357
0.103297
47
0.00604297
0.0488876
0.0501815
16
1.06521
0.10972
0.00888608
0.767234
0.0591516
0.128508
80
0.00116137
0.0552366
0.130269
35
1.71068
0.477552
0.00247266
0.906995
0.0520058
0.284482
86
0.00945502
0.0324472
0.145175
77
1.54429
0.332487
0.00718713
0.900391
0.0721935
0.298104
53
0.00480875
0.0242727
0.485408
87
3.15358
0.338973
0.00237405
0.767812
0.0651069
0.20103
57
0.00726131
0.0506018
0.27491
39
2.03435
0.429495
0.00265858
0.775468
0.0403313
0.131539
46
0.00522463
0.0176746
0.443213
71
0.662619
0.750685
0.00726394
0.802225
0.0751513
0.0372152
50
0.00562592
0.0441425
0.122855
97
1.82718
0.341442
0.00423426
0.973225
0.0975034
0.254122
73
0.00836369
0.0638112
0.217215
21
2.26264
0.0586043
0.00649316
0.751094
0.0665322
0.419909
8
0.00728067
0.0286997
0.226363
76
2.18402
0.219141
0.00163516
0.870181
0.0288679
0.30017
91
0.00336499
0.0869044
0.165713
44
2.13207
0.311137
0.0067333
0.943288
0.0812482
0.13989
26
0.00841805
0.0460983
0.330466
10
0.773504
0.373567
0.00578254
0.705012
0.0170078
0.0248888
10
0.00102252
0.0887403
0.478671
18
3.86843
0.714899
0.00190963
0.944454
0.0230468
0.160914
88
0.000976433
0.0575209
0.0726312
90
2.87406
0.213313
0.00543449
0.944605
0.0787133
0.437172
46
0.000480622
0.0561753
0.0944253
93
0.548322
0.555733
0.00292771
0.99136
0.0378528
0.285576
53
0.00629262
0.049626
0.131521
1
0.559233
0.196423
0.0014403
0.755157
0.0482208
0.493672
59
0.00560347
0.0928178
0.280188
86
2.77939
0.509948
0.0097253
0.768853
0.0604696
0.44629
49
0.00597919
0.0945416
0.315137
15
0.516383
0.689626
0.00815872
0.973336
0.0791606
0.468485
22
0.00475519
0.0941683
0.191733
13
0.253944
0.0245883
0.00949135
0.899394
0.0310236
0.287454
24
0.00965337
0.0251217
0.0842308
12
0.852403
0.204953
0.00319253
0.707288
0.0702085
0.149447
26
0.00816654
0.0105037
0.0563271
16
2.05613
0.42305
0.00934958
0.783183
0.0762615
0.0708574
66
0.00651015
0.0801333
0.391111
99
0.453512
0.0954752
0.00981465
0.996604
0.0733143
0.123492
6
0.00918352
0.0682651
0.0730153
10
0.681482
0.599294
0.00677968
0.911174
0.0219362
0.0410989
67
0.00911978
0.0625942
0.40887
51
3.72134
0.789796
0.00846508
0.831302
0.0226559
0.197316
71
0.00974766
0.0975904
0.242297
44
3.5397
0.742623
0.00372385
0.79168
0.0302939
0.345904
65
0.00985191
0.0174261
0.433306
36
0.812638
0.26904
0.00861109
0.840653
0.0384378
0.0174018
29
0.00608493
0.0762383
0.493404
24
2.37353
0.222286
0.0032806
0.740213
0.0489722
0.270273
61
0.00860783
0.0597567
0.488626
65
2.38447
0.749928
0.00206567
0.833747
0.0365942
0.192318
4
0.0076507
0.0311897
0.100231
26
3.42175
0.770375
0.00777185
0.90442
0.0627403
0.0804897
87
0.0029925
0.0146117
0.329904
48
1.85273
0.723793
0.000533748
0.774149
0.0240998
0.278454
80
0.00135977
0.0711209
0.103
33
2.19175
0.273492
0.00190263
0.825692
0.0132464
0.45728
73
0.00900105
0.0513431
0.491421
96
3.78737
0.720318
0.00525891
0.990049
0.062122
0.227903
38
0.0015203
0.0934041
0.343606
29
3.94646
0.125471
0.0044652
0.731728
0.0923745
0.428068
28
0.00157698
0.0306803
0.454704
60
2.60087
0.449853
0.0091595
0.93536
0.066483
0.262347
61
0.00173671
0.0567991
0.328119
75
1.55091
0.296609
0.00157999
0.901143
0.0945706
0.0587589
59
0.000411437
0.0712909
0.0210145
56
3.17609
0.487415
0.00026573
0.703137
0.0607013
0.473844
34
0.00988039
0.0433065
0.141355
19
3.27409
0.624182
0.00968051
0.906271
0.0692759
0.281354
17
0.000763397
0.0893843
0.277756
8
1.83875
0.200873
0.00666598
0.716334
0.0718518
0.414985
5
0.00131832
0.0775576
0.479781
54
3.64585
0.577803
0.00559515
0.894676
0.0587265
0.132931
61
0.00169989
0.0675307
0.308661
78
1.69247
0.0284051
0.000636253
0.968653
0.095839
0.20987
56
0.00797196
0.0735171
0.345117
90
2.62938
0.672186
0.00927821
0.982487
0.0930154
0.232694
21
0.00506985
0.0659378
0.0240419
65
1.95292
0.63484
0.00890206
0.844799
0.0980925
0.413044
88
0.00260761
0.0269053
0.467935
5
1.22083
0.0170818
0.00892808
0.777532
0.0252183
0.292732
20
0.000600557
0.0633526
0.0203821
69
2.52307
0.59697
0.00351739
0.753399
0.0835305
0.236893
58
0.00888637
0.0834032
0.463232
56
3.3446
0.727154
0.00477319
0.982003
0.0789393
0.0757877
13
0.00494801
0.0213876
0.119132
57
0.18244
0.0772349
0.00644064
0.734273
0.0518898
0.407899
91
0.00855194
0.0333006
0.0363433
74
1.08574
0.597866
0.00947854
0.80037
0.0920574
0.0229257
81
0.0037486
0.0341206
0.264854
14
2.23584
0.465689
0.00261246
0.971412
0.0983126
0.167604
3
0.00739495
0.08618
0.29458
31
3.14285
0.293303
0.00174827
0.850501
0.021196
0.380415
81
0.00984129
0.0684493
0.431735
58
2.89297
0.150671
0.00901645
0.810865
0.0480447
0.167879
32
0.00461834
0.0352726
0.376921
29
2.16987
0.261848
0.00655568
0.967723
0.0267671
0.441587
16
0.00110227
0.0702659
0.0980735
85
3.72626
0.766615
0.0042608
0.858679
0.0670599
0.243468
12
0.0026323
0.0113002
0.175271
39
1.55358
0.518723
0.000201868
0.724203
0.0785397
0.257464
60
0.00989022
0.0779307
0.155962
74
1.07235
0.26501
0.00365559
0.888858
0.0684306
0.180626
92
0.00500452
0.0904962
0.0468468
41
0.996909
0.0693894
0.00377877
0.700095
0.0295422
0.173683
83
0.0064628
0.0365315
0.399165
17
3.75747
0.469835
0.00303018
0.710588
0.0698608
0.417733
32
0.0014593
0.0120934
0.465834
75
2.25041
0.663541
0.00845529
0.924331
0.039852
0.20654
82
0.00326647
0.0690683
0.0386293
62
2.00482
0.595437
0.00305479
0.7424
0.0246938
0.0575217
48
0.00524712
0.066274
0.143991
92
2.29151
0.426547
0.00755998
0.947043
0.0694905
0.00109379
68
0.00762676
0.0403832
0.101677
48
0.957079
0.639046
0.00645141
0.839617
0.0418236
0.443914
26
0.00819306
0.053077
0.132119
39
2.35006
0.527095
0.00288134
0.811576
0.0690909
0.452733
19
0.0044835
0.0197577
0.033658
22
2.9275
0.378264
0.00466443
0.771517
0.0790543
0.023758
45
0.00675057
0.0448119
0.185632
22
0.305513
0.0500385
0.00803703
0.833278
0.089833
0.488149
38
0.00401902
0.0999831
0.440923
24
2.32719
0.628253
0.009871
0.955719
0.0626542
0.387534
54
0.00123991
0.0249691
0.0489202
41
3.91788
0.146899
0.00324886
0.90882
0.0487858
0.470652
34
0.00543656
0.0903187
0.444322
12
0.879047
0.172869
0.00730159
0.754147
0.0849365
0.137469
93
0.00209967
0.0740064
0.207222
62
1.74814
0.347561
0.00487244
0.882943
0.0475521
0.182046
98
0.00662225
0.08349
0.242776
34
3.26644
0.0563798
0.00386603
0.9967
0.0730308
0.148304
5
0.00590097
0.0307959
0.244938
92
0.742471
0.546983
0.00182973
0.803293
0.0170585
0.290842
72
0.00585693
0.0351895
0.00606498
77
3.50751
0.130111
0.00665047
0.959756
0.0932902
0.078831
19
0.00520228
0.0544602
0.35671
81
3.38855
0.0485001
0.000558951
0.96914
0.0697578
0.29601
11
0.00212528
0.0335647
0.205259
83
1.37335
0.433989
0.000334669
0.995651
0.0540723
0.0849884
99
0.00706065
0.0745683
0.266409
46
1.40813
0.117487
0.00168667
0.753075
0.0916124
0.172615
8
0.00807468
0.0830593
0.328691
24
0.713993
0.343768
0.00542428
0.860908
0.0388166
0.102556
92
0.000684293
0.0114934
0.234918
55
1.44856
0.250179
0.00104229
0.936607
0.0899999
0.378213
44
0.00297666
0.0411532
0.236081
33
3.25526
0.399943
0.00662949
0.974096
0.0156304
0.496043
54
0.00903955
0.0390146
0.297747
18
2.34293
0.020981
0.00780177
0.913911
0.0351853
0.308563
85
0.00398787
0.0359827
0.071251
20
2.41481
0.521953
0.00483825
0.765648
0.0143964
0.184635
100
0.00700586
0.0430715
0.302904
37
0.439603
0.541359
0.00274389
0.949
0.047096
0.325619
21
0.00671654
0.0148601
0.0876619
99
3.71005
0.764791
0.00863136
0.744554
0.0753376
0.477382
26
0.00176561
0.0727083
0.368203
37
3.55178
0.563663
0.0032979
0.993808
0.0329644
0.176888
76
0.00372609
0.0958347
0.466232
1
1.83084
0.139016
0.000999247
0.92208
0.0469
0.275566
34
0.0083274
0.0855568
0.41828
86
3.46892
0.734974
0.00272267
0.8144
0.0131491
0.159052
29
0.000246065
0.0773643
0.489285
25
3.70128
0.193599
0.00339621
0.794922
0.0425326
0.0591968
93
0.00755333
0.0760208
0.490131
27
0.146823
0.277233
0.000612684
0.702937
0.0380475
0.0423322
39
0.00343369
0.0475419
0.372866
28
0.914576
0.699107
0.00796567
0.788405
0.0836585
0.0274856
9
0.00204474
0.0401429
0.202264
87
3.48458
0.450691
0.00773806
0.787317
0.0880053
0.0489506
23
0.0073544
0.0916545
0.460879
15
3.67717
0.498756
0.000680122
0.918099
0.0716413
0.484446
27
0.00684799
0.0978296
0.323193
53
3.28702
0.51606
0.00298373
0.998691
0.0794191
0.450639
69
0.00488556
0.0522085
0.301381
16
1.96963
0.54394
0.00267013
0.730973
0.0427733
0.165143
55
0.00227864
0.0205603
0.295648
95
1.91475
0.779683
0.00396435
0.933257
0.0936207
0.146717
2
0.00525093
0.0557797
0.233418
83
3.86049
0.0471767
0.00998658
0.972527
0.0991286
0.097559
59
0.00312601
0.0917492
0.00443519
89
3.05384
0.0996555
0.00605412
0.752559
0.0893013
0.375364
58
0.00324254
0.090166
0.387348
19
1.13751
0.573952
0.00039364
0.941891
0.0326483
0.216618
67
0.00402529
0.038805
0.347593
15
1.35353
0.377234
0.000425617
0.934074
0.0656475
0.194742
13
0.00745054
0.0166077
0.285718
66
2.9917
0.112431
0.00044749
0.763809
0.0281694
0.0718575
36
0.00864446
0.0817284
0.340201
43
3.41443
0.272078
0.00598427
0.761298
0.0298797
0.11045
22
0.007115
0.0797818
0.418078
51
2.21969
0.553187
0.0012817
0.815827
0.0528056
0.447896
12
0.00953692
0.0621918
0.164314
68
1.73637
0.155809
0.0037977
0.76987
0.0514273
0.404968
82
0.00223975
0.06494
0.369094
26
0.383494
0.362699
0.00389517
0.883442
0.0816747
0.374425
37
0.00367008
0.0848684
0.470753
46
3.76467
0.388129
0.000765571
0.949424
0.0462945
0.121573
87
0.00479069
0.0428349
0.441517
18
1.24424
0.444018
0.00406685
0.961452
0.0850641
0.476852
7
0.00977045
0.0219066
0.271614
59
1.60081
0.642785
0.00554036
0.838977
0.0864985
0.478546
19
0.00190749
0.0623619
0.113416
84
3.62911
0.0140091
0.00866784
0.941413
0.0286161
0.016545
95
0.00122632
0.052424
0.291312
21
2.14379
0.250925
2.65028e-05
0.987913
0.0663089
0.248398
91
0.00612739
0.0347201
0.157423
69
1.71886
0.558183
0.00636101
0.975201
0.0110442
0.0302887
52
0.00413398
0.0137349
0.00805053
51
2.96755
0.531427
0.00569126
0.820867
0.0563693
0.132437
45
0.00772404
0.0757577
0.360051
74
1.52497
0.126431
0.0062747
0.912442
0.098008
0.178098
77
0.00180337
0.0967433
0.0997031
5
2.79564
0.707655
0.00313379
0.826658
0.0215046
0.143362
29
0.00960977
0.0405363
0.349776
72
2.80556
0.0343261
0.00825099
0.737248
0.0753941
0.119078
25
0.0096774
0.0871542
0.125434
73
0.678215
0.705523
0.00475291
0.735674
0.019884
0.438895
4
0.00630373
0.0546707
0.355054
62
2.40714
0.19864
0.0063232
0.809763
0.094006
0.343725
79
0.00752116
0.0592695
0.322295
56
1.37832
0.0727347
0.00150461
0.954169
0.0455866
0.196594
15
0.00419669
0.0161433
0.124477
61
0.261231
0.649257
0.00276758
0.800792
0.0538303
0.45416
77
0.000826373
0.0959302
0.346737
79
0.899865
0.178495
0.00110697
0.714644
0.0645147
0.063938
17
0.0025051
0.0814471
0.114074
67
1.85993
0.0833969
0.00750456
0.786837
0.0393329
0.213272
20
0.000716483
0.0287978
0.221162
31
2.90865
0.563092
0.00264375
0.751996
0.0574144
0.166059
10
0.00767864
0.0348415
0.495572
53
0.754115
0.336779
0.00357921
0.953383
0.0968631
0.46117
29
0.00777728
0.0741275
0.284035
26
0.507779
0.186855
0.00582258
0.81506
0.0453564
0.353821
20
0.00938506
0.095634
0.402863
11
2.07963
0.0104071
0.00805875
0.893924
0.0273087
0.480249
64
0.00244181
0.0181477
0.319652
7
0.831535
0.678562
0.00857999
0.75996
0.042088
0.0337764
48
0.00825522
0.0841115
0.338871
21
0.213815
0.407901
0.00484706
0.855169
0.0404724
0.296942
21
0.00980869
0.0984314
0.215254
3
3.97101
0.308771
0.00807464
0.871482
0.0217016
0.400903
74
0.00821095
0.0699156
0.239974
87
2.76253
0.495819
0.00421092
0.968036
0.0512353
0.225898
74
0.00380467
0.0370604
0.471421
98
3.24031
0.260724
0.00922847
0.904942
0.083196
0.103914
46
0.00687918
0.021313
0.142906
26
1.23534
0.73931
0.0051699
0.952027
0.0423692
0.463074
43
0.000223027
0.0207787
0.427983
57
1.17163
0.467222
0.00609063
0.960357
0.0201671
0.130177
31
0.00949435
0.0588616
0.157979
5
0.735932
0.213729
0.00505688
0.928317
0.041464
0.216269
86
0.0036873
0.0832332
0.00219368
32
2.72867
0.52477
0.00840932
0.940254
0.0869317
0.060045
65
0.000923649
0.0551188
0.178414
35
3.9434
0.464332
0.00443668
0.950783
0.0971913
0.341888
32
0.00389411
0.0359068
0.127373
6
0.837529
0.0614357
0.0035358
0.701457
0.0504631
0.00373334
36
0.000577472
0.0700999
0.316848
60
1.62887
0.318296
0.00112821
0.897181
0.0401267
0.311472
30
0.00595246
0.0693713
0.209753
26
0.532833
0.51166
0.00873599
0.706104
0.0840302
0.323114
84
0.00933343
0.0261096
0.165066
67
1.11876
0.439783
0.00730852
0.802852
0.0567076
0.388272
13
0.00834521
0.0579656
0.216118
90
0.637563
0.27062
0.00428008
0.722826
0.0300083
0.241978
93
0.000505985
0.0331733
0.476662
80
1.86997
0.712098
0.00229004
0.73291
0.0565849
0.0825335
10
0.00334608
0.0308888
0.148426
44
2.96124
0.664277
0.000376029
0.726397
0.0912943
0.49233
62
0.00108239
0.0914569
0.258006
2
3.03389
0.254382
0.0043786
0.910218
0.0995217
0.304178
23
0.00118846
0.0603274
0.353709
49
0.323684
0.655464
0.00188375
0.963834
0.0591038
0.401632
9
0.00704233
0.0793242
0.0785852
24
0.958834
0.586082
0.00997389
0.89152
0.0973535
0.315339
14
0.00579841
0.0187727
0.439943
20
3.65501
0.624224
0.00566197
0.932612
0.0781425
0.377183
75
0.00685696
0.0748558
0.361978
77
0.624545
0.575941
0.00831694
0.850975
0.0569246
0.348349
53
0.00804386
0.0938247
0.179179
98
3.83207
0.143889
0.00107814
0.93749
0.0922194
0.391302
87
0.0016283
0.0141118
0.264094
70
2.83698
0.601938
0.00678573
0.724744
0.0264645
0.0774492
7
0.00281351
0.090701
0.148848
19
2.64995
0.783367
0.00186676
0.739825
0.0847324
0.188504
77
0.00426464
0.0480393
0.0220545
80
1.97441
0.354036
0.00550474
0.854495
0.0525483
0.337494
2
0.00799669
0.0836758
0.335559
32
3.02254
0.0870108
0.00882325
0.970716
0.0618177
0.368945
84
0.00729724
0.0384899
0.288331
14
0.340189
0.107476
0.00373443
0.704296
0.057275
0.039755
7
0.00166217
0.0201119
0.419753
41
0.267934
0.12054
0.00294893
0.867541
0.0959596
0.307288
69
0.00243161
0.0583756
0.193652
88
0.924107
0.00614061
0.00931979
0.812062
0.0551207
0.164103
28
0.006793
0.017272
0.109424
85
2.01049
0.484853
0.00758639
0.85209
0.0469025
0.320029
79
0.00694419
0.062903
0.188918
40
3.13079
0.691939
0.00766659
0.782739
0.0115473
0.453465
80
0.00862868
0.0345214
0.197888
8
2.6426
0.631
0.00481744
0.943595
0.0232583
0.0499667
100
0.00586991
0.020422
0.257376
5
0.597211
0.209606
0.00568217
0.761842
0.0895812
0.181416
96
0.00942363
0.0990355
0.0409337
52
3.60853
0.278062
0.00747486
0.827465
0.0296401
0.303051
52
0.0092378
0.0995967
0.395043
87
1.98746
0.699847
0.00146268
0.981485
0.0529334
0.439721
60
0.00380173
0.01427
0.0369528
57
3.67183
0.229651
0.00822989
0.774397
0.0128426
0.246017
2
0.00348663
0.0283823
0.309561
81
2.12544
0.776664
0.00538229
0.862046
0.0172231
0.435188
99
0.00593036
0.010799
0.104857
51
3.97891
0.152466
0.00139928
0.851407
0.0985014
0.0890825
3
0.000305985
0.0192677
0.209104
22
0.416837
0.661602
0.000652605
0.711033
0.0371289
0.219143
50
0.00995625
0.0891244
0.498438
7
1.53481
0.79767
0.00178006
0.926711
0.0809441
0.0469573
15
0.000945901
0.0362011
0.397041
73
2.28171
0.330091
0.0042981
0.819896
0.083918
0.230117
14
0.00292262
0.051877
0.346119
41
1.99352
0.728597
0.00528999
0.977818
0.086567
0.262717
95
0.00408867
0.0972177
0.201069
76
1.3515
0.549775
0.0023141
0.84284
0.0239744
0.340399
73
0.00583511
0.0964392
0.366107
82
1.44199
0.42798
0.00818685
0.830481
0.0151186
0.469212
45
0.00103845
0.0946328
0.167948
56
2.10206
0.402274
0.00706475
0.750655
0.0857915
0.0459586
90
0.00305732
0.0695959
0.272878
97
2.92447
0.00495279
0.00434621
0.896604
0.0582702
0.186297
34
0.00295927
0.0811901
0.363493
68
0.858874
0.592674
0.00223175
0.875525
0.086003
0.463393
91
0.00184649
0.0875401
0.180035
96
1.25895
0.184354
0.00228221
0.828183
0.0508995
0.410876
86
0.00280502
0.0148043
0.187802
55
0.426016
0.653622
0.00120318
0.97814
0.019054
0.0434691
23
0.00195173
0.0274416
0.0432956
63
3.18629
0.497211
0.00697753
0.988432
0.0323957
0.187603
97
0.00779565
0.0511237
0.219287
67
0.568017
0.636008
0.00958852
0.864648
0.0672851
0.00459669
28
0.00201868
0.0277277
0.0550506
79
2.16077
0.0439108
0.00342482
0.958141
0.0311676
0.0132694
62
0.00760839
0.0529053
0.238992
95
0.982305
0.326567
0.00207965
0.832735
0.0555022
0.114386
55
0.00957231
0.0183614
0.128098
78
2.5638
0.321994
0.00684406
0.713443
0.0162656
0.0360304
8
0.00753005
0.0155324
0.38664
4
3.8212
0.742395
0.00489255
0.937163
0.0667674
0.0146544
43
0.00377686
0.0559116
0.190393
30
2.95647
0.133249
0.00202557
0.845617
0.0769444
0.300911
90
0.00624256
0.0158401
0.251876
99
2.71657
0.736998
0.00944569
0.808196
0.0123396
0.364048
57
0.00199085
0.0853503
0.224731
88
2.22499
0.389368
0.00741402
0.857156
0.0486091
0.498127
76
0.000116451
0.045435
0.435136
31
3.87733
0.216222
0.00596081
0.956612
0.0739852
0.268698
57
0.00272449
0.0417942
0.276298
10
2.49664
0.48898
0.00398493
0.836839
0.089171
0.0685138
16
0.00951936
0.037534
0.172001
14
2.30124
0.286458
0.00654004
0.803839
0.0497446
0.220078
93
0.00126624
0.0399948
0.0825064
53
0.492857
0.70294
0.00146912
0.877527
0.0688176
0.408606
82
0.00547534
0.0503913
0.0102905
64
0.236717
0.131928
0.0005968
0.868274
0.07049
0.47141
73
0.000557049
0.0625297
0.00568126
41
3.59728
0.235968
0.00046352
0.86906
0.0399612
0.280363
89
0.00637888
0.0536764
0.120442
53
0.646076
0.358187
0.00704485
0.701108
0.0704572
0.411775
80
0.00514976
0.0651649
0.29327
68
1.21219
0.472444
0.00813664
0.893206
0.0320392
0.421052
42
0.00838168
0.0781226
0.409193
39
3.32294
0.395147
0.0073941
0.804572
0.0137373
0.383449
14
0.00771375
0.0233323
0.475152
64
1.27766
0.0108499
0.0087817
0.829494
0.0307522
0.360047
3
0.0035404
0.0111348
0.457311
14
2.70505
0.677817
0.00768833
0.884538
0.0571522
0.384743
57
0.00221327
0.0483411
0.414672
66
2.56751
0.299717
0.00808931
0.885611
0.0929334
0.0484364
37
0.00665291
0.060654
0.103832
94
1.58156
0.0512392
0.00472628
0.80883
0.0999195
0.355827
48
0.00446878
0.096785
0.371261
33
3.04786
0.544889
0.0011512
0.862568
0.0680166
0.442315
36
0.00136792
0.0131451
0.133555
99
1.93886
0.615059
0.00439009
0.954975
0.0819146
0.458732
75
0.00561964
0.0926261
0.196184
32
1.48862
0.0539913
0.00960119
0.727932
0.0499965
0.294921
68
0.00869719
0.0939012
0.421059
19
3.43155
0.0807461
0.00985087
0.99795
0.0806516
0.203102
56
0.00567477
0.0298504
0.0272556
71
1.34143
0.667429
0.00302466
0.762796
0.0675659
0.294077
98
0.00112741
0.0509063
0.232104
72
1.50499
0.537585
0.00105712
0.98345
0.043145
0.36683
35
0.00718081
0.0574815
0.00754523
40
1.21696
0.257275
0.00369181
0.754591
0.0598457
0.389547
28
0.000353083
0.0570224
0.282378
99
1.09879
0.659297
0.00592666
0.834344
0.0318287
0.236299
48
0.00015692
0.0885344
0.310446
38
2.80227
0.560013
0.000500669
0.965697
0.0905964
0.0443863
43
0.00518378
0.012314
0.4841
8
2.09711
0.159199
0.00791679
0.758304
0.0322286
0.0658818
7
0.0030754
0.0670455
0.00176309
72
0.732852
0.220742
0.00449685
0.908264
0.0596161
0.197674
41
0.00436209
0.044496
0.00935107
17
3.88484
0.413245
0.00409568
0.81408
0.0154513
0.184005
66
0.00240332
0.0542272
0.394207
100
3.96302
0.561425
0.00918723
0.706918
0.0927019
0.139147
4
0.00217646
0.0644698
0.202727
84
0.605038
0.734433
0.00221086
0.844149
0.0410632
0.422987
67
0.00431709
0.0381883
0.222614
11
2.51628
0.285022
0.00209207
0.88801
0.0199067
0.360316
84
0.00932329
0.0704999
0.237548
43
3.1017
0.21136
0.00316183
0.872462
0.0174227
0.0189794
68
0.00286577
0.0256936
0.416482
71
2.17081
0.682389
0.00688389
0.743144
0.0210993
0.173007
89
0.00534786
0.033866
0.167193
77
2.33963
0.480546
0.00454725
0.757582
0.032725
0.362523
94
0.00692269
0.0769782
0.326359
35
1.18089
0.521833
0.00259507
0.729397
0.0474036
0.497866
69
0.00159492
0.090969
0.256384
75
1.02174
0.148263
0.00929491
0.991893
0.0639151
0.298655
60
0.0089781
0.0789986
0.267779
86
3.22222
0.503251
0.00141116
0.853479
0.0408307
0.252413
88
0.00422982
0.0126331
0.237458
6
0.871149
0.454534
0.00179472
0.929038
0.0347793
0.0115612
41
0.00792762
0.023052
0.0583521
72
2.85003
0.571402
0.0057634
0.976184
0.0395237
0.431956
6
0.00908967
0.0296326
0.306356
69
2.21196
0.340782
0.00638936
0.760609
0.0622653
0.490678
24
0.000626655
0.0157542
0.392902
64
2.46905
0.604615
0.00716661
0.91941
0.0655309
0.0862136
18
0.000419416
0.0652905
0.492842
45
3.75101
0.302178
0.00955828
0.729285
0.0338084
0.259447
48
0.00231504
0.0788599
0.404081
88
2.91882
0.136441
0.00572541
0.930393
0.0633449
0.354446
63
0.00425419
0.02378
0.375667
92
0.160402
0.583211
0.000792303
0.81321
0.0616171
0.0529305
78
0.00606112
0.0899281
0.458144
73
1.00489
0.0659325
0.0063823
0.823181
0.0256654
0.315752
86
0.000524509
0.0897903
0.182574
25
3.99195
0.00783644
0.00964532
0.812438
0.05947
0.456153
52
0.00498791
0.0109316
0.111282
34
1.8126
0.786875
0.00386638
0.882236
0.0342791
0.0200865
66
0.00197927
0.0875916
0.486231
7
3.21147
0.630167
0.00884975
0.732462
0.0613368
0.49514
3
0.00827725
0.0447171
0.312497
63
1.66523
0.275146
0.00713754
0.953569
0.0355735
0.273828
51
0.000994965
0.0920543
0.299753
43
3.92761
0.482277
0.00865829
0.717027
0.0650247
0.0744066
88
0.00392209
0.0594302
0.176463
61
1.56952
0.297955
0.00441763
0.775218
0.0996497
0.373106
44
0.00690261
0.0806717
0.277418
71
0.473028
0.313926
0.00251937
0.810212
0.0443115
0.198803
38
0.00481952
0.0738243
0.0544538
28
1.33205
0.10097
0.00796197
0.872889
0.0556972
0.448684
70
0.00284588
0.0501431
0.395234
16
1.73022
0.113075
0.00912872
0.89798
0.0390885
0.466445
26
0.00495857
0.0746958
0.356088
81
2.66412
0.415232
0.00057979
0.83833
0.0954741
0.193129
13
0.00853434
0.0799487
0.4776
36
1.13457
0.226679
0.000867152
0.837752
0.0476839
0.0283767
72
0.00258957
0.0921519
0.38493
54
0.906403
0.551439
0.000291945
0.980576
0.0406519
0.327379
51
0.000370584
0.0301112
0.464807
24
0.471553
0.226049
0.00596946
0.959372
0.0502769
0.170023
27
0.000660431
0.0707108
0.407508
50
2.11825
0.600893
0.00588912
0.842023
0.0197045
0.428259
93
0.00921944
0.0411283
0.0174427
52
0.974011
0.0310713
0.00629994
0.926165
0.025523
0.208437
85
0.00405456
0.0688402
0.134719
95
2.60925
0.081603
8.88071e-05
0.89786
0.0918503
0.112255
51
0.00848592
0.0543909
0.0285741
3
3.09449
0.581631
4.58249e-05
0.866291
0.0711208
0.323567
81
0.000177634
0.0563414
0.374546
82
2.31252
0.732589
0.00774295
0.711835
0.0755766
0.4866
71
0.00572404
0.0872585
0.0637842
82
3.30498
0.674212
0.000176347
0.956047
0.0735146
0.0788846
83
0.00238228
0.0449671
0.204413
50
3.0797
0.203517
0.00320944
0.843123
0.0678903
0.154287
24
0.0087342
0.0321616
0.281324
25
1.76682
0.605913
0.000474279
0.793344
0.0561391
0.135551
76
0.00971324
0.051582
0.341931
13
0.372413
0.431148
0.00526763
0.862733
0.0844573
0.124317
67
0.00551227
0.0472175
0.0645905
61
3.22993
0.676053
0.002905
0.730244
0.054695
0.460119
90
0.000837944
0.0295681
0.0449579
50
0.315639
0.324273
0.00510373
0.7362
0.0909675
0.0108862
34
0.000809198
0.0533259
0.140249
6
3.79296
0.188138
0.00213994
0.911073
0.0419695
0.0325591
81
0.00546548
0.0878062
0.437918
94
2.67485
0.778622
0.00970566
0.986079
0.0439839
0.0611016
4
0.00232048
0.0694502
0.0974756
45
0.792817
0.687756
0.00671713
0.939121
0.0976907
0.34294
33
0.00847118
0.0160361
0.035078
54
0.271606
0.788
0.00698783
0.786038
0.0448444
0.266339
72
0.00918983
0.06467
0.226906
78
3.08384
0.363913
0.00533642
0.750182
0.0163717
0.107416
39
0.0054234
0.0674044
0.318409
93
1.31676
0.499668
0.00974829
0.780053
0.0184452
0.117763
76
0.00457896
0.0100474
0.151101
84
2.75035
0.651677
0.0070984
0.875106
0.0952932
0.291509
45
0.000886922
0.0443694
0.0180434
3
1.19355
0.532168
0.00834981
0.889659
0.0106353
0.0877943
24
0.00678454
0.0664618
0.291964
59
2.47384
0.138103
0.00894646
0.895001
0.0202671
0.169502
11
0.00732515
0.0557135
0.338316
91
0.419815
0.591111
0.00692022
0.946878
0.03871
0.455814
17
0.00147883
0.0554803
0.154194
21
2.74229
0.360976
0.00735157
0.74373
0.0888646
0.324849
31
0.00274796
0.0849081
0.136613
62
2.06241
0.477064
0.00990502
0.768479
0.0374317
0.154815
87
0.00385547
0.0302541
0.137614
75
1.2871
0.165662
0.00384135
0.714047
0.0685416
0.150026
25
0.00510177
0.0394511
0.448228
68
2.43458
0.397173
0.00737338
0.712452
0.0608203
0.240291
5
0.000386664
0.0395615
0.212384
93
1.68122
0.174028
0.00837758
0.880372
0.0138986
0.205202
98
0.0041148
0.0733392
0.260467
95
3.5998
0.224379
0.00832212
0.916045
0.0882468
0.1087
8
0.00999453
0.0860814
0.0805675
85
2.48351
0.46907
0.00498585
0.875818
0.0906499
0.00904652
38
0.00676433
0.033601
0.224336
78
3.39686
0.373304
0.00309524
0.727069
0.0447322
0.0189619
64
0.00620456
0.0210527
0.374117
4
3.34257
0.397602
0.00614647
0.963269
0.0189916
0.331141
61
0.00492342
0.0924587
0.383846
91
0.822616
0.206331
0.00451421
0.952834
0.0961895
0.272343
46
0.00227064
0.0329687
0.451123
97
2.53908
0.422647
0.00510818
0.846033
0.0724592
0.253453
27
0.00616741
0.0432995
0.0394018
17
3.01401
0.349366
0.00215282
0.792709
0.0942211
0.283273
24
0.00722846
0.0515645
0.253569
65
1.92114
0.417883
0.00898397
0.990756
0.0747998
0.021312
1
0.00790496
0.0731357
0.200389
73
1.88271
0.00282856
0.00344074
0.901681
0.0266102
0.145313
21
0.00288535
0.0535515
0.324737
28
3.24432
0.6498
0.00711443
0.938445
0.0642248
0.122028
37
0.00533909
0.0962558
0.212685
48
2.30501
0.540656
0.00561031
0.789956
0.0794996
0.358254
62
0.0087301
0.0868101
0.497732
47
0.537669
0.519827
0.00875871
0.756113
0.0728643
0.0723214
83
0.00461007
0.0164591
0.496164
90
2.82015
0.244181
0.00602909
0.976923
0.0147031
0.101506
52
0.00193073
0.0378316
0.382975
12
3.45154
0.718545
0.0095106
0.73704
0.0305846
0.32219
19
0.00133404
0.0479062
0.37999
2
0.847615
0.283813
0.0052086
0.922576
0.0757861
0.367451
28
0.0025319
0.0671591
0.0138812
15
1.77957
0.781163
0.00648095
0.915546
0.0293949
0.202179
15
0.00884916
0.0537686
0.199459
21
2.81563
0.758807
0.00410929
0.733598
0.0459877
0.336116
12
0.00105803
0.0291394
0.250517
42
3.73119
0.0361042
0.0016065
0.903291
0.0560053
0.140839
91
0.0031313
0.0117938
0.195367
84
3.80418
0.462622
0.000115673
0.837088
0.0532295
0.10921
11
0.00823013
0.0581961
0.271225
75
1.64636
0.180381
0.00391718
0.708999
0.0142089
0.30207
79
0.00722522
0.0826356
0.37797
10
1.86854
0.303811
0.00546614
0.819076
0.0290678
0.152256
22
0.00356226
0.0981492
0.0696235
46
1.00215
0.192746
0.00171778
0.843524
0.0545245
0.487504
50
0.00171404
0.0415509
0.348378
13
1.51951
0.612202
0.00503186
0.773484
0.0803694
0.351067
95
0.00302519
0.0470766
0.333968
23
2.07558
0.718276
0.0076444
0.841404
0.0360905
0.134036
9
0.00972779
0.0278759
0.480802
91
3.69816
0.0385125
0.00957594
0.930191
0.0304597
0.451572
72
0.00358565
0.0127354
0.416162
48
2.42853
0.572656
0.00953944
0.818533
0.0658827
0.393536
49
0.000774317
0.0704093
0.0191985
57
3.44316
0.408512
0.00464029
0.927265
0.0878009
0.415551
47
0.000294253
0.0714776
0.220503
70
3.03604
0.437598
0.00500884
0.930984
0.0366456
0.245354
6
0.000259549
0.0802177
0.366715
9
1.07471
0.0636234
0.00174594
0.970288
0.0725249
0.213956
27
0.00759877
0.0596349
0.425189
94
2.70277
0.386124
0.00113289
0.994464
0.0761265
0.402476
8
0.00882712
0.0170212
0.246452
64
0.88631
0.0854882
0.00540432
0.799198
0.0764705
0.232384
67
0.00202764
0.0473813
0.138389
85
1.64502
0.0873514
0.00602046
0.993196
0.0165912
0.136238
70
0.00916621
0.0167381
0.388501
9
2.78669
0.368384
0.00976426
0.89108
0.071985
0.421922
23
0.00788657
0.0272512
0.107032
92
2.66917
0.0325341
0.00611128
0.935751
0.0117413
0.231445
7
0.000184633
0.0328528
0.258639
91
3.29293
0.0137096
0.00657307
0.741722
0.0457026
0.0154655
65
0.00568537
0.0239536
0.499716
64
3.35829
0.514412
0.00661586
0.816833
0.023847
0.0886161
41
0.00211335
0.0185134
0.146857
16
3.53384
0.619769
0.0088037
0.795848
0.0994197
0.263893
22
0.0016795
0.0229263
0.0775574
14
1.23763
0.474157
0.00897016
0.97672
0.0176224
0.151554
7
0.00939806
0.0987533
0.304738
83
1.29963
0.288138
0.00941001
0.738039
0.0822021
0.444203
32
0.00275943
0.0866374
0.192796
87
2.55376
0.307567
0.00323517
0.806375
0.0943798
0.370975
84
0.00828477
0.0437678
0.452313
59
0.784904
0.119142
0.0073377
0.783986
0.0585376
0.0763582
74
0.00741441
0.0209475
0.0235732
74
0.501619
0.440815
0.00010607
0.840259
0.0782651
0.0567701
23
0.0011307
0.0282055
0.0348818
47
3.68529
0.748795
0.00150885
0.885283
0.0955131
0.378459
46
0.00432045
0.0753714
0.340491
64
3.20269
0.182386
0.00582629
0.934984
0.0412055
0.459262
37
0.00622225
0.0313695
0.249278
60
2.6107
0.685033
0.00225817
0.857981
0.0875663
0.259876
40
0.00548992
0.0168593
0.426759
70
0.461272
0.471791
0.00458736
0.983849
0.0134784
0.25013
60
0.0052902
0.0500147
0.453416
22
3.9118
0.565125
0.00406094
0.906376
0.0498187
0.116292
14
0.00785552
0.0680403
0.240713
59
2.57635
0.0908464
0.000817579
0.992762
0.0885404
0.111344
70
0.00651993
0.0274818
0.145959
51
2.27651
0.12323
0.00242837
0.9395
0.0647764
0.489244
12
0.00614609
0.0992619
0.196689
98
1.82158
0.434935
0.00621713
0.719181
0.0637383
0.0257977
42
0.00668297
0.0196402
0.0867848
59
0.22881
0.657641
0.0061763
0.784676
0.0479128
0.175095
41
0.00267134
0.073576
0.227805
29
3.3076
0.0535247
0.00788701
0.797428
0.0743374
0.268115
35
0.00154911
0.0231923
0.487455
9
2.04275
0.0699335
0.00704103
0.879228
0.0192751
0.449973
97
0.00552696
0.0676909
0.436263
49
2.50661
0.280076
0.00349491
0.848559
0.0427569
0.00638355
40
0.00442356
0.0931776
0.150218
27
1.93866
0.492164
0.00514672
0.946273
0.0624706
0.397628
25
0.00506554
0.046727
0.391831
69
3.07102
0.725809
0.00129162
0.873849
0.0558765
0.0294713
64
0.00303127
0.060562
0.429716
29
1.03879
0.413472
0.00811011
0.964967
0.024506
0.145921
16
0.00044026
0.0425828
0.135152
6
2.68429
0.320189
0.00256651
0.849203
0.085493
0.385309
59
0.00219646
0.0262123
0.413984
32
1.10665
0.512475
0.000932918
0.902395
0.0149212
0.383158
56
0.00618143
0.066043
0.461641
60
2.3912
0.144982
0.00137198
0.720433
0.0683055
0.18318
64
0.00450953
0.0796449
0.456449
33
3.50579
0.169407
0.00404311
0.702115
0.0510685
0.0998395
19
0.00641921
0.0456219
0.129246
20
3.95662
0.716255
0.00363683
0.829049
0.0275853
0.38698
99
0.000202576
0.06566
0.114831
6
3.56516
0.637577
0.00625632
0.770243
0.0449654
0.406857
74
0.000120473
0.0896159
0.44931
92
0.52177
0.0406789
0.00842254
0.87859
0.0434461
0.499458
45
0.00809253
0.0638482
0.173006
73
2.02402
0.385166
0.00613339
0.788908
0.0522496
0.138174
30
0.000555096
0.0983757
0.279366
3
2.45468
0.232285
0.00742737
0.957434
0.0180774
0.120018
33
0.00554632
0.0935739
0.0129637
60
3.11883
0.167293
0.00497987
0.846804
0.0315947
0.0348256
86
0.000456876
0.0577896
0.186775
2
0.201365
0.713418
0.00283059
0.864067
0.082439
0.126032
49
0.00653548
0.0568245
0.090723
48
2.97976
0.425596
0.00868402
0.94054
0.0530203
0.314064
17
0.00235115
0.0786183
0.406494
35
0.772464
0.142721
0.00550173
0.866863
0.0690355
0.329311
65
0.00310429
0.0507017
0.0967099
34
1.39977
0.53506
0.00988217
0.822472
0.0228865
0.277329
22
0.00452487
0.0564979
0.106688
28
0.349638
0.164923
0.00258622
0.782324
0.0632521
0.361651
94
0.00993627
0.0466265
0.0669997
23
0.704235
0.774487
0.000986311
0.91951
0.0542541
0.266657
85
0.00356831
0.0495386
0.358857
49
1.01281
0.567857
0.00978324
0.88723
0.0186357
0.25091
92
0.00889614
0.0526151
0.180926
52
0.203287
0.0788348
0.00853972
0.795306
0.0113562
0.00871656
35
0.00188589
0.0842541
0.0484266
62
2.88076
0.739114
0.00311116
0.90003
0.0312976
0.430582
18
0.0063228
0.0618229
0.399866
70
3.63856
0.334464
0.00966504
0.835166
0.0292203
0.464886
57
0.00707594
0.0816168
0.293861
32
3.45504
0.184786
0.00907014
0.772703
0.0619861
0.0995627
98
0.00958422
0.0235798
0.385732
27
1.47082
0.769628
0.00471415
0.948633
0.0282096
0.189966
4
0.00896395
0.0611875
0.352709
36
1.80751
0.322324
0.00333592
0.792349
0.0316385
0.215125
53
0.00454359
0.0189094
0.261216
100
2.98505
0.681235
0.00506844
0.825287
0.0700053
0.289253
56
0.00557924
0.0221766
0.41247
76
3.52621
0.0746448
0.00762658
0.708396
0.0160869
0.485959
6
0.00467728
0.0924193
0.473458
93
3.46055
0.646793
0.00925716
0.921275
0.0258711
0.0351578
90
0.00257482
0.0153855
0.430643
28
2.62198
0.330715
0.000524292
0.820293
0.0887228
0.0828843
82
0.00962712
0.0591024
0.0519687
79
0.165077
0.526487
0.000909337
0.962796
0.0358333
0.211416
78
0.00364592
0.0688819
0.380439
31
0.592375
0.336524
0.00545735
0.895639
0.0493473
0.225199
41
0.00341681
0.0791943
0.362378
12
2.44529
0.406013
0.00496441
0.98006
0.0646307
0.321255
11
0.00978251
0.0249004
0.450217
46
2.11603
0.534397
0.00757269
0.781853
0.0277937
0.20015
54
0.00610668
0.010569
0.4828
76
1.59417
0.671429
0.00196905
0.806779
0.0915189
0.339852
38
0.00781696
0.0666853
0.401979
15
1.58788
0.590073
0.00523245
0.964488
0.0774162
0.0623451
37
0.00033718
0.0994181
0.10856
49
1.1447
0.191147
0.00131571
0.997721
0.0872389
0.425841
17
0.00441591
0.0254781
0.171469
98
0.669613
0.420627
0.00416494
0.931793
0.0491409
0.221435
71
0.00743357
0.0610423
0.208502
79
3.66247
0.405181
0.00513708
0.913294
0.0772087
0.403749
47
0.00237164
0.0950859
0.364608
80
2.42392
0.00186648
0.00317017
