0.844373
0.0770241
0.0683752
66
0.00239666
0.0609376
0.0607265
0.496586
59
0.757276
0.0642089
0.0189014
55
0.0668232
0.414309
0.0356374
0.32818
20
0.801789
0.0874266
0.0667295
97
0.00889362
0.0493856
0.0753057
0.377293
39
0.96529
0.0592045
0.0668039
16
0.0857304
0.40683
0.0816679
0.164835
6
0.822975
0.0387204
0.00648927
30
0.0501277
0.456051
0.0915143
0.0332276
47
0.872627
0.0326429
0.0523343
43
0.0394894
0.275445
0.012339
0.428991
96
0.93499
0.0748998
0.0376886
41
0.071893
0.256539
0.0632571
0.450658
66
0.781948
0.0539019
0.0603543
93
0.0292163
0.437921
0.0862898
0.0886512
30
0.799133
0.0468961
0.0579325
2
0.00697429
0.152861
0.017732
0.299778
51
0.773323
0.0519429
0.0853518
90
0.0227081
0.401753
0.072898
0.135952
69
0.918847
0.038512
0.0429069
51
0.0745482
0.0234086
0.0917904
0.351268
55
0.718799
0.0947999
0.082779
31
0.0772912
0.384773
0.0620534
0.407882
79
0.727825
0.0714025
0.0623551
96
0.0925538
0.340446
0.0896615
0.145342
53
0.725804
0.0739821
0.0120304
52
0.068168
0.000791885
0.0585479
0.0862016
19
0.79371
0.0556527
0.0593909
37
0.0722021
0.299497
0.0935489
0.37474
86
0.877829
0.0194203
0.0719066
16
0.0921361
0.17438
0.0994609
0.199924
29
0.856959
0.0817771
0.0613195
93
0.00602964
0.465632
0.0598566
0.316935
85
0.787156
0.0367365
0.0540737
6
0.0180441
0.473088
0.0214328
0.249763
87
0.760225
0.0931393
0.0323746
25
0.0628714
0.0309612
0.0908999
0.289758
4
0.785434
0.0340884
0.0960905
84
0.0762331
0.280889
0.0655896
0.321237
87
0.926546
0.0378785
0.0686942
39
0.0992712
0.289349
0.0224296
0.116956
83
0.899346
0.0237441
0.0115951
5
0.0611797
0.405943
0.0326452
0.41039
6
0.770487
0.00425602
0.0771272
18
0.00330862
0.411827
0.0599711
0.00479679
81
0.770877
0.0133237
0.072311
27
0.0917665
0.142285
0.0353013
0.0549523
46
0.755809
0.0831188
0.0582709
43
0.0961826
0.0757727
0.0808377
0.268106
39
0.87863
0.0278069
0.0124275
33
0.0114784
0.18927
0.0446067
0.113883
44
0.972733
0.00295961
0.0617013
48
0.0759164
0.438323
0.0614862
0.431381
77
0.989739
0.0808203
0.0278757
57
0.0325195
0.045408
0.0776024
0.0747511
64
0.986718
0.0150928
0.0500238
87
0.0954031
0.0366641
0.0454144
0.463769
82
0.792225
0.0127091
0.0870248
44
0.0852332
0.126559
0.0812492
0.35531
48
0.914032
0.05718
0.0438153
2
0.0590993
0.266161
0.0310956
0.10778
11
0.841917
0.0871282
0.0207339
56
0.0968215
0.0965978
0.0932022
0.459068
44
0.845965
0.0726323
0.0110148
95
0.0540804
0.0489932
0.020893
0.195012
2
0.729626
0.0455145
0.012899
40
0.0663464
0.31254
0.0922694
0.462449
47
0.81077
0.0487315
0.0824653
69
0.0834895
0.477751
0.0761187
0.0121138
7
0.960468
0.0153375
0.0158999
29
0.0998576
0.4757
0.0971402
0.225365
16
0.890351
0.0746418
0.060991
79
0.00980185
0.104672
0.0126991
0.394554
44
0.752021
0.0256197
0.0240384
15
0.057198
0.249565
0.0419983
0.101767
16
0.757885
0.00123602
0.0708574
23
0.0335595
0.417328
0.0844985
0.304691
42
0.978669
0.0248925
0.0217479
13
0.0146407
0.243026
0.0128201
0.208622
90
0.817068
0.0722525
0.0108306
97
0.00489635
0.158098
0.0170684
0.222102
3
0.958482
0.0978239
0.0175387
68
0.0100952
0.430826
0.0766086
0.165077
92
0.990296
0.0202584
0.0967833
40
0.0843913
0.136333
0.0641136
0.123372
70
0.837484
0.0076394
0.00150837
94
0.0694493
0.46854
0.0897433
0.349883
35
0.976259
0.073382
0.0259201
23
0.0711296
0.0355164
0.0380363
0.237388
16
0.798164
0.0693405
0.058634
71
0.0587545
0.0213483
0.058398
0.0281821
57
0.997099
0.0604611
0.0406449
15
0.0623847
0.163761
0.0895017
0.0687864
59
0.843119
0.0565899
0.0799155
17
0.073244
0.443832
0.0824899
0.0663437
92
0.871198
0.0999488
0.00812512
72
0.0718189
0.381558
0.0664529
0.229719
46
0.705479
0.0543779
0.0672968
35
0.0281123
0.177441
0.0809246
0.325155
11
0.913266
0.0843264
0.0765717
92
0.0509323
0.238964
0.0502006
0.35212
80
0.804364
0.0418846
0.0762157
16
0.0713471
0.184969
0.0748114
0.0192437
30
0.948804
0.0718925
0.0735643
67
0.0806317
0.0918582
0.0988404
0.243989
2
0.967014
0.067198
0.0553731
15
0.0302658
0.1576
0.0934997
0.364846
62
0.858977
0.0495657
0.0503339
36
0.063835
0.298715
0.0948292
0.0507775
69
0.988438
0.0563332
0.0347183
14
0.0054133
0.0103401
0.0188371
0.473404
79
0.854505
0.0878176
0.0615081
41
0.0359285
0.313358
0.0418338
0.448424
98
0.835644
0.0928576
0.014919
76
0.0415968
0.0392884
0.0589732
0.0183823
48
0.979653
0.0388349
0.00531627
63
0.0144276
0.162633
0.0601403
0.0762836
45
0.700091
0.0961371
0.0151191
30
0.0319228
0.323686
0.0706404
0.414115
81
0.906454
0.0985614
0.0905948
9
0.0281621
0.335905
0.0415294
0.156189
86
0.900695
0.0860568
0.0901541
3
0.0636231
0.386042
0.0751163
0.151289
50
0.960962
0.0841269
0.0284473
12
0.0294259
0.385849
0.0644522
0.00223099
29
0.765032
0.0729201
0.0942397
6
0.0724934
0.35137
0.0469804
0.311338
55
0.910092
0.0352664
0.0953561
40
0.0323944
0.2126
0.0683121
0.118135
4
0.785772
0.0364124
0.0984233
47
0.00143649
0.366015
0.0422656
0.482455
67
0.716152
0.0801021
0.0157328
38
0.0135126
0.329286
0.0145686
0.490251
63
0.809954
0.0977229
0.00993721
21
0.034562
0.278979
0.0625688
0.456077
35
0.815182
0.0527522
0.00194253
53
0.0607241
0.132114
0.0662229
0.110763
75
0.764512
0.00261689
0.07458
52
0.00587983
0.25318
0.030456
0.30748
95
0.717569
0.0276907
0.0710535
25
0.0405884
0.469456
0.0624907
0.18421
26
0.903274
0.0272201
0.0299094
51
0.0386454
0.246151
0.0660353
0.283574
3
0.984586
0.0453491
0.00774127
23
0.0970291
0.190822
0.0113221
0.425987
14
0.739152
0.00300249
0.0682035
54
0.0263467
0.130654
0.029258
0.262044
5
0.75312
0.0613657
0.0837645
45
0.0949127
0.218471
0.0569525
0.14358
9
0.962633
0.0208369
0.0975415
4
0.070219
0.169612
0.0286175
0.181352
93
0.853887
0.0942839
0.0297235
28
0.0723741
0.0703678
0.0671899
0.230148
44
0.752152
0.0246942
0.0286713
50
0.0600678
0.0667725
0.0472696
0.167654
41
0.81734
0.0644462
0.078892
43
0.045488
0.119268
0.0886762
0.202403
13
0.98814
0.0161689
0.0355179
86
0.0462849
0.358422
0.0361362
0.40039
77
0.795417
0.06584
0.0817089
73
0.0762427
0.450592
0.0301468
0.427171
74
0.740037
0.0500776
0.0571069
36
0.0833371
0.0549643
0.0424449
0.48674
68
0.806907
0.0402797
0.0965699
3
0.0199099
0.484659
0.0886174
0.234674
95
0.750326
0.0401818
0.017062
43
0.0585435
0.4877
0.0294624
0.18868
25
0.959719
0.0197544
0.0981737
40
0.0185127
0.396563
0.0369066
0.36023
33
0.925858
0.0759478
0.0118219
31
0.0691277
0.297029
0.0838547
0.0998261
66
0.748984
0.0818623
0.0786926
2
0.0377546
0.155721
0.0868639
0.166472
87
0.825969
0.0910339
0.00354364
11
0.0412848
0.224556
0.0574572
0.312434
32
0.77439
0.0100729
0.0532369
90
0.00726467
0.4705
0.0458588
0.318329
99
0.971557
0.0251628
0.03743
92
0.0399064
0.25524
0.0497881
0.185305
36
0.929029
0.00142553
0.0649483
83
0.0596462
0.471637
0.0137153
0.08212
96
0.704176
0.0683857
0.0447761
100
0.0299494
0.317739
0.0657164
0.409619
4
0.880159
0.0934996
0.0163312
89
0.0873988
0.151185
0.0271886
0.272524
71
0.893759
0.00739423
0.0790275
60
0.0748955
0.0651787
0.07115
0.122917
30
0.721166
0.0435503
0.0397343
24
0.0855385
0.181915
0.0110251
0.0901484
44
0.705201
0.033649
0.0245658
34
0.0245663
0.291157
0.0268774
0.0494967
60
0.93842
0.0192551
0.0779076
91
0.0757297
0.0576841
0.0905168
0.108655
80
0.952089
0.0187945
0.0419664
14
0.0599119
0.428052
0.038376
0.2281
90
0.864633
0.0320454
0.00953368
8
0.0441032
0.489619
0.0364894
0.286554
79
0.76802
0.0170483
0.0904681
48
0.00205365
0.304886
0.0593094
0.150941
57
0.973467
0.00394704
0.0978517
82
0.0567464
0.199424
0.0462781
0.451925
86
0.912683
0.0443204
0.0398878
51
0.0037649
0.460664
0.0740296
0.0367677
90
0.706037
0.0615533
0.0256127
82
0.0619191
0.0440197
0.099681
0.350119
94
0.750183
0.00571228
0.0815552
90
0.0073902
0.311479
0.0341132
0.383296
74
0.758064
0.0659564
0.0893476
87
0.0786456
0.118371
0.0798416
0.174059
75
0.927484
0.0258992
0.00890421
31
0.0577663
0.207674
0.0139611
0.416544
75
0.927041
0.0886495
0.0794726
31
0.0271196
0.400431
0.0395169
0.0651966
68
0.817886
0.0611845
0.0244448
98
0.0532459
0.485834
0.0495952
0.320224
22
0.933273
0.0344431
0.0232888
64
0.0985984
0.444017
0.0818704
0.0960396
98
0.993307
0.015986
0.0601834
56
0.0543746
0.440109
0.0283994
0.206714
56
0.808843
0.0561633
0.0425418
85
0.0810528
0.35502
0.0610084
0.0487002
12
0.977625
0.0803313
0.0840585
5
0.0766596
0.399108
0.0874543
0.433777
73
0.743278
0.0867197
0.010529
74
0.0392605
0.0694012
0.0464046
0.19677
26
0.863448
0.0779371
0.019628
13
0.0837091
0.341637
0.0505425
0.373883
74
0.723597
0.0250194
0.0444876
63
0.0384841
0.388417
0.0118556
0.0345019
80
0.948698
0.0220443
0.0957403
95
0.0149953
0.159861
0.0578417
0.454014
41
0.796952
0.0558606
0.0704652
88
0.0553521
0.154117
0.0360451
0.387617
42
0.970613
0.0847191
0.0251202
89
0.0573735
0.453791
0.079828
0.0404254
12
0.788873
0.0231496
0.0611654
64
0.062367
0.0207549
0.0245444
0.281452
55
0.818449
0.028143
0.0274445
8
0.0526454
0.0737591
0.0550462
0.220864
42
0.945898
0.0907454
0.00313913
82
0.0120023
0.227444
0.0335815
0.314912
85
0.952524
0.0688666
0.0287667
49
0.0252335
0.265096
0.0107375
0.105789
51
0.716914
0.0743532
0.0517919
78
0.0633007
0.342684
0.0306588
0.138732
29
0.836806
0.0849717
0.0519634
72
0.0658959
0.284819
0.034737
0.106017
58
0.855625
0.0435889
0.0845691
22
0.0249238
0.143553
0.0648818
0.443412
62
0.951323
0.0965079
0.00858017
83
0.0500736
0.424198
0.0822165
0.271619
4
0.877566
0.0143196
0.0569827
85
0.0708394
0.467721
0.0760136
0.0511363
95
0.800949
0.038284
0.0645367
79
0.0552133
0.281689
0.0563658
0.455809
16
0.908376
0.0150281
0.0910571
34
0.0870421
0.359272
0.0925904
0.0375898
44
0.726872
0.0349929
0.0998351
29
0.093052
0.457792
0.0169194
0.000979453
76
0.810064
0.0169479
0.0560349
22
0.0730553
0.472696
0.0856788
0.13406
6
0.885609
0.0101243
0.089244
91
0.0471995
0.452362
0.0430277
0.102038
31
0.896668
0.00701587
0.0236554
57
0.0132244
0.422216
0.0101721
0.399996
67
0.957416
0.0306808
0.00244505
88
0.0382119
0.0479346
0.0855582
0.36645
72
0.8509
0.0459783
0.0721083
82
0.0780181
0.0671721
0.0486914
0.244405
80
0.745807
0.0983167
0.0351087
45
0.0442281
0.435889
0.0218072
0.465886
20
0.89188
0.0265913
0.0509461
9
0.0716249
0.0152139
0.034199
0.290908
50
0.711671
0.0361617
0.0536064
90
0.0827101
0.0255734
0.0123408
0.05864
25
0.905191
0.0627079
0.00236337
44
0.0733853
0.42386
0.0146874
0.00839393
45
0.832731
0.0466213
0.0522099
22
0.0705285
0.0836824
0.0975107
0.29211
48
0.707362
0.0115079
0.0884557
50
0.0408524
0.496931
0.0587537
0.323334
82
0.9453
0.0938156
0.0563124
30
0.0561274
0.290425
0.0273446
0.411819
97
0.814576
0.0997181
0.037933
25
0.0491185
0.394081
0.0858544
0.232513
15
0.983593
0.055201
0.0862748
22
0.0289514
0.269072
0.0741561
0.40261
21
0.82168
0.0736509
0.0717616
27
0.0414071
0.145385
0.0452082
0.295014
73
0.797865
0.0307014
0.0574923
45
0.0634088
0.292683
0.0784112
0.263265
77
0.937167
0.0449902
0.0153902
93
0.0105136
0.0563465
0.0991547
0.0842642
32
0.848896
0.033315
0.0191684
68
0.0260904
0.0516517
0.0263521
0.194263
21
0.74388
0.00715857
0.0143408
35
0.0941725
0.252034
0.0204857
0.362472
48
0.954391
0.0969228
0.0469293
61
0.037583
0.0786163
0.0877262
0.161805
60
0.893483
0.0370676
0.0478995
48
0.0178098
0.197327
0.0727188
0.0575789
36
0.935394
0.0786855
0.0757255
27
0.0736258
0.0633497
0.0622012
0.192177
35
0.760937
0.0190906
0.0507743
26
0.0382586
0.00688661
0.0801347
0.435803
84
0.883398
0.0828595
0.0726958
98
0.0630733
0.402067
0.0654183
0.306971
8
0.994181
0.0650161
0.0319186
62
0.0423977
0.0868881
0.0649384
0.179355
66
0.747468
0.0851593
0.0369216
71
0.0862699
0.276241
0.0478552
0.384023
50
0.840873
0.0796352
0.0462904
21
0.00165141
0.334667
0.0494097
0.442587
8
0.882146
0.0632499
0.00819665
48
0.0840796
0.090222
0.0431731
0.361811
62
0.749328
0.0218387
0.0725559
52
0.045188
0.420001
0.0699202
0.344431
18
0.963536
0.0811067
0.0386176
89
0.0738743
0.206984
0.0317582
0.346554
82
0.861792
0.00345856
0.0223616
51
0.077796
0.43262
0.0906618
0.359774
40
0.838674
0.0653489
0.0994846
57
0.0879817
0.395199
0.0233556
0.0435392
45
0.859801
0.029984
0.00481961
81
0.0927305
0.16563
0.0521499
0.211017
8
0.971296
0.0990905
0.077238
3
0.0445614
0.361735
0.0546825
0.0248951
78
0.701728
0.0687068
0.0631788
46
0.09799
0.344956
0.0441785
0.097757
87
0.751099
0.0624516
0.00982574
65
0.0141657
0.300113
0.0228438
0.315428
24
0.796322
0.0975775
0.0842764
95
0.0602566
0.0992833
0.0227715
0.238301
93
0.904508
0.0753079
0.021389
44
0.00223834
0.0325061
0.0257516
0.372667
31
0.9302
0.0699211
0.0135376
23
0.0569306
0.350187
0.08815
0.0272727
20
0.772402
0.0634768
0.0930397
28
0.0363854
0.236515
0.0873669
0.389779
43
0.950242
0.0922779
0.0410401
77
0.0136952
0.37091
0.0556966
0.183914
1
0.754149
0.0174331
0.0836837
76
0.0684
0.348361
0.0276716
0.241031
21
0.800052
0.0578803
0.0185554
28
0.0616896
0.374902
0.0786779
0.309982
33
0.766953
0.0919813
0.0495207
6
0.0641882
0.00520611
0.0275633
0.269493
14
0.915676
0.0165244
0.0711936
74
0.0932579
0.0164394
0.0861112
0.481016
61
0.937653
0.0128915
0.0924536
91
0.0267981
0.377097
0.0314041
0.449479
28
0.793131
0.0930051
0.0754717
72
0.00673175
0.412741
0.0185658
0.379507
99
0.769485
0.0310453
0.05559
9
0.0675389
0.295967
0.0236005
0.354602
63
0.765326
0.0377825
0.0420678
62
0.0465649
0.176741
0.0246645
0.4937
72
0.975015
0.081299
0.0381986
11
0.090145
0.186241
0.0281129
0.25598
51
0.820373
0.0761355
0.03377
96
0.0741316
0.271624
0.0742835
0.13303
90
0.897368
0.0210328
0.00580345
78
0.0204676
0.00411009
0.0755116
0.301485
27
0.916803
0.062162
0.0797178
66
0.0661251
0.372263
0.0694297
0.296671
56
0.932808
0.0476832
0.0887851
80
0.0228892
0.369659
0.0330181
0.172698
27
0.982497
0.091569
0.017294
35
0.0310191
0.367699
0.0395815
0.124127
86
0.791098
0.0359153
0.0803607
94
0.0766074
0.172307
0.0946102
0.126714
34
0.923821
0.0275267
0.0937621
54
0.0686324
0.481877
0.0658174
0.205462
93
0.799795
0.0731038
0.0476985
60
0.0140103
0.0747953
0.0549746
0.392589
55
0.795041
0.0597031
0.0302045
46
0.0245091
0.349771
0.0363825
0.197735
26
0.790636
0.0291108
0.0690494
11
0.0042407
0.409014
0.0197316
0.378464
12
0.812958
0.0120733
0.0538014
6
0.0986873
0.263865
0.0594462
0.253542
40
0.869133
0.0950814
0.0166868
64
0.0421983
0.0282621
0.0389349
0.381583
60
0.974189
0.0338321
0.0325614
94
0.0697768
0.315013
0.0406402
0.242653
23
0.866419
0.0675687
0.0505454
27
0.00402024
0.124935
0.0715652
0.075697
89
0.845175
0.0167287
0.0281143
44
0.022257
0.149427
0.0496139
0.477738
35
0.803503
0.00324935
0.0963885
46
0.0209988
0.480474
0.0367118
0.0385525
62
0.714262
0.0940416
0.034173
63
0.0675046
0.0552953
0.0958493
0.439768
61
0.79428
0.0924215
0.097131
40
0.032796
0.00269641
0.0707845
0.240512
17
0.892512
0.0723631
0.0127225
55
0.0430992
0.373561
0.0762786
0.492866
69
0.921197
0.0670094
0.037193
5
0.0882852
0.259165
0.0852042
0.0102177
52
0.708453
0.0592814
0.0263928
50
0.0795412
0.0799779
0.0442184
0.0707934
35
0.849131
0.0657273
0.0242965
38
0.0533733
0.257733
0.0901576
0.18656
9
0.858353
0.0279714
0.0651249
63
0.0202175
0.0687724
0.0942263
0.417722
88
0.934082
0.0804669
0.048553
60
0.0449641
0.0718674
0.0939135
0.12533
48
0.83183
0.0587669
0.0430214
14
0.0799905
0.352699
0.092222
0.144379
51
0.761643
0.0988963
0.0209936
98
0.0214412
0.392142
0.0815982
0.401537
53
0.879497
0.0793112
0.0423614
52
0.0792136
0.160721
0.0826038
0.227224
9
0.998839
0.0146173
0.0221677
88
0.00633466
0.274275
0.0456979
0.0429353
50
0.834933
0.0795879
0.057749
8
0.0831098
0.208947
0.0685822
0.270553
78
0.875265
0.00634941
0.0479973
75
0.0888152
0.110556
0.0832462
0.224454
6
0.976285
0.01561
0.0813047
18
0.0673214
0.283578
0.0803321
0.261352
9
0.848295
0.0583216
0.0187547
66
0.0410366
0.294974
0.0978222
0.441075
70
0.779581
0.0121933
0.0678062
55
0.0955771
0.316326
0.0612431
0.33604
23
0.902485
0.0595272
0.0335906
3
0.0938544
0.129196
0.0528501
0.367886
81
0.73754
0.0680412
0.0165512
49
0.00798903
0.464938
0.0322188
0.173619
49
0.942951
0.0244668
0.00367043
6
0.0190911
0.483826
0.0399255
0.098974
88
0.995638
0.0535726
0.0459097
88
0.0727998
0.164243
0.0296443
0.491394
41
0.789899
0.0408053
0.0113849
64
0.0108885
0.448202
0.0792118
0.0850723
99
0.967636
0.0104485
0.0741109
1
0.00348659
0.230807
0.0731396
0.0553672
24
0.991209
0.00976646
0.00214119
39
0.0946221
0.491272
0.0440002
0.499065
83
0.707881
0.0602538
0.0460238
7
0.0545222
0.366744
0.0747641
0.0224785
65
0.745034
0.072722
0.0880251
67
0.091426
0.0150221
0.087154
0.252525
50
0.873786
0.0184851
0.0821177
62
0.00859369
0.302075
0.0133453
0.393863
8
0.777825
0.0182118
0.044
22
0.0828343
0.478296
0.0850166
0.231038
97
0.735485
0.0357512
0.0983761
63
0.00942024
0.183589
0.0618021
0.023816
26
0.901365
0.0645644
0.0927752
67
0.0556938
0.0193974
0.0952517
0.0146196
49
0.747967
0.0773943
0.00851065
95
0.0333988
0.46108
0.0985858
0.332765
63
0.99511
0.00464064
0.0211614
84
0.0240816
0.116342
0.0345482
0.0938431
39
0.702749
0.0581879
0.0131667
68
0.0364798
0.170214
0.069017
0.415225
18
0.867558
0.042073
0.0549255
44
0.0218574
0.171899
0.0149808
0.327861
89
0.924974
0.0636491
0.0205084
70
0.0151943
0.333383
0.0943284
0.438685
71
0.734735
0.00494538
0.0822786
37
0.0341398
0.245174
0.0812918
0.365211
12
0.89497
0.0755244
0.045548
29
0.00958417
0.00959938
0.05106
0.226053
82
0.959104
0.0347896
0.0408896
33
0.0627407
0.0183465
0.0890439
0.223041
61
0.92195
0.0462139
0.0269824
93
0.0201498
0.286769
0.016242
0.0803622
18
0.782589
0.0913488
0.0996576
24
0.0518066
0.270145
0.0487782
0.121284
91
0.837933
0.0911303
0.086551
35
0.0742908
0.436796
0.0371011
0.278011
19
0.715798
0.0472011
0.0896616
50
0.0575838
0.219232
0.0608555
0.447785
98
0.905833
0.0493283
0.0215238
53
0.0130624
0.15613
0.0889069
0.201795
12
0.75477
0.0135438
0.0489978
31
0.0594982
0.00730421
0.0920465
0.33771
38
0.759768
0.0750751
0.0948261
80
0.0995825
0.0461362
0.0156847
0.119607
18
0.887303
0.0957949
0.0437574
75
0.0536209
0.232409
0.0712409
0.175077
66
0.954864
0.0303189
0.0907612
25
0.0752516
0.254387
0.0900202
0.215687
37
0.981558
0.0456421
0.0662954
20
0.040398
0.0941201
0.0141929
0.0165033
14
0.955819
0.0262736
0.083381
47
0.00501375
0.0935067
0.0757941
0.331698
13
0.840156
0.0414117
0.0041527
87
0.0756288
0.196055
0.0294212
0.33933
13
0.931774
0.0261307
0.0858844
83
0.070397
0.4426
0.0715178
0.382776
57
0.953093
0.00535369
0.00284539
59
0.0751195
0.179961
0.0539561
0.326348
23
0.980409
0.0786141
0.0987109
55
0.050525
0.43411
0.080631
0.405349
7
0.904703
0.0017773
0.0628562
12
0.0354127
0.117983
0.0930047
0.1461
61
0.946934
0.0126707
0.0455584
12
0.0287046
0.474457
0.0104376
0.00136363
10
0.985692
0.0124753
0.0311424
100
0.0163749
0.0646012
0.0182711
0.025095
100
0.874567
0.0845077
0.0525543
64
0.034352
0.173427
0.0105572
0.390391
66
0.747153
0.0176562
0.0768884
71
0.0690893
0.221231
0.0675236
0.207374
26
0.713265
0.0768329
0.00738059
91
0.0938865
0.112201
0.0178917
0.246677
29
0.885367
0.0834198
0.0253102
37
0.0233237
0.137984
0.0467558
0.260751
63
0.89719
0.0317999
0.0367896
91
0.0785082
0.168541
0.0636257
0.370216
65
0.939384
0.0569365
0.0501487
87
0.0487705
0.268515
0.0240663
0.478358
64
0.79206
0.0775326
0.0308023
1
0.0173376
0.0376869
0.0990674
0.0461144
76
0.843543
0.00676221
0.0624056
41
0.0699143
0.223408
0.0287266
0.297025
65
0.830746
0.0631461
0.0590082
20
0.0504468
0.376189
0.0519048
0.0953422
55
0.961984
0.0139235
0.0091353
87
0.0485992
0.306962
0.0466771
0.275928
8
0.831434
0.00950186
0.0943559
89
0.0277811
0.237472
0.0636587
0.418842
49
0.876026
0.0889797
0.00269756
27
0.0165647
0.141767
0.0846561
0.0782308
38
0.762837
0.0131426
0.0343218
78
0.00760877
0.338948
0.0332389
0.395435
36
0.922983
0.0110279
0.084947
83
0.00826643
0.303562
0.0853623
0.0290802
27
0.728432
0.0814722
0.0317971
65
0.0884596
0.326026
0.0937722
0.158812
24
0.855227
0.0501905
0.0402373
9
0.0903915
0.124007
0.0604857
0.111017
85
0.824927
0.052275
0.0760104
85
0.0295582
0.0817612
0.0929563
0.063103
19
0.992272
0.0827627
0.0883177
70
0.0104685
0.0227292
0.0840576
0.216678
2
0.772327
0.0549854
0.0493825
78
0.0550211
0.226402
0.0953724
0.291569
89
0.919905
0.0240391
0.0716228
29
0.0124719
0.09007
0.0255569
0.280048
25
0.714572
0.0790563
0.0202827
4
0.0275628
0.326612
0.099901
0.446637
93
0.777055
0.0891923
0.0754275
13
0.0216343
0.195
0.086799
0.333035
69
0.819674
0.0702092
0.00681754
18
0.00907758
0.228681
0.0319162
0.347366
57
0.861335
0.0884982
0.0544476
38
0.0400614
0.135707
0.0410443
0.109247
34
0.77717
0.0339859
0.0954565
96
0.0479895
0.455544
0.0413558
0.0737287
98
0.845831
0.0198211
0.0746831
42
0.0948179
0.321964
0.0186634
0.469257
43
0.762359
0.0158487
0.0358499
76
0.0134302
0.0401876
0.0480637
0.371614
70
0.839799
0.00242226
0.0946501
39
0.0175358
0.39887
0.0693879
0.212477
82
0.898547
0.0512985
0.0860573
54
0.0298298
0.210571
0.0526763
0.348045
31
0.736334
0.057537
0.0695282
4
0.0368341
0.27969
0.0392685
0.162017
78
0.947724
0.00402227
0.0412916
19
0.0427133
0.213582
0.0723899
0.0924781
56
0.819021
0.0345724
0.0877631
28
0.0179308
0.307082
0.0576683
0.471689
88
0.862786
0.0448168
0.0926172
42
0.0166802
0.109524
0.0588195
0.426525
88
0.81159
0.0506888
0.0744442
11
0.0312749
0.498336
0.0638727
0.266192
80
0.727043
0.0917259
0.0361134
7
0.00463007
0.108529
0.0778228
0.476106
22
0.786179
0.0446809
0.00897004
17
0.0369455
0.310727
0.0166151
0.120894
99
0.873214
0.0995763
0.0451913
33
0.0643802
0.150156
0.092696
0.258204
34
0.865287
0.0411798
0.0767404
4
0.0118892
0.404289
0.0771538
0.247083
17
0.942253
0.0301732
0.0514057
99
0.0192927
0.21168
0.0239874
0.131741
34
0.97252
0.0674668
0.0364233
76
0.0259393
0.106993
0.043524
0.0204361
92
0.944459
0.0668971
0.0809818
16
0.0583712
0.445891
0.0581016
0.341281
75
0.936785
0.00109882
0.0354403
89
0.037409
0.497672
0.0139504
0.48972
11
0.988985
0.0584633
0.0231548
75
0.0212549
0.426037
0.0535758
0.0524721
24
0.73352
0.00773787
0.0111113
6
0.0420816
0.305305
0.0960591
0.457539
84
0.813811
0.0286292
0.0365879
75
0.0308641
0.272496
0.0385545
0.363995
28
0.871647
0.00584471
0.0471955
57
0.0530358
0.10012
0.0848343
0.0391616
32
0.888328
0.0771215
0.0043095
42
0.0680337
0.0595136
0.0982583
0.0799837
47
0.806004
0.0510901
0.018075
52
0.0407554
0.356235
0.0115334
0.403056
72
0.802312
0.0311382
0.0782783
99
0.0695242
0.153124
0.0266606
0.191744
28
0.783664
0.0233753
0.0125696
96
0.0687267
0.492691
0.0515282
0.420501
39
0.867075
0.0534133
0.0292441
74
0.0102284
0.476967
0.0521129
0.412202
99
0.957074
0.0898396
0.0426096
55
0.0899135
0.451925
0.0448669
0.239636
76
0.852936
0.0689513
0.0658469
64
0.0898383
0.103064
0.0830332
0.474101
22
0.829704
0.0406882
0.0826473
79
0.00261719
0.245001
0.0555227
0.147334
62
0.775203
0.014176
0.0714097
37
0.0116502
0.0845399
0.0248968
0.157375
71
0.833393
0.0288738
0.0627099
99
0.091561
0.431462
0.0534453
0.40442
73
0.980523
0.00899942
0.099341
15
0.0769802
0.00404584
0.0877634
0.452713
9
0.911171
0.0847919
0.0887064
54
0.0111613
0.328072
0.0279756
0.200938
5
0.768956
0.0489914
0.0331998
21
0.0935188
0.345659
0.0794581
0.127166
96
0.838855
0.0899709
0.0874348
97
0.0170596
0.193387
0.0883538
0.322321
86
0.796102
0.0857825
0.0265664
8
0.0868996
0.115657
0.028975
0.128087
52
0.842788
0.0481662
0.0916549
58
0.0656433
0.286012
0.055837
0.0219754
6
0.941107
0.0431768
0.00554026
23
0.0513512
0.433873
0.0314917
0.487183
2
0.744336
0.0474855
0.0935426
54
0.0262816
0.382859
0.0213252
0.273206
91
0.82644
0.0323235
0.0567431
92
0.0497887
0.14043
0.0560178
0.0838343
100
0.899982
0.088775
0.0675254
77
0.0225803
0.387978
0.0270932
0.467049
50
0.720748
0.0439968
0.06572
16
0.0907488
0.191306
0.0254483
0.160064
7
0.789261
0.052469
0.0545912
20
0.0169574
0.322093
0.0130299
0.497735
91
0.722532
0.0654173
0.0349624
62
0.067819
0.139784
0.070442
0.219358
56
0.710772
0.0354917
0.0481762
93
0.0803028
0.410947
0.0111218
0.0595331
58
0.740563
0.0547338
0.0663953
7
0.0905408
0.418445
0.0893408
0.0132603
25
0.943705
0.0573672
0.0676984
8
0.0337219
0.267794
0.0490954
0.053256
43
0.920106
0.0365242
0.0345669
20
0.0527137
0.409207
0.015294
0.406154
83
0.700848
0.0269784
0.0383023
69
0.0356161
0.357597
0.0200049
0.422432
59
0.729169
0.0696521
0.0540443
52
0.0871912
0.121511
0.033802
0.330639
91
0.765934
0.0255256
0.0393919
27
0.0188652
0.239404
0.0261426
0.00983559
59
0.807309
0.0239412
0.0605019
44
0.0154955
0.114011
0.0173528
0.32928
54
0.88078
0.0243239
0.0141287
74
0.0304593
0.0176825
0.0666437
0.193692
67
0.829096
0.0428176
0.0268555
38
0.0340439
0.48636
0.0159398
0.10332
19
0.916266
0.0954742
0.0939184
34
0.0156605
0.0419629
0.021138
0.16352
42
0.929065
0.0291968
0.0732022
3
0.0581931
0.0293483
0.0456175
0.265719
3
0.910882
0.0398758
0.070054
77
0.0812932
0.332059
0.024398
0.47953
67
0.866133
0.0390903
0.0660335
85
0.0863593
0.390222
0.0130923
0.432383
70
0.738007
0.0297061
0.0776021
12
0.0427884
0.203114
0.0866558
0.279865
14
0.738314
0.093354
0.0182669
30
0.0982135
0.355566
0.0437515
0.461146
91
0.941785
0.0703929
0.0869241
21
0.0444174
0.166395
0.0722289
0.0417703
33
0.869557
0.016261
0.0198395
66
0.0197238
0.0623728
0.0531321
0.250441
68
0.99271
0.0224477
0.046537
65
0.0565676
0.201638
0.0324136
0.421233
98
0.701949
0.0285145
0.0638938
60
0.00179684
0.107662
0.0904176
0.33474
96
0.975196
0.00666375
0.0309091
74
0.0804173
0.0387214
0.0193187
0.155646
15
0.834194
0.0200678
0.0201289
98
0.0963804
0.147965
0.0737139
0.267917
4
0.921653
0.00197002
0.0687314
25
0.0911861
0.0978052
0.0500704
0.345579
97
0.991578
0.0692749
0.0692624
17
0.0389686
0.309896
0.0412577
0.317466
60
0.815681
0.0901864
0.089942
61
0.0448475
0.0770755
0.0516528
0.42309
13
0.857538
0.0227823
0.0729729
81
0.0738489
0.330348
0.0250919
0.182644
90
0.889299
0.0973861
0.0748555
66
0.0889159
0.416608
0.0652561
0.437592
72
0.961676
0.00216421
0.0931061
36
0.0540396
0.26051
0.0381184
0.398321
75
0.917674
0.00842581
0.00136505
10
0.0966209
0.308634
0.09587
0.130992
30
0.917481
0.0940724
0.0913838
16
0.0494587
0.421644
0.0121036
0.436126
95
0.816162
0.0822666
0.0405396
81
0.0609462
0.368571
0.0328473
0.132456
53
0.719996
0.0537417
0.0218658
30
0.0645844
0.482074
0.0552364
0.480218
56
0.801654
0.0227187
0.0226708
69
0.0593224
0.336648
0.0538267
0.356594
83
0.997434
0.0294168
0.0305842
11
0.0435575
0.337589
0.0168238
0.136819
73
0.732867
0.0567481
0.0263275
17
0.0351894
0.180798
0.0773234
0.21073
97
0.768698
0.071646
0.0833365
73
0.0861211
0.264332
0.0155123
0.112256
52
0.82727
0.0507073
0.0375741
100
0.0893784
0.343948
0.0709603
0.0648641
21
0.901589
0.0599491
0.0782187
39
0.0459022
0.200873
0.0734073
0.376462
27
0.773947
0.0905166
0.0321057
18
0.0495945
0.127452
0.03577
0.357951
58
0.894651
0.0552877
0.0643383
20
0.0849409
0.353244
0.0970042
0.0626947
18
0.78809
0.0555957
0.00666869
83
0.0892992
0.0987177
0.0827704
0.343126
30
0.803068
0.0872305
0.0890546
41
0.0271448
0.204999
0.056099
0.148394
47
0.741629
0.0413874
0.0313524
82
0.057888
0.0112935
0.0978514
0.0155752
15
0.725168
0.0836193
0.0599203
92
0.0209789
0.46327
0.0343486
0.408642
92
0.878863
0.0504373
0.0470246
10
0.0238975
0.393575
0.0643523
0.445702
84
0.884299
0.0609236
0.022545
88
0.0456355
0.07784
0.0390482
0.168154
13
0.998017
0.051119
0.0792188
73
0.0652637
0.479158
0.0602591
0.189372
27
0.994487
0.0204687
0.0875881
55
0.0321941
0.105774
0.0151526
0.429846
14
0.996434
0.094939
0.0804957
10
0.0665417
0.167503
0.0144174
0.0712119
57
0.74305
0.0806819
0.0960038
24
0.0822167
0.225414
0.0719907
0.056351
71
0.888536
0.0498849
0.0136782
99
0.0318628
0.490779
0.0403245
0.0171453
89
0.977135
0.0396633
0.0192394
53
0.0418604
0.446305
0.0509494
0.176961
72
0.742034
0.0178998
0.0144751
32
0.0547536
0.258629
0.0966141
0.396074
71
0.889694
0.0483578
0.0776579
33
0.0288822
0.19288
0.0684023
0.25498
66
0.753268
0.0741641
0.0607105
70
0.0909745
0.087797
0.080393
0.104496
10
0.881421
0.0263475
0.0951887
32
0.0360535
0.331144
0.0378487
0.335455
94
0.740754
0.0880988
0.0810912
67
0.00791608
0.13829
0.0679943
0.159276
80
0.935685
0.0464681
0.0631462
10
0.0478003
0.439791
0.0579978
0.0266266
29
0.928329
0.078242
0.0897577
69
0.0649187
0.12097
0.0472464
0.300518
36
0.982021
0.0526631
0.0851786
39
0.0614423
0.0538685
0.0864921
0.170128
67
0.875024
0.00626661
0.0282818
80
0.0821447
0.146133
0.0163173
0.0352407
17
0.965807
0.0881923
0.0581637
96
0.0127096
0.089009
0.0260073
0.154661
60
0.706953
0.00796824
0.0333079
95
0.0649611
0.458268
0.0474788
0.0055401
99
0.978265
0.0869215
0.0706267
80
0.0988709
0.363873
0.050455
0.259007
11
0.90337
0.0799777
0.00615956
99
0.0358296
0.182076
0.017515
0.293953
23
0.870632
0.0737385
0.0739308
72
0.0160062
0.0526375
0.0299593
0.468478
22
0.734313
0.0619644
0.0515381
71
0.0330465
0.277375
0.0572718
0.0676318
46
0.736856
0.00510463
0.0327241
35
0.0780362
0.205571
0.072496
0.444241
94
0.787752
0.0758132
0.00596267
61
0.0748399
0.0502355
0.0541071
0.484106
46
0.93249
0.0617262
0.0585787
31
0.049013
0.133639
0.0782616
0.141495
78
0.830312
0.0443793
0.00764946
78
0.0538615
0.185123
0.0677633
0.0311616
37
0.907151
0.0112084
0.0168558
49
0.02655
0.493307
0.0102858
0.0726665
74
0.919042
0.013842
0.0417
68
0.0640649
0.0921194
0.035389
0.0898415
15
0.822216
0.0370078
0.0389404
48
0.0770651
0.0854141
0.0307725
0.488009
7
0.88418
0.0781351
0.0465574
56
0.0251484
0.0424835
0.0351106
0.358172
58
0.909888
0.0148445
0.0295402
56
0.0819709
0.379519
0.070062
0.257033
11
0.914986
0.0980728
0.0395683
81
0.0839032
0.0335576
0.0945204
0.117053
40
0.825412
0.0479781
0.0138944
71
0.0432683
0.0801351
0.0219902
0.369385
28
0.951064
0.0589899
0.0872442
5
0.0242016
0.383506
0.0837445
0.187399
38
0.724971
0.0394699
0.0864411
61
0.0379778
0.234547
0.0980211
0.495789
70
0.776063
0.069752
0.0147789
96
0.0306886
0.375188
0.0202079
0.342668
37
0.712655
0.009215
0.00386572
9
0.0604206
0.131845
0.0619782
0.340692
45
0.709196
0.0297649
0.0160677
45
0.0207225
0.0280705
0.0348698
0.142491
38
0.896111
0.00604141
0.0177571
59
0.0160767
0.214206
0.0309644
0.45309
63
0.771177
0.0832482
0.0701134
58
0.0065439
0.241476
0.0372299
0.440211
25
0.931252
0.0776755
0.0294735
37
0.0253965
0.413782
0.038727
0.0810083
32
0.763621
0.0470695
0.0290637
92
0.0796393
0.188654
0.0842025
0.236014
5
0.956432
0.00544007
0.0911275
73
0.0523435
0.441252
0.0879442
0.391559
77
0.859076
0.0706014
0.0734546
46
0.0233868
0.462536
0.0794881
0.152519
25
0.849964
0.0328349
0.0801334
14
0.09522
0.273119
0.0835064
0.430167
1
0.862181
0.00883651
0.0450061
13
0.0663011
0.202257
0.054511
0.27679
77
0.731518
0.0376101
0.0195105
15
0.0475516
0.324903
0.0508488
0.35344
42
0.703184
0.023323
0.0497758
2
0.0845658
0.196949
0.0206805
0.294833
31
0.729937
0.074749
0.0254425
94
0.0109989
0.231493
0.011789
0.11552
79
0.986112
0.021246
0.0228024
7
0.0555639
0.364084
0.0302687
0.388329
32
0.868078
0.0712575
0.0101124
69
0.0709557
0.403668
0.0183718
0.139474
83
0.73184
0.0321916
0.0547007
34
0.0843173
0.362382
0.048895
0.149236
79
0.828156
0.0222996
0.0103632
26
0.0959333
0.247585
0.022183
0.129688
54
0.860364
0.0189766
0.0737687
62
0.0516624
0.42074
0.0962311
0.498838
68
0.710498
0.0316129
0.069893
42
0.0858605
0.215505
0.0374028
0.424096
34
0.75544
0.0107949
0.00104797
45
0.0896314
0.0137275
0.0950021
0.114851
33
0.963898
0.0330793
0.0619392
97
0.0235915
0.198491
0.0264604
0.277285
45
0.930749
0.0545316
0.0844167
70
0.0774333
0.123044
0.066706
0.100653
28
0.783886
0.0862417
0.0132911
77
0.0590009
0.380837
0.056659
0.153858
95
0.807957
0.0970458
0.0315916
73
0.0790854
0.495621
0.0764939
0.413166
40
0.939003
0.0423252
0.0491924
65
0.0922924
0.261382
0.0135525
0.284994
21
0.892643
0.00820961
0.099185
42
0.00438841
0.360848
0.062853
0.274608
94
0.964547
0.0960078
0.00456184
49
0.0875285
0.217383
0.020279
0.0616366
39
0.805744
0.0896255
0.0386741
70
0.0482411
0.114178
0.0912806
0.209125
76
0.730565
0.0709847
0.076331
19
0.0349102
0.0129302
0.0688292
0.45898
1
0.81228
0.0457984
0.0273238
79
0.0284461
0.319979
0.0832731
0.218087
52
0.718267
0.0622415
0.0680746
77
0.0316556
0.429887
0.0420988
0.0913103
94
0.966493
0.0085985
0.0669863
77
0.00300726
0.103306
0.0190582
0.375098
93
0.820869
0.0330603
0.0634528
76
0.0511271
0.0825394
0.0231046
0.475574
65
0.886603
0.0876083
0.055069
41
0.0919385
0.287309
0.0444952
0.203637
10
0.944648
0.0855476
0.040144
87
0.0957414
0.45477
0.0252637
0.00731188
17
0.852195
0.042449
0.0445916
58
0.0436463
0.371985
0.0195993
0.285785
54
0.823908
0.0629456
0.064708
68
0.0194155
0.25076
0.032112
0.485469
59
0.912216
0.0393177
0.00694309
28
0.0808828
0.297088
0.0397075
0.251939
85
0.823753
0.0478206
0.0850887
61
0.0371949
0.161678
0.0769917
0.32419
10
0.715435
0.00228193
0.0806514
30
0.0783121
0.11158
0.0523005
0.0309966
10
0.953665
0.0708096
0.0785326
26
0.0977683
0.320045
0.0427399
0.169203
18
0.969086
0.0268828
0.0328861
58
0.0121258
0.499464
0.0781784
0.0440305
19
0.985161
0.0381635
0.0234544
68
0.0330971
0.229831
0.0768595
0.434437
4
0.767068
0.0531925
0.0528213
86
0.0620191
0.0445926
0.0646668
0.235927
3
0.836119
0.0518051
0.0590203
86
0.0125962
0.222476
0.0376132
0.0778655
42
0.84138
0.0043669
0.0484728
60
0.0982204
0.2485
0.0428555
0.171479
60
0.82777
0.0542187
0.0390217
32
0.0801455
0.339244
0.0956423
0.282805
40
0.876701
0.0825327
0.0357308
50
0.0148294
0.466146
0.0613325
0.386607
51
0.890898
0.0577347
0.0974148
49
0.0464921
0.346226
0.0670253
0.00608795
76
0.957812
0.0516486
0.0443261
19
0.00568791
0.282674
0.0407858
0.213374
22
0.970222
0.090402
0.026066
14
0.0347184
0.288696
0.0745466
0.305005
15
0.856094
0.0439233
0.062093
13
0.0878288
0.459088
0.0532615
0.190675
73
0.846555
0.00372946
0.0474229
36
0.0437888
0.494534
0.097302
0.198666
53
0.761556
0.0967518
0.0433606
85
0.0230937
0.449734
0.0433442
0.298932
64
0.869971
0.0664858
0.0122018
84
0.0933857
0.391236
0.0401897
0.264904
54
0.886211
0.08217
0.00944748
85
0.00290316
0.209749
0.0820321
0.397004
64
0.778677
0.0666115
0.0238099
18
0.00693655
0.0319534
0.0985477
0.140325
69
0.779503
0.0174345
0.00567063
72
0.0475211
0.026815
0.0737743
0.214931
47
0.982985
0.0639506
0.0556737
73
0.0814783
0.188029
0.0476652
0.0698962
73
0.968264
0.0946178
0.0641533
86
0.0865364
0.315316
0.0404952
0.302396
58
0.732934
0.0601571
0.00731066
65
0.027451
0.234004
0.0718438
0.233551
36
0.775609
0.098738
0.0653083
7
0.00385293
0.0722719
0.0679293
0.137077
85
0.704345
0.0766347
0.0487999
24
0.0257438
0.135071
0.0964899
0.470817
89
0.897961
0.0925471
0.0855494
51
0.00921495
0.425275
0.0525533
0.466572
31
0.863894
0.0217828
0.0968517
3
0.0825677
0.00872314
0.0695816
0.180395
16
0.949942
0.0416155
0.0277062
22
0.0970993
0.0247534
0.0460528
0.00334033
2
0.940889
0.0530232
0.0976959
17
0.0788319
0.327891
0.0994526
0.0455549
20
0.721984
0.0894472
0.00468824
35
0.0885674
0.1447
0.069108
0.419873
84
0.78052
0.049272
0.0819783
94
0.0219934
0.447607
0.0484907
0.319752
77
0.832988
0.0117627
0.0156445
20
0.0563115
0.25274
0.022331
0.368922
38
0.923634
0.0649519
0.0917249
37
0.0991744
0.128806
0.0595493
0.256907
16
0.712159
0.0677322
0.0919202
53
0.0973135
0.00125828
0.0673881
0.0475338
43
0.758969
0.00967598
0.0636046
34
0.00125564
0.0348995
0.0193675
0.0606591
54
0.746447
0.0215124
0.0248251
47
0.0816296
0.0582708
0.0571354
0.287901
5
0.853569
0.0838917
0.00514623
38
0.0468363
0.17883
0.0779732
0.221762
92
0.709932
0.0486391
0.0572346
47
0.00836242
0.397798
0.0564672
0.217491
68
0.756299
0.0427493
0.0594111
90
0.0944155
0.389435
0.0702484
0.385378
87
0.804929
0.0763164
0.0529215
59
0.0390486
0.216641
0.0282031
0.0324439
32
0.813344
0.0183556
0.0511895
57
0.0560268
0.125082
0.0180559
0.303042
41
0.808302
0.0718327
0.0414719
81
0.0507231
0.101999
0.0789985
0.31315
6
0.72312
0.0952782
0.0831136
58
0.0313376
0.41549
0.0512667
0.310346
81
0.784536
0.0606247
0.0564628
24
0.0975631
0.220591
0.0450321
0.460386
36
0.882616
0.0865078
0.0988733
57
0.0520948
0.293981
0.0629679
0.248076
96
0.850362
0.0854871
0.0921662
33
0.0654252
0.175936
0.0633547
0.178411
37
0.969334
0.0430149
0.0561037
79
0.0670906
0.347245
0.0968717
0.483931
8
0.9243
0.0206172
0.0180179
32
0.0519013
0.0611376
0.0917062
0.245584
81
0.719613
0.0106678
0.00332528
12
0.0187502
0.243703
0.0331086
0.204414
49
0.947089
0.0641251
0.00162862
80
0.0182436
0.301813
0.0335338
0.30829
61
0.781422
0.0994012
0.0532788
5
0.00113691
0.240162
0.021688
0.0944133
52
0.847553
0.0113866
0.0932853
19
0.0397301
0.148291
0.091015
0.17716
46
0.724422
0.0662763
0.0434989
10
0.0153223
0.262603
0.0732422
0.380176
23
0.909132
0.0962773
0.0655232
59
0.0996232
0.427739
0.0481851
0.0117736
88
0.780867
0.0681427
0.0340476
26
0.0469425
0.0956328
0.0788638
0.464923
39
0.940009
0.078882
0.0693322
2
0.0612794
0.488617
0.0233035
0.0876153
84
0.851392
0.0373726
0.030448
47
0.0484086
0.407453
0.0159499
0.472333
20
0.987472
0.0404509
0.0950209
46
0.0850032
0.318581
0.0238346
0.338935
65
0.914444
0.0313022
0.0597507
97
0.00535195
0.378402
0.0544449
0.494163
53
0.907958
0.0351611
0.0751114
84
0.0459825
0.235349
0.0755983
0.288817
97
