0.994037
0.00892948
0.349246
25
0.00953326
0.0341729
0.235864
19
3.61478
0.569158
0.00685937
0.926192
0.165054
0.197383
29
0.00823996
0.0339017
0.139506
92
2.68381
0.476741
0.00491546
0.928228
0.0560133
0.303743
90
0.00741315
0.0307581
7.256e-05
55
0.679491
0.132623
0.00339567
0.908602
0.109268
0.188015
27
0.00100806
0.0145734
0.443094
81
3.81803
0.233586
0.0048638
0.914737
0.134689
0.137293
83
0.00788871
0.0394949
0.251203
86
3.2805
0.144067
0.00810052
0.922062
0.00799468
0.468412
93
0.00190448
0.0118508
0.455977
31
0.488464
0.0600526
0.00854652
0.900438
0.155991
0.425446
32
0.00424234
0.0171451
0.421559
23
2.3472
0.02806
0.00546125
0.957525
0.116708
0.0724624
12
0.00231552
0.0176794
0.41232
51
1.11093
0.245057
0.00751115
0.908057
0.0656741
0.180879
61
0.00573981
0.0361079
0.318043
73
1.40428
0.548528
0.00444879
0.993391
0.0644105
0.396588
26
0.000890838
0.0444584
0.396229
96
1.00751
0.563899
0.00238295
0.931675
0.019443
0.498727
20
0.00456468
0.0208142
0.0935728
29
1.59012
0.62242
0.00484422
0.991848
0.187069
0.455343
75
0.0058108
0.0485102
0.0725095
24
3.11381
0.34249
0.00527204
0.980147
0.145941
0.198084
69
0.00369359
0.0201808
0.423353
34
3.83513
0.789277
0.00213623
0.951981
0.0297008
0.38993
85
0.00750037
0.0212412
0.00905669
77
1.07613
0.221047
0.00228757
0.99235
0.00566732
0.322649
78
0.0082732
0.0340878
0.475955
73
2.12515
0.67928
0.00554639
0.914874
0.00999988
0.256528
67
0.00613171
0.0369051
0.054836
22
1.6669
0.0302871
0.000265056
0.973015
0.035186
0.260791
81
0.00127995
0.0130309
0.0305092
57
0.566021
0.520528
0.00798944
0.92859
0.180716
0.352782
20
0.00353895
0.0159309
0.380593
82
2.71191
0.358575
0.00815961
0.978135
0.0550387
0.294234
38
0.00805092
0.0247733
0.493958
13
1.95317
0.591457
0.00440854
0.928711
0.0487356
0.456965
43
0.00104594
0.0226301
0.306229
85
0.907136
0.417763
0.00280546
0.936344
0.0365686
0.414801
85
0.00722364
0.0250663
0.214456
54
1.03874
0.502453
0.00582991
0.989525
0.0285476
0.453535
6
0.000501592
0.0362973
0.19479
27
0.946149
0.0826682
0.00242339
0.902373
0.131882
0.150507
20
0.00738488
0.0158322
0.182183
44
2.36375
0.549461
0.00505795
0.958503
0.158467
0.152937
15
0.00447966
0.0126721
0.264695
89
3.72806
0.377566
0.0046751
0.937879
0.122513
0.306306
24
0.00259457
0.0433864
0.176228
50
3.99275
0.306558
0.000322828
0.948616
0.16854
0.415716
52
0.000541804
0.0148563
0.233973
94
2.02399
0.663998
0.00427119
0.955482
0.0515301
0.0342542
86
0.00923425
0.0358936
0.168234
8
1.88895
0.290256
0.00152636
0.995895
0.0852372
0.428312
10
0.00732454
0.0183084
0.437984
45
0.359732
0.507318
0.000726208
0.944394
0.0324606
0.0526983
65
0.000788422
0.0282732
0.111323
67
2.60432
0.570244
0.00843048
0.912328
0.0414931
0.379129
33
0.00706833
0.0482952
0.34982
57
3.37417
0.7995
0.000179359
0.959697
0.197409
0.270954
99
0.00525557
0.0131018
0.495794
29
0.607728
0.273525
0.0095949
0.939864
0.0409137
0.383289
88
0.00968811
0.0135533
0.335504
84
2.26195
0.356867
0.00549064
0.937337
0.196362
0.0971391
60
0.00543111
0.0332258
0.480494
49
2.13594
0.496914
0.00906143
0.986097
0.0626389
0.0882078
90
0.00285232
0.0326282
0.246523
80
0.195952
0.398746
5.38805e-05
0.94784
0.142654
0.0904574
19
0.00125183
0.0178827
0.283321
66
2.09924
0.572289
0.000568501
0.950876
0.00270112
0.224583
44
0.00348151
0.0235125
0.247489
36
1.47142
0.626562
0.00729385
0.913865
0.0679344
0.0611098
83
0.00451867
0.0111606
0.206176
16
1.42311
0.447884
0.0020784
0.973493
0.101765
0.486063
48
0.0051007
0.0243873
0.210128
86
0.560035
0.590017
0.00574718
0.912102
0.0568257
0.287454
53
0.00546003
0.0302421
0.166272
82
2.34914
0.107737
0.00496681
0.920561
0.126166
0.226832
46
0.000723967
0.0111113
0.499121
9
2.55833
0.21258
0.00612441
0.968395
0.0102461
0.0138557
70
0.00568543
0.0194096
0.116208
83
1.32161
0.371424
0.0078237
0.940562
0.0710937
0.0389829
69
0.00949384
0.0398551
0.0333391
16
3.64488
0.67838
0.00935351
0.914384
0.114676
0.185397
23
0.00574969
0.0199832
0.0981703
11
1.74605
0.01085
0.00173232
0.907051
0.108171
0.107443
41
0.00886951
0.0282261
0.0462585
21
1.18559
0.36341
0.00960203
0.986953
0.094438
0.18654
56
0.00713542
0.0494548
0.151222
85
0.288916
0.135694
0.00212082
0.99871
0.103183
0.476869
93
0.00415981
0.0416986
0.0789813
77
3.52521
0.410581
0.0067264
0.96218
0.111879
0.336351
11
0.00523988
0.016149
0.0863853
38
2.51965
0.066127
0.00225633
0.962927
0.120605
0.416676
38
0.00797584
0.0148911
0.167305
7
1.21727
0.602285
0.000837066
0.933006
0.0119664
0.338664
18
0.00709554
0.046055
0.420248
61
2.3252
0.721708
0.00501105
0.942932
0.00339025
0.144834
5
0.00345436
0.0287849
0.0834366
46
0.611328
0.178983
0.00609647
0.986493
0.158898
0.376087
74
0.00849522
0.0255328
0.4381
2
1.81891
0.24698
0.00262539
0.963586
0.00509796
0.259261
94
0.000818921
0.022776
0.154526
18
3.03635
0.445078
0.00115745
0.934468
0.17426
0.10334
44
0.00978157
0.0160255
0.248909
67
1.23914
0.226579
0.00797976
0.979985
0.0949453
0.0107585
7
0.00607502
0.0294837
0.142829
68
3.75339
0.732055
0.00698252
0.925941
0.073127
0.381173
15
0.00821999
0.0237137
0.382278
97
2.78101
0.76423
0.00514583
0.966034
0.102155
0.370424
61
0.00285025
0.045687
0.393087
20
1.25409
0.483111
0.00953928
0.932839
0.0662177
0.419202
43
0.00365109
0.0322888
0.339393
62
1.9083
0.603542
0.00164653
0.907356
0.111432
0.390991
90
0.00753195
0.0461542
0.0732259
98
0.817881
0.287473
0.00610692
0.963483
0.171621
0.30478
64
0.00914765
0.0136894
0.336558
7
1.28756
0.211492
0.00970021
0.969669
0.0862869
0.443397
98
0.00381913
0.0474178
0.419111
32
0.628445
0.391632
0.00905984
0.910596
0.138838
0.278482
27
0.00480985
0.0445019
0.375076
57
0.460199
0.0430552
0.00976937
0.926864
0.169523
0.0916271
64
0.00471796
0.016985
0.332114
10
1.51806
0.426055
0.00931826
0.914595
0.112468
0.334294
87
0.00356008
0.0484252
0.265765
17
2.40914
0.0249095
8.54252e-05
0.922278
0.135564
0.341377
77
0.00922178
0.0289316
0.357063
97
0.574278
0.7096
0.00891355
0.915324
0.012912
0.145664
55
0.0067302
0.012124
0.0972791
59
2.20568
0.748526
0.00315496
0.953626
0.0596316
0.388549
98
0.00407646
0.0184939
0.0397164
72
0.332984
0.468572
4.32359e-05
0.963834
0.0751056
0.0856987
25
0.00314278
0.0390833
0.122124
37
2.92617
0.0143479
0.00636458
0.912625
0.0914356
0.172945
39
0.00163262
0.0211222
0.259982
67
3.15181
0.4182
0.000590085
0.930133
0.140779
0.375565
49
0.00808976
0.02937
0.230699
59
0.784419
0.0497935
0.00963978
0.901669
0.11389
0.321572
67
0.00747356
0.0207703
0.24562
21
1.38951
0.593223
0.00172112
0.934793
0.194812
0.348073
75
0.00991096
0.0288619
0.260925
50
0.527152
0.562697
0.00949084
0.908807
0.102742
0.273778
22
0.00408451
0.035223
0.303855
44
1.62432
0.114168
0.00762061
0.909105
0.164813
0.125002
5
0.0070192
0.0458104
0.439312
28
0.247168
0.478946
0.00972558
0.940894
0.114938
0.483729
88
0.00596433
0.0351718
0.31447
53
3.03282
0.303856
0.00179136
0.94225
0.187582
0.335477
52
0.0030848
0.0491386
0.307535
5
2.30517
0.156495
0.00727067
0.987546
0.0664168
0.0513557
82
0.00438209
0.0453002
0.114759
98
1.49699
0.542803
0.00240172
0.941063
0.194038
0.462369
82
0.00895701
0.0275807
0.346777
32
2.60033
0.0170332
0.00150314
0.992102
0.105047
0.183746
6
0.000674656
0.0175976
0.347738
6
0.307621
0.437632
0.00852183
0.953977
0.161663
0.0778454
24
0.00254118
0.0464716
0.0685836
47
2.18254
0.361925
0.00183887
0.963186
0.0872806
0.311408
89
0.00626922
0.0240229
0.273525
79
1.05069
0.0373288
0.00265002
0.906248
0.0648698
0.275609
83
0.00930292
0.0316261
0.0173398
30
1.05664
0.532792
0.00131721
0.942416
0.123265
0.490331
84
0.000926791
0.0236076
0.174604
9
3.40228
0.519216
0.000670626
0.930526
0.172184
0.0891208
84
0.00948445
0.032335
0.371931
8
0.770923
0.022557
0.00284053
0.963085
0.0421526
0.325841
31
0.00909021
0.0335253
0.147837
82
1.72599
0.668659
0.00306544
0.925148
0.191841
0.488407
72
0.005824
0.038023
0.0702642
36
3.16793
0.456501
0.00895358
0.945524
0.0545602
0.00927918
86
0.00784115
0.0412794
0.26385
83
2.27326
0.190167
0.00666344
0.911118
0.117438
0.205194
77
0.0024487
0.0296831
0.464693
90
2.37975
0.373569
0.00268362
0.945844
0.0673223
0.413618
19
0.0081388
0.0217485
0.113509
7
0.542877
0.278799
0.00942855
0.901059
0.137137
0.29585
14
0.00556144
0.037664
0.280314
2
2.50507
0.039308
0.00310227
0.981575
0.0277425
0.437853
8
0.00983495
0.0312214
0.312623
49
0.540186
0.48637
0.00245238
0.918875
0.125598
0.361242
99
0.00238174
0.0195038
0.450105
20
0.591525
0.557116
0.000111732
0.985849
0.081289
0.0368524
90
0.000970772
0.032715
0.0386734
42
2.19099
0.561321
0.00291858
0.995409
0.0641069
0.465572
92
0.00494971
0.0126368
0.158174
29
3.89084
0.790648
0.0018783
0.921704
0.0449773
0.20845
87
0.00112182
0.0122187
0.025251
3
2.97035
0.00958812
0.00379775
0.99521
0.183933
0.353731
69
0.0081561
0.0144406
0.442324
39
0.778176
0.116765
0.00196208
0.997919
0.0787008
0.00429743
49
0.00994637
0.0203056
0.19171
71
2.21809
0.742552
0.00365849
0.960149
0.0765225
0.107026
5
0.00144144
0.0215215
0.00282989
79
2.98011
0.788547
0.00717067
0.962386
0.0155373
0.372313
79
0.00113145
0.035635
0.0165822
61
2.39979
0.247267
0.00670818
0.926703
0.139282
0.237481
73
0.00219014
0.0257904
0.3726
41
1.44851
0.390889
0.0066066
0.975914
0.182474
0.395703
38
0.00529412
0.0346504
0.388657
41
3.09254
0.299176
2.06736e-05
0.934358
0.148585
0.207154
49
0.00742702
0.0406338
0.258023
67
3.07623
0.700054
0.00704217
0.946551
0.134901
0.0539621
50
0.00216037
0.0382843
0.150362
74
2.53207
0.172866
0.00614982
0.96499
0.0919538
0.0444009
44
0.00771685
0.0154033
0.0367395
68
3.96915
0.718694
0.00465682
0.910371
0.115666
0.257991
70
0.00468843
0.0367431
0.204939
79
3.43046
0.403399
0.00680845
0.97166
0.0566861
0.0731778
39
0.00632976
0.0246932
0.376751
30
1.64215
0.34987
0.00649955
0.990974
0.08093
0.430271
4
0.000656344
0.0205419
0.425479
25
0.620356
0.754415
0.00215327
0.924479
0.1498
0.105776
54
0.00733215
0.0325408
0.243129
78
1.12137
0.797877
0.00766019
0.90548
0.0522979
0.449008
22
0.00540469
0.0354508
0.0964496
46
3.39062
0.188497
0.00398739
0.984628
0.149859
0.138298
34
0.00642926
0.022089
0.28409
85
0.350784
0.108884
0.00869532
0.960546
0.114317
0.108537
61
0.00816678
0.0154622
0.386142
3
2.47248
0.0964924
0.00794125
0.90941
0.104189
0.274205
1
0.000281586
0.0427816
0.418493
27
3.66978
0.584456
0.00502968
0.930005
0.179834
0.0142694
95
0.000329224
0.036442
0.081217
12
2.8958
0.796606
0.00396899
0.98551
0.198182
0.131085
9
0.00773105
0.0361826
0.474442
75
1.93274
0.756177
0.000626745
0.976497
0.0790733
0.283556
3
0.00136571
0.0264895
0.299782
91
3.12027
0.669615
0.00616879
0.973701
0.030838
0.161758
31
0.0049946
0.0213608
0.236851
82
3.77669
0.674678
0.00531616
0.901889
0.190809
0.00763267
97
0.00388516
0.0252197
0.252006
93
0.476188
0.439609
0.00863378
0.92729
0.0986426
0.189282
62
0.000527109
0.0492237
0.466634
76
1.52471
0.1647
0.00313043
0.98849
0.111082
0.0801618
18
0.00562445
0.0335023
0.205878
14
2.28035
0.281627
0.00623193
0.944348
0.0396342
0.429295
98
0.00204039
0.0297913
0.278863
78
1.60229
0.0472217
0.00810557
0.931979
0.192855
0.384874
6
0.0014254
0.0378998
0.0856991
59
3.10876
0.330163
0.00038763
0.972156
0.162911
0.218929
35
0.00553457
0.0465969
0.414779
25
1.407
0.601481
0.00687238
0.917339
0.151183
0.301048
13
0.00274282
0.0320906
0.234231
13
2.03194
0.348389
0.00679128
0.918272
0.0830146
0.385082
33
0.00960409
0.0219722
0.33412
80
0.897183
0.717471
0.000134474
0.968952
0.0464025
0.116351
27
0.00833937
0.0311557
0.476324
35
0.449958
0.595078
0.00690369
0.949412
0.157839
0.409716
86
0.00519031
0.0330277
0.366932
84
1.09733
0.627801
0.00859949
0.904408
0.069234
0.250478
79
0.00791436
0.0482087
0.282257
98
3.8066
0.42195
0.000297137
0.968273
0.0762165
0.230639
55
0.0083083
0.0337907
0.0956226
9
2.59437
0.12129
0.0085679
0.987766
0.0013838
0.0570038
73
0.00990099
0.0366949
0.496547
64
3.0557
0.616823
0.0060066
0.958026
0.0962785
0.134346
60
0.002129
0.0350002
0.0883171
62
0.513653
0.510734
0.00999876
0.975142
0.0111582
0.0267684
30
0.00846205
0.0413043
0.446279
28
0.230876
0.761223
0.00147513
0.966586
0.176813
0.32424
89
0.0018581
0.0226732
0.0559487
83
2.22912
0.104163
0.00234035
0.971892
0.19659
0.236279
86
0.00536161
0.0264753
0.428808
32
0.724536
0.421102
0.00725947
0.926997
0.108544
0.129502
57
0.00854603
0.030596
0.492101
77
1.76341
0.772009
0.00929647
0.935586
0.0772023
0.402736
37
0.00349094
0.0256202
0.490377
54
0.877197
0.183568
0.00558312
0.985102
0.119104
0.0549249
59
0.00232459
0.0437288
0.15647
22
0.168084
0.643149
0.00433863
0.9745
0.122235
0.347551
74
0.00518231
0.0365775
0.379751
17
2.42977
0.0297021
0.00608323
0.903432
0.113419
0.339552
12
0.00198913
0.0278301
0.00678824
58
3.57203
0.633313
0.00566422
0.923203
0.0225077
0.318949
88
0.00206743
0.0277027
0.285416
65
0.933435
0.216049
0.0014221
0.971677
0.131061
0.121384
74
0.00183016
0.0232976
0.49838
36
0.347051
0.14297
0.00780245
0.987345
0.0483226
0.369968
29
0.00666612
0.0105326
0.223957
44
2.29
0.283924
0.00449086
0.952904
0.0251701
0.135934
53
0.00121861
0.0170881
0.0227956
71
2.56999
0.267473
0.00760104
0.938896
0.185989
0.454962
7
0.00787568
0.0456244
0.0124308
40
0.759822
0.757776
0.00325414
0.994987
0.0515471
0.206679
96
0.00149967
0.0475403
0.0349186
43
1.29781
0.224595
0.00203968
0.905852
0.137721
0.366338
75
0.00868267
0.011601
0.161657
49
0.937881
0.231658
0.00723381
0.989139
0.0746915
0.255921
42
0.00715867
0.0163466
0.240919
33
3.56671
0.636906
0.00248292
0.927475
0.182079
0.253116
33
0.00532553
0.0496485
0.398148
12
3.84909
0.740803
0.0089767
0.936089
0.129249
0.0506209
72
0.00156694
0.0308231
0.290311
43
3.57752
0.469374
0.00599501
0.993204
0.0332553
0.0837698
78
0.00463238
0.0235347
0.211349
81
0.581806
0.0161563
0.00768015
0.909299
0.100343
0.400829
19
0.00832645
0.0344907
0.0329788
71
0.796771
0.263348
0.00550572
0.95588
0.0135675
0.312607
71
0.00262719
0.0180762
0.0112453
92
1.381
0.262996
0.00429742
0.931826
0.0353059
0.220643
94
0.00281293
0.0406489
0.0766237
43
3.20362
0.693576
0.0095521
0.904822
0.0358747
0.491362
19
0.00422877
0.0314557
0.402651
72
0.730017
0.643965
0.00965502
0.922479
0.0382253
0.479867
70
0.0032336
0.0242118
0.196638
73
0.509476
0.407816
0.00834487
0.997462
0.149204
0.464304
32
0.00498382
0.0188096
0.152724
94
3.53694
0.619624
0.00540225
0.979585
0.0288824
0.142442
25
0.00253398
0.0421172
0.38153
81
2.83266
0.072641
0.00683515
0.930919
0.0666982
0.0670214
58
0.00570453
0.0189586
0.422081
59
0.718647
0.254968
0.00709812
0.920869
0.166793
0.112922
81
0.00292943
0.041197
0.343064
92
0.366642
0.274451
0.00823369
0.95148
0.0430588
0.306013
26
0.00806006
0.0273144
0.0948599
65
1.55901
0.773522
0.00252621
0.988904
0.197688
0.131021
32
0.00565383
0.0113443
0.059084
94
1.4575
0.637391
0.00344898
0.912898
0.0722299
0.245765
45
0.00782067
0.027443
0.484239
58
1.84904
0.146225
0.00102509
0.997044
0.188411
0.008287
64
0.000768444
0.0466965
0.130483
17
0.972606
0.738714
0.00821819
0.959433
0.17647
0.164436
90
0.00166201
0.0266871
0.322618
22
0.986468
0.0252262
0.00223239
0.996073
0.0701022
0.343833
7
0.00358069
0.0331591
0.0928143
63
0.746611
0.753536
0.00573881
0.917875
0.0616298
0.393159
92
0.00270701
0.0150931
0.0990331
46
3.96068
0.712982
0.00757403
0.925138
0.037945
0.0209493
99
0.00905452
0.0186844
0.315713
14
3.45188
0.477486
0.00190201
0.983385
0.130086
0.156521
61
0.00818488
0.0146593
0.149297
50
0.336277
0.608434
0.000689505
0.975587
0.167177
0.049407
68
0.007595
0.0435246
0.118813
34
0.50176
0.309586
0.00089483
0.970115
0.118542
0.269204
8
0.0090226
0.0379272
0.244469
65
3.06078
0.191908
0.00940425
0.922659
0.147308
0.405728
50
0.00392016
0.0101139
0.047027
84
2.01898
0.464752
0.00199999
0.900657
0.104025
0.406656
21
0.00591012
0.0161804
0.279054
42
0.661787
0.456129
0.0086595
0.959928
0.129735
0.481595
23
0.00154954
0.0473105
0.323789
80
1.51106
0.388861
0.00437112
0.929854
0.00928685
0.266152
20
0.00214172
0.0490595
0.137351
33
3.27072
0.509116
0.000478206
0.961347
0.0418768
0.143266
78
0.0040089
0.0136225
0.21221
16
3.50385
0.0943932
0.000663281
0.95661
0.124203
0.213281
13
0.0059355
0.0451637
0.00540035
16
1.57633
0.0360484
0.0074582
0.944095
0.0015475
0.473879
50
0.00999558
0.0263616
0.30439
76
2.76011
0.513147
0.00217686
0.952644
0.0184367
0.469475
28
0.000187758
0.0440165
0.302873
13
1.06424
0.794024
0.00624774
0.996294
0.0709104
0.315538
36
0.00810549
0.0448184
0.362022
18
3.96524
0.393329
0.00654108
0.951092
0.101524
0.360191
89
0.00368054
0.0349367
0.0270112
88
2.38844
0.730811
0.000463826
0.906906
0.167681
0.310752
24
0.00939931
0.0118305
0.363427
40
3.13168
0.578515
0.004147
0.962763
0.00594195
0.0400404
81
0.0065911
0.0102003
0.101434
63
1.36256
0.200764
0.00888632
0.919796
0.18286
0.191147
63
0.00997555
0.0191148
0.383767
81
2.48305
0.261434
0.00628808
0.949931
0.0927653
0.0690634
64
0.00511323
0.0373055
0.22419
52
2.41484
0.48452
0.00186774
0.970476
0.152128
0.22146
81
0.0076513
0.0395807
0.100372
38
3.58532
0.148826
0.00249485
0.90517
0.0958866
0.492452
98
0.00041872
0.0285803
0.105922
57
3.38274
0.396138
0.00481623
0.949268
0.173091
0.344284
65
0.00683247
0.0137776
0.267546
17
2.01324
0.322495
0.0059692
0.952767
0.0425468
0.271057
82
0.000636134
0.0324463
0.467586
83
0.920755
0.15203
0.00166121
0.956347
0.0602079
0.39858
60
0.00619429
0.0415876
0.355375
82
1.37294
0.403996
0.0084874
0.900842
0.142715
0.128023
21
0.00679727
0.0480047
0.440774
10
3.87973
0.167829
0.00439419
0.903906
0.163645
0.115508
46
0.00558718
0.0112317
0.415185
51
2.72492
0.119515
0.00794433
0.947563
0.0990004
0.23967
60
0.00844831
0.0432181
0.0530313
77
1.95746
0.0856395
0.00877577
0.916437
0.150304
0.10125
32
0.00484794
0.0232082
0.4267
34
1.91929
0.630421
0.00902117
0.933227
0.153403
0.027654
15
0.00873195
0.0340526
0.320527
26
1.39512
0.40601
0.00633361
0.97316
0.0390062
0.159647
52
0.00695775
0.0467692
0.432191
35
0.863727
0.00228438
0.00946689
0.960666
0.154798
0.356536
59
0.000343064
0.0370759
0.354316
92
2.66164
0.588348
0.00517108
0.911822
0.188728
0.333378
67
0.00194302
0.0246363
0.220294
95
2.15506
0.331636
0.00416836
0.916862
0.199579
0.475482
16
0.000403701
0.029926
0.0233341
61
0.160652
0.767205
0.00647954
0.946797
0.0696883
0.423054
84
0.00955229
0.0225504
0.301865
46
3.23149
0.0329469
0.00884387
0.948312
0.0210657
0.0251373
25
0.00840239
0.0201103
0.325109
95
0.792764
0.138564
0.00125708
0.97963
0.125212
0.1715
43
0.00527597
0.0119496
0.337349
89
1.19992
0.340568
0.00293308
0.984324
0.0706146
0.0485028
99
0.00132972
0.0229138
0.0429617
92
3.76644
0.600219
0.00323663
0.964774
0.191455
0.332737
8
0.00132127
0.0301332
0.427875
42
1.54469
0.547094
0.00966087
0.905654
0.181643
0.252394
31
0.00339691
0.0411184
0.478948
71
1.71291
0.450619
0.00290032
0.982714
0.0574046
0.426736
74
0.00278828
0.0499885
0.477721
54
1.15806
0.337678
0.00715568
0.989784
0.093873
0.212476
10
0.00521775
0.0465004
0.0431943
25
1.98
0.100852
0.00883212
0.965217
0.113051
0.292787
81
0.00978979
0.0174463
0.0502357
39
1.83582
0.0918188
0.0046321
0.991541
0.154461
0.403116
3
0.00256863
0.0285584
0.300951
91
1.98536
0.55237
0.00255348
0.935404
0.0594044
0.170645
22
0.0092023
0.0168347
0.286517
25
3.46564
0.21488
0.00259835
0.937739
0.147491
0.420932
30
0.00321185
0.0322003
0.057618
55
1.82938
0.70836
0.00740492
0.939011
0.0406195
0.0605079
35
0.00298716
0.0385509
0.0414169
25
2.81009
0.494699
0.00356796
0.906081
0.0275123
0.178745
51
0.00865124
0.0374934
0.17364
19
0.150235
0.00340314
0.00603351
0.987924
0.0993749
0.4632
55
0.00502727
0.0382038
0.468573
42
2.6362
0.366589
0.00643495
0.91333
0.0632606
0.290666
14
0.00334203
0.0405561
0.192663
63
3.6788
0.271232
0.00985765
0.903178
0.00755571
0.0846699
76
0.00279356
0.0113751
0.12745
95
3.49107
0.655528
0.00620493
0.919313
0.0241527
0.499662
96
0.0002339
0.0230434
0.250669
30
0.838851
0.0705857
0.00522062
0.946139
0.00689877
0.286428
100
0.00547945
0.0442249
0.124
81
0.521935
0.551569
0.00387975
0.921541
0.0740877
0.0703415
45
0.00105683
0.0318761
0.10238
47
3.90802
0.682679
0.00832064
0.977229
0.00431867
0.29371
79
0.00625394
0.0360266
0.181698
8
3.16242
0.130284
0.00707129
0.964192
0.0972191
0.480561
63
0.00265395
0.0110066
0.0759543
32
1.35875
0.650492
0.00110893
0.940355
0.157627
0.277272
3
0.00186794
0.0124718
0.121427
15
0.396615
0.728331
0.0089224
0.927807
0.0924816
0.494554
35
0.00290025
0.046915
0.049801
79
1.43775
0.675559
0.00525899
0.97402
0.0854796
0.246119
17
0.00211664
0.0306551
0.3242
100
3.70743
0.616072
0.00840611
0.957382
0.00969826
0.12092
22
0.000164455
0.0104479
0.0906146
74
0.211483
0.577225
0.00806354
0.940045
0.162165
0.0961026
2
0.00674198
0.0210242
0.271091
63
0.444665
0.76593
0.00326844
0.950931
0.121225
0.297338
95
0.00911395
0.0279203
0.0629582
62
0.432515
0.409678
0.00378184
0.903618
0.0385939
0.427747
10
0.00446051
0.0251387
0.126926
67
2.88235
0.158524
0.00927439
0.91984
0.0735486
0.281909
36
0.00378239
0.0454296
0.297205
41
0.828205
0.782717
0.0078545
0.90152
0.0897949
0.182249
40
0.00312838
0.0197369
0.331265
82
3.54687
0.385303
0.00368017
0.985685
0.19572
0.359639
3
0.000793287
0.0354358
0.416454
4
0.636344
0.488283
0.00320312
0.965506
0.115408
0.217423
28
0.00108054
0.0309394
0.188161
55
2.31555
0.401703
0.00349452
0.994333
0.163125
0.342922
54
0.00681474
0.0481155
0.458852
72
0.179027
0.0731459
0.00139289
0.972307
0.00622327
0.485734
79
0.00598244
0.0190284
0.175498
7
1.56058
0.742435
0.00344569
0.923104
0.108898
0.32973
95
0.00653873
0.0348695
0.351527
56
2.9884
0.265547
0.000538106
0.998595
0.146894
0.0575981
12
0.00470416
0.0401591
0.165883
100
1.2076
0.529096
0.00124522
0.925506
0.152612
0.100964
56
0.00700212
0.0117572
0.108722
30
3.29142
0.169756
0.000157071
0.902524
0.12094
0.340265
33
0.00757108
0.0272393
0.321354
40
3.23676
0.0345542
0.00738629
0.913792
0.175121
0.470674
27
0.00982006
0.0495975
0.385595
12
3.65583
0.782204
0.00981594
0.902672
0.112203
0.0750518
98
0.000487428
0.0383884
0.0828632
23
1.47584
0.535378
0.00924432
0.986839
0.0884691
0.326631
64
0.00688556
0.014171
0.395348
53
2.76515
0.28287
0.00861388
0.924113
0.128717
0.10281
12
0.00145446
0.0336837
0.483825
80
3.73944
0.698908
0.00748526
0.958839
0.0875584
0.14847
30
0.00898627
0.0143695
0.40783
28
1.53403
0.345268
0.00693034
0.95184
0.178135
0.418074
72
0.00318141
0.0100515
0.356443
88
0.140334
0.524158
0.00507422
0.978655
0.0755346
0.367904
73
0.00877973
0.0441348
0.454624
62
0.420203
0.727928
0.00950164
0.99833
0.0860251
0.472678
79
0.00431153
0.0220287
0.348
72
1.16882
0.155939
0.00176967
0.9464
0.10638
0.189058
51
0.00485359
0.0336543
0.186832
34
0.258212
0.400082
0.00689611
0.933882
0.117753
0.368984
9
0.00150797
0.0458908
0.489654
30
1.92426
0.746832
0.00524028
0.931111
0.160119
0.282238
47
0.00044577
0.0355793
0.485242
1
1.24638
0.565272
0.00295295
0.967402
0.0461135
0.117882
9
0.0082063
0.0233654
0.0487377
28
3.10308
0.704196
0.00543047
0.977823
0.0907735
0.438804
51
0.00927403
0.013211
0.497737
47
2.24611
0.251788
0.00775195
0.970901
0.0254604
0.267337
97
0.00892021
0.0177176
0.00417951
74
1.00335
0.437077
0.00153557
0.941449
0.178721
0.330564
63
0.00482977
0.018777
0.436893
93
2.93151
0.243483
0.00300701
0.986691
0.156321
0.434217
46
0.00739006
0.0123135
0.177087
98
2.43677
0.32384
0.00181004
0.947978
0.197069
0.216615
82
0.00567658
0.0468459
0.0777999
50
2.65
0.311276
0.0059057
0.923829
0.0231364
0.0314629
35
0.00874207
0.0238484
0.160549
71
3.02252
0.150198
0.000822201
0.945694
0.123172
0.375018
58
0.00940714
0.0134977
0.482618
44
0.919672
0.770095
0.00642328
0.903978
0.127038
0.362196
30
0.00476201
0.0470311
0.387308
36
1.7842
0.077878
0.00119246
0.915572
0.186502
0.320078
84
0.00550333
0.0392211
0.479347
90
3.93352
0.296824
0.0072184
0.983195
0.0841966
0.00651125
5
0.00704671
0.0231676
0.0453978
77
2.05182
0.18152
0.00176644
0.948814
0.0778511
0.2432
17
0.00461263
0.0181731
0.253559
11
0.482446
0.152913
0.00206624
0.990549
0.183395
0.4397
66
0.00675374
0.0242939
0.405647
46
0.192084
0.111425
0.00568053
0.953851
0.199839
0.0290526
87
0.00117852
0.01288
0.470898
85
2.62941
0.0214387
0.00827598
0.913141
0.0159309
0.0429283
91
0.00795326
0.0490145
0.445102
49
1.75368
0.125709
0.00132881
0.967267
0.0819583
0.160157
95
0.0079905
0.0142789
0.471347
28
2.44728
0.203039
0.00578501
0.992018
0.119302
0.49723
17
0.00305718
0.0399614
0.0562823
44
1.26898
0.0821099
0.00404257
0.951508
0.0973337
0.0875845
93
0.00402939
0.0402931
0.115282
3
2.30063
0.544587
0.00581462
0.915965
0.110616
0.358713
47
0.00537414
0.0197821
0.128263
6
3.66535
0.293825
0.00167235
0.909567
0.144248
0.193185
68
0.00775816
0.0429059
0.110645
69
2.91617
0.733848
0.00933111
0.917176
0.0433999
0.0654906
81
0.00179237
0.0400094
0.293846
21
3.82424
0.531006
0.00569834
0.983106
0.071707
0.0433265
9
0.000383997
0.0291388
0.4039
88
1.46046
0.194769
0.00771535
0.920387
0.0221056
0.0828635
83
0.00315834
0.0388259
0.32781
74
3.63163
0.209382
0.000198042
0.974257
0.17954
0.300495
92
0.00379094
0.0442688
0.281531
53
3.59108
0.44622
0.00813213
0.993482
0.129151
0.17732
37
0.00506214
0.0123629
0.170811
24
3.71835
0.0622167
0.00304693
0.96922
0.185576
0.0673936
28
0.00178075
0.0258656
0.21918
64
1.94307
0.505748
0.0083703
0.956931
0.0496998
0.1143
53
0.00966842
0.0391424
0.472415
18
1.33847
0.749545
0.00773573
0.993059
0.194917
0.199131
63
0.000611638
0.0183939
0.00131483
68
1.80746
0.540293
0.000438529
0.930469
0.0576811
0.289815
61
0.00659997
0.0471949
0.305093
95
2.57378
0.517299
0.0027365
0.955769
0.0835729
0.167811
26
0.00754669
0.017806
0.463364
11
1.71644
0.702738
0.00443729
0.995477
0.0472654
0.373314
51
0.00222117
0.0455089
0.239815
15
3.41431
0.697331
0.00229633
0.969956
0.088655
0.317305
41
0.00170838
0.0108602
0.461447
52
0.60101
0.163029
0.00285003
0.981693
0.0142167
0.23601
15
0.00342879
0.0153285
0.277743
76
3.35513
0.449454
0.000801856
0.936525
0.133584
0.392145
87
0.00734888
0.0310834
0.411012
96
2.4534
0.0864787
0.006946
0.979347
0.189057
0.391711
76
0.00326111
0.0461853
0.140168
79
1.31158
0.658606
0.000230213
0.971202
0.100876
0.272294
46
0.0090312
0.0313053
0.406976
51
3.6885
0.454548
0.00158999
0.970851
0.132313
0.431121
72
0.00793262
0.0131414
0.0351584
74
0.881994
0.122691
0.00776813
0.956111
0.190143
0.291087
68
0.00450709
0.042073
0.313847
14
0.69861
0.381428
0.00432125
0.930791
0.175593
0.15773
4
0.00272771
0.0446799
0.392105
87
1.87319
0.776641
0.00130645
0.975709
0.103481
0.0795981
96
0.00778602
0.0157133
0.145588
2
2.54639
0.556115
0.00107932
0.933849
0.0190741
0.351114
50
0.0043743
0.0498663
0.298503
29
0.680812
0.207155
0.00589715
0.977523
0.157204
0.0119861
54
0.00467262
0.0212867
0.434008
52
3.0042
0.00639862
0.00996617
0.990355
0.116075
0.447475
42
0.00109676
0.0115508
0.384865
19
3.40759
0.511173
0.00453738
0.994776
0.0555681
0.109209
67
0.00849481
0.0248361
0.429849
60
2.16887
0.581677
0.00640344
0.91196
0.0879121
0.377321
57
0.0043231
0.0486905
0.410581
47
1.06725
0.228396
0.00847839
0.956781
0.133251
0.457683
28
0.00492692
0.0353205
0.33804
24
0.851773
0.499656
0.00477097
0.937539
0.123892
0.449152
34
0.00413266
0.0485605
0.195183
89
3.83882
0.241392
0.00478602
0.943734
0.170173
0.211264
1
0.00858945
0.0309965
0.201299
90
0.255042
0.574752
0.00993697
0.970562
0.063817
0.201663
68
0.00395919
0.0211171
0.241159
19
0.644627
0.612684
0.000348122
0.989894
0.0536898
0.327761
52
0.00374657
0.0269512
0.136785
61
1.96962
0.769215
0.00540896
0.938721
0.010774
0.458075
71
0.00664629
0.0339394
0.408419
63
1.693
0.0684124
0.000953232
0.932278
0.148128
0.151313
54
0.00726321
0.0350977
0.266714
22
1.26467
0.706903
0.008329
0.976326
0.0935686
0.487077
4
0.00937184
0.0397661
0.29164
52
0.656872
0.63955
0.00162396
0.939696
0.127669
0.16815
29
0.00636146
0.0198709
0.460173
31
3.42853
0.218011
0.00413201
0.913522
0.131178
0.319604
4
0.000704039
0.0462439
0.026782
41
0.415467
0.72107
0.00674928
0.910838
0.165767
0.0162832
27
0.000984615
0.0259783
0.254159
56
2.69787
0.368731
0.00470254
0.978902
0.0216196
0.489129
31
0.00587777
0.0127382
0.0444448
90
2.8201
0.32064
0.00636255
0.91632
0.107213
0.446001
97
0.00769234
0.0369937
0.465589
96
0.26739
0.067064
0.008792
0.95794
0.0894495
0.0156559
39
0.00880795
0.0276488
0.00897694
54
2.64706
0.131713
0.00113851
0.94907
0.0259711
0.307226
66
0.00440757
0.0149731
0.431108
15
1.14269
0.619293
0.00656701
0.980848
0.0839232
0.467986
85
0.00172365
0.0403789
0.28733
62
2.85291
0.59583
0.00404646
0.96469
0.128274
0.180006
88
0.0022034
0.0419935
0.0192087
56
0.375963
0.0892344
9.29067e-05
0.991105
0.0510757
0.346334
73
0.000298316
0.0214697
0.39972
3
1.59183
0.204873
0.000862229
0.966435
0.178002
0.442218
75
0.00685281
0.0162831
0.256239
43
3.78423
0.077329
0.00369268
0.957672
0.105525
0.240781
77
0.000209877
0.0489221
0.359757
48
1.56969
0.684069
0.00110887
0.907581
0.0293213
0.444816
55
0.00234784
0.0114444
0.216019
93
2.99198
0.0486059
0.00737087
0.98024
0.0283685
0.0559851
45
0.00513405
0.0195976
0.270361
96
3.52041
0.075636
0.00311273
0.92809
0.0803377
0.0306601
91
0.00577505
0.0181074
0.31059
61
0.849384
0.533215
0.00390247
0.925662
0.0968672
0.452179
43
0.00644281
0.0422215
0.029664
90
1.50427
0.710764
0.00401408
0.933399
0.0312718
0.232458
82
0.0030295
0.0483262
0.162367
20
0.383227
0.414812
0.0075416
0.935954
0.107591
0.123021
56
0.00889504
0.0291166
0.459473
33
1.70007
0.624489
0.00156455
0.978364
0.160625
0.0989953
48
0.00763948
0.0158865
0.0241131
16
3.44397
0.681699
0.00470989
0.924805
0.0504401
0.3549
14
0.00488462
0.0327828
0.364243
64
1.08654
0.0927193
0.00755247
0.908313
0.067583
0.229855
71
0.00638161
0.0278613
0.361778
25
2.62444
0.181859
0.00910568
0.975009
0.00216306
0.136449
69
0.00489466
0.0145346
0.159733
18
3.08685
0.315257
0.000909606
0.907183
0.193748
0.192972
80
0.00371385
0.0436235
0.469734
40
2.46744
0.339059
0.00424363
0.967793
0.14443
0.037666
85
0.00842133
0.0451098
0.404079
99
3.9193
0.701093
0.00699123
0.933553
0.0581006
0.0451001
28
0.00719152
0.0380948
0.143202
45
2.96377
0.105817
0.00534823
0.904186
0.168577
0.328137
26
0.00361416
0.0493454
0.452331
60
3.31142
0.178076
0.00606084
0.96155
0.138216
0.387381
2
0.00615781
0.039748
0.367801
15
2.14477
0.174343
0.00392863
0.935713
0.0977668
0.24999
11
0.00802239
0.0271644
0.262534
10
3.94382
0.461883
0.00748107
0.945075
0.0339762
0.175708
2
0.00712471
0.0156647
0.060282
85
2.04208
0.200146
0.00040154
0.921801
0.0116504
0.382212
86
0.0088256
0.0409913
0.231552
4
3.79275
0.412274
0.00348304
0.961071
0.171871
0.493692
6
0.00123493
0.0359389
0.377772
53
1.87743
0.378338
0.00169686
0.990831
0.0176753
0.0408464
62
0.00744993
0.0416668
0.344476
70
1.63094
0.631958
0.0073569
0.929123
0.173495
0.12398
74
0.00287475
0.0167703
0.345013
51
1.3507
0.00741924
0.00307177
0.920132
0.143263
0.128202
42
0.00434004
0.0396029
0.0210346
34
3.25599
0.458932
0.00677408
0.916217
0.0949037
0.158811
25
0.00420696
0.0426114
0.27422
31
2.94926
0.687861
0.00620304
0.976713
0.0130537
0.2659
55
0.00853461
0.0333219
0.31115
6
3.01318
0.354875
0.000287543
0.911565
0.0123877
0.126588
43
0.000375625
0.012525
0.0713471
66
1.28047
0.111044
0.00899099
0.931387
0.166354
0.147108
89
0.00944484
0.0414045
0.268172
83
2.10548
0.498909
0.00537948
0.958794
0.0727599
0.21961
92
0.0035947
0.021791
0.28954
21
3.33036
0.523406
0.00804289
0.978454
0.135474
0.337561
33
0.000252988
0.0427008
0.169748
61
2.58077
0.459818
0.00626475
0.907861
0.00718027
0.421043
99
0.00718398
0.0434894
0.294491
31
0.994436
0.359841
0.0065862
0.908452
0.164206
0.446095
49
0.00294114
0.0222907
0.207167
22
1.81218
0.0874181
0.00594021
0.902118
0.139626
0.202565
80
0.0047413
0.0418743
0.326747
72
2.95582
0.474155
0.00486538
0.900001
0.152959
0.146697
91
0.00970993
0.0372132
0.275374
87
2.83937
0.646722
0.00586881
0.94344
0.016866
0.496257
34
0.00856709
0.0290344
0.319978
37
3.98768
0.327036
0.00586045
0.916715
0.132883
0.0243826
42
0.00829172
0.044741
0.0185425
24
1.89584
0.166955
0.00790558
0.974069
0.134294
0.0718174
3
0.00629234
0.0487541
0.330592
78
1.3294
0.526884
0.00362173
0.992862
0.174002
0.299843
65
0.000867075
0.0298445
0.451271
55
1.68617
0.383186
0.00800794
0.921204
0.174813
0.0322518
57
0.000144605
0.0363296
0.0875307
35
1.14738
0.774464
0.00979536
0.92755
0.0342635
0.350119
66
0.00444433
0.0423723
0.135192
35
3.5592
0.724407
0.000213547
0.9471
0.07776
0.268328
70
0.00589157
0.0330588
0.49174
5
2.23576
0.714847
0.00381243
0.997703
0.17587
0.163755
40
0.00668987
0.0155502
0.172869
98
1.03495
0.135023
0.00317869
0.997349
0.167997
0.149629
65
0.00140434
0.0280028
0.369971
55
0.203063
0.503418
0.00559957
0.996837
0.0910798
0.200157
26
0.00608904
0.0263065
0.0407635
15
3.37522
0.443245
0.00342024
0.906407
0.078342
0.316304
10
0.00239681
0.0128753
0.417921
98
1.77365
0.0605587
0.0049863
0.984409
0.107755
0.174015
59
0.00410533
0.0147682
0.232925
67
2.75555
0.0445109
0.00219822
0.900357
0.0629119
0.0468847
38
0.00752454
0.0138776
0.20081
68
2.68771
0.289468
0.00270827
0.917425
0.19525
0.258435
22
0.000130873
0.0430641
0.453186
37
1.99598
0.613631
0.00474863
0.994088
0.18959
0.313945
8
0.00973276
0.0254976
0.179961
12
0.40359
0.751796
0.00873836
0.967097
0.119663
0.364586
62
0.00801633
0.034364
0.0377068
12
3.20503
0.471832
0.00455335
0.954785
0.0185205
0.165931
61
0.00619999
0.0470521
0.112034
6
3.45248
0.0793551
0.00936249
0.932564
0.0204968
0.190594
100
0.0025076
0.0423192
0.340441
33
0.440539
0.759895
0.00396508
0.926523
0.186193
0.00134759
91
0.00190131
0.0320175
0.148732
18
3.17449
0.516311
0.00886349
0.945154
0.0235078
0.404265
57
0.00428491
0.0344501
0.486802
70
1.15916
0.23745
0.00787909
0.990155
0.0444456
0.401977
16
0.000631602
0.0449429
0.0614691
73
2.07239
0.301232
0.0029712
0.979199
0.00256508
0.113736
23
0.0098714
0.0293586
0.183108
47
0.740727
0.574563
0.00146071
0.942159
0.138526
0.42418
80
0.00237532
0.0408621
0.189006
9
3.2265
0.160515
0.00829146
0.938477
0.0170768
0.280212
17
0.00631518
0.0446062
0.0288017
14
3.36247
0.481753
0.000754039
0.94745
0.110145
0.241143
14
0.00393736
0.0478511
0.316263
39
0.392317
0.354017
0.00818367
0.995635
0.0686057
0.422891
29
0.00727556
0.0283871
0.0793614
33
1.6484
0.304832
0.0093856
0.938331
0.146347
0.176608
9
0.00594389
0.0378037
0.317987
32
1.62079
0.673201
0.00789156
0.984769
0.136005
0.436695
97
0.00464006
0.02739
0.424646
86
3.75224
0.286367
0.00258019
0.954572
0.155159
0.0174999
15
0.00170236
0.0106265
0.106835
69
3.04464
0.127659
0.00287601
0.976887
0.140137
0.461331
59
0.000572502
0.0428303
0.221435
57
1.17623
0.367636
0.0037138
0.981148
0.177298
0.466684
23
0.00382524
0.0387681
0.0130279
23
1.74515
0.280581
0.00994879
0.982782
0.0240041
0.380537
50
0.00226061
0.0488626
0.44454
54
1.43015
0.651952
0.00244473
0.965617
0.0303118
0.435497
35
0.00604675
0.0172731
0.129097
50
0.283695
0.657195
0.0065221
0.906717
0.14039
0.0761863
16
0.00935179
0.0229979
0.394398
28
2.20001
0.605286
0.00375617
0.953213
0.0525988
0.222695
20
0.0069066
0.0317806
0.269746
86
2.61522
0.268856
0.0042191
0.954976
0.0797903
0.264111
1
0.00329302
0.0164342
0.227827
9
1.67247
0.640898
0.00871806
0.977107
0.0532076
0.0921422
44
0.00767594
0.0329041
0.295958
27
3.47669
0.526456
0.00562913
0.968704
0.0147346
0.194834
21
0.00196239
0.0343132
0.401342
45
3.4708
0.692407
0.00909796
0.904618
0.187965
0.231885
41
0.000108223
0.0432862
0.228743
76
3.77035
0.269864
0.00546757
0.959135
0.171071
0.154218
8
0.00838956
0.0252894
0.103881
26
1.85753
0.344245
0.00915825
0.991309
0.0371342
0.408024
84
0.00137592
0.0204007
0.494103
48
3.8931
0.538092
0.00519233
0.915186
0.132361
0.133752
35
0.00964952
0.0186229
0.358185
27
0.75627
0.309179
0.00768505
0.941603
0.0456569
0.0646344
7
0.00951146
0.044329
0.39197
29
2.51058
0.255486
0.00982481
0.983859
0.0245475
0.214946
94
0.00158728
0.0193095
0.213311
56
3.85907
0.761844
0.00221478
0.980389
0.0651215
0.0936994
42
0.00556798
0.039038
0.22289
10
2.14873
0.537479
0.00127194
0.958344
0.189951
0.227569
38
0.00932674
0.0477328
0.288715
89
2.09003
0.375091
0.00461466
0.910179
0.155433
0.309742
67
0.00646005
0.0459764
0.12049
84
1.79534
0.140221
0.00460027
0.952439
0.126691
0.460963
62
0.00352221
0.0139339
0.389327
8
1.90665
0.78589
0.00845629
0.969482
0.136491
0.484121
57
0.00129478
0.0237814
0.462581
58
2.74312
0.431081
0.00513375
0.934121
0.153938
0.111614
76
0.00622016
0.0244241
0.080601
70
0.956242
0.187366
0.000877457
0.967663
0.0269697
0.345804
91
0.00248237
0.0301887
0.32925
89
1.84528
0.335756
0.0015705
0.936841
0.141677
0.0186191
45
0.00204356
0.026802
0.217288
31
1.66033
0.514262
0.00446988
0.996556
0.0138575
0.141176
15
0.00373893
0.020393
0.178336
4
3.81174
0.607091
0.00336203
0.929581
0.192287
0.386246
49
0.00260871
0.0249456
0.132531
58
3.92839
0.194136
0.00121806
0.943168
0.0309034
0.251717
34
0.00336184
0.042423
0.0144361
91
0.466061
0.716817
0.00104026
0.950276
0.190961
0.019131
94
0.00679091
0.0109204
0.155724
58
2.35903
0.31265
0.00802205
0.96199
0.045377
0.0236651
75
0.0058442
0.0415175
0.430595
38
2.06395
0.466362
0.00425495
0.968864
0.0608011
0.204612
63
0.00503744
0.0141186
0.352175
69
3.3172
0.222087
0.000583426
0.919533
0.060559
0.0757715
24
0.00320195
0.0205803
0.4003
13
3.64238
0.238911
0.00533658
0.943023
0.0930798
0.29814
14
0.00225756
0.0164915
0.397329
19
0.55556
0.434838
0.0056076
0.945986
0.160322
0.166616
89
0.00459146
0.0407604
0.198487
85
2.33707
0.430859
0.00359858
0.977686
0.161113
0.482781
52
0.00657447
0.0173962
0.0690926
65
2.46134
0.0526071
0.00577413
0.97466
0.177344
0.371217
37
0.0087012
0.0224123
0.433246
76
2.54049
0.175451
0.00138192
0.955344
0.039519
0.0336186
38
0.00241723
0.0439663
0.0893452
43
0.977969
0.793421
0.00353449
0.98129
0.0800119
0.041643
29
0.00908844
0.0295969
0.0658768
6
2.77828
0.690289
0.00352211
0.911036
0.159504
0.441216
12
0.00708285
0.0216446
0.229627
75
2.00538
0.19675
0.00435704
0.988219
0.0817077
0.247924
47
0.00651218
0.0223599
0.141121
11
0.17859
0.58339
0.00329287
0.936717
0.0267371
0.0699116
87
0.00916084
0.0265747
0.441681
23
2.94188
0.623968
0.00474354
0.994614
0.0494328
0.00305849
19
0.00300528
0.0417723
0.309092
69
1.13495
0.495879
0.00743607
0.981957
0.162314
0.181182
13
0.00194081
0.0452112
0.0632608
99
3.9002
0.249247
0.00419348
0.93715
0.0031166
0.233145
68
0.00784205
0.030012
0.0664192
40
2.79342
0.440993
0.00100848
0.929085
0.0151606
0.276491
46
0.00331392
0.0286963
0.272904
35
2.86113
0.597431
0.00719335
0.952152
0.10092
0.451924
13
0.00693771
0.0166253
0.184184
26
2.90823
0.100041
0.00553787
0.918521
0.180453
0.30824
53
0.00600159
0.0102932
0.117144
48
3.73118
0.784553
0.00254021
0.94388
0.16935
0.0866655
70
0.00516012
0.0394074
0.131635
17
2.10938
0.49011
0.00912556
0.99673
0.0476744
0.432252
97
0.00201976
0.0472121
0.0318742
87
2.5023
0.38732
0.00594901
0.980595
0.130592
0.104342
94
0.00603579
0.0393047
0.185709
77
3.60391
0.394783
0.00512323
0.947223
0.109755
0.210096
80
0.00267402
0.0357812
0.449773
7
3.28796
0.317275
0.00817552
0.954275
0.148856
0.0125781
78
0.00507138
0.0304849
0.238031
87
1.1189
0.0199819
0.00143489
0.944855
0.00493191
0.242876
11
0.00579291
0.0357166
0.146484
58
2.84491
0.364086
0.00644913
0.949838
0.0725917
0.407326
7
0.00669533
0.0168858
0.29661
68
2.05877
0.296536
0.00322583
0.993828
0.0745659
0.0942049
48
0.00974656
0.0474816
0.226139
5
0.889701
0.372728
0.00991336
0.975372
0.172538
0.0038911
66
0.00724443
0.0152314
0.16452
70
2.79569
0.653618
0.00529001
0.961874
0.076857
0.357496
37
0.00661526
0.0377564
0.190387
39
3.26288
0.0574283
0.00194675
0.935238
0.159259
0.000510705
76
0.00761781
0.0346145
0.378814
1
2.67709
0.6354
0.00974486
0.949544
0.0199022
0.155863
77
0.003422
0.0140484
0.00751506
92
3.06618
0.325865
0.00919196
0.96684
0.169985
0.00533345
16
0.0016062
0.0317535
0.0589599
59
2.71069
0.117661
0.00263844
0.961708
0.0901762
0.162659
18
0.00477817
0.0476215
0.171402
66
3.60797
0.318434
0.00655565
0.923464
0.0828663
0.244366
46
0.00174381
0.0368614
0.276146
75
0.666942
0.0517021
0.00409903
0.9237
0.031769
0.323822
55
0.00894965
0.0244826
0.370194
73
3.70028
0.433291
0.00509396
0.922955
0.0402766
0.204036
69
0.00101707
0.0292578
0.180384
42
0.705793
0.488473
0.00452508
0.983607
0.0437647
0.279571
37
0.000270917
0.0365099
0.353334
3
2.41968
0.351733
0.00711853
0.954084
0.193234
0.0300045
18
0.00453522
0.0261132
0.242164
65
0.221419
0.230851
0.00488963
0.920669
0.144697
0.110956
96
0.00958873
0.0401979
0.208965
73
0.23571
0.463656
0.00730491
0.918646
0.0589056
0.225467
31
0.00639845
0.013322
0.00304437
8
2.20942
0.6111
0.00880732
0.982449
0.156777
0.0956888
58
0.00933258
0.026172
0.43527
94
3.95233
0.648728
0.00900675
0.902831
0.181047
0.234862
77
0.000745129
0.0439079
0.119525
48
0.321969
0.302483
0.00134952
0.938036
0.12462
0.119476
21
0.000575249
0.0173044
0.209512
95
0.809
0.0971793
0.00839483
0.924177
0.198726
0.100079
17
0.0040408
0.0430177
0.0842484
20
1.67656
0.671619
0.00331562
0.928504
0.184226
0.47195
40
0.00730031
0.0347794
0.0675477
38
1.86279
0.206046
0.00957409
0.988763
0.0260876
0.0623302
51
0.00167202
0.0221892
0.0150642
39
1.23599
0.426182
0.00198622
0.972591
0.0956587
0.140423
56
0.00304719
0.0107402
0.292262
21
0.958857
0.661639
0.000773379
0.901243
0.0583401
0.132672
3
0.00541846
0.0134218
0.341629
97
0.273269
0.258806
0.00494086
0.969842
0.0373863
0.174695
58
0.00697425
0.0479617
0.153486
94
3.14001
0.686395
0.00118792
0.9823
0.0163633
0.459263
17
0.00552249
0.0284444
0.488567
55
0.315089
0.659986
0.00458405
0.992579
0.141326
0.378085
6
0.00153426
0.0106614
0.342543
4
3.34697
0.161452
0.00407644
0.911454
0.0468798
0.0585441
73
0.000941862
0.0463821
0.390065
96
2.81856
0.694556
0.000528737
0.917654
0.0621389
0.45066
2
0.000905908
0.0179798
0.16308
90
1.19762
0.415022
0.00202629
0.932272
0.0344609
0.125144
13
0.00862281
0.0497069
0.109817
4
3.50694
0.667027
0.00945648
0.987253
0.0322936
0.19534
6
0.00209346
0.0319572
0.203678
2
2.89908
0.332452
0.00825798
0.982051
0.05014
0.26202
40
0.00993074
0.0371555
0.257299
45
1.73434
0.0546604
0.00922312
0.950428
0.198916
0.139906
94
0.00652817
0.018424
0.197062
44
3.48738
0.170592
0.00733549
0.912681
0.0540354
0.0354495
60
0.000843122
0.0120157
0.107284
49
1.30147
0.22611
0.0028075
0.915645
0.0205841
0.31492
11
0.00385554
0.0254126
0.237407
1
3.87444
0.115447
0.00332935
0.960321
0.125114
0.0224374
65
0.00397439
0.0328628
0.187654
5
2.87163
0.276287
0.00778352
0.989392
0.0847185
0.474335
32
0.00962946
0.0228631
0.308836
2
3.33896
0.102444
0.00496252
0.939427
0.12747
0.365457
53
0.00418795
0.0218543
0.134516
53
3.32725
0.333437
0.00921628
0.914254
0.0330451
0.44055
45
0.00309316
0.0239834
0.365142
65
3.97803
0.735458
0.00063406
0.96591
0.0363001
0.296562
42
0.00297009
0.0375232
0.199872
88
2.24956
0.252752
0.00105738
0.95346
0.0612589
0.119009
59
0.00276873
0.0385763
0.481053
88
0.821697
0.379736
0.000363611
0.971322
0.106043
0.238105
48
0.0011909
0.0303945
0.473221
87
1.48604
0.320451
0.00391366
0.988599
0.116997
0.355987
19
0.00944822
0.0151632
0.0207642
91
2.12283
0.146466
0.00277361
0.918099
0.0443759
0.0636656
92
0.00427325
0.0424885
0.360313
70
3.14791
0.0638125
0.00384082
0.955131
0.121811
0.0475867
77
0.00866626
0.0431548
0.0107435
93
1.61102
0.778557
0.00236031
0.944555
0.0866096
0.262092
72
0.00267127
0.0257458
0.202274
7
3.21914
0.423229
0.00712984
0.998201
0.0217204
0.288344
85
0.00836326
0.0209178
0.0648083
36
3.19683
0.586022
0.0098984
0.966168
0.184633
0.197048
88
0.00387163
0.0333786
0.373737
60
2.73506
0.664623
0.00268886
0.986236
0.100029
0.284975
4
0.0049569
0.0196747
0.249571
64
2.26958
0.492677
0.00874553
0.998923
0.0687431
0.477419
41
0.00985564
0.0437889
0.215394
87
3.53176
0.73657
0.00700578
0.985221
0.182904
0.41043
58
0.00616011
0.0206538
0.0915991
10
2.66716
0.558801
0.00384757
0.964362
0.151674
0.433987
36
0.00533992
0.0313674
0.447994
19
1.01501
0.234455
0.00210621
0.940654
0.14388
0.248131
48
0.00925934
0.0384628
0.350716
14
2.4926
0.219042
0.00971202
0.950566
0.170576
0.254214
25
0.00648483
0.0192388
0.0515018
46
1.31526
0.473723
0.00232481
0.919143
0.165813
0.0782672
36
0.00776631
0.027026
0.261722
22
3.24974
0.198142
0.00662955
0.905076
0.104616
0.215977
41
0.0088808
0.0250037
0.123304
48
3.18476
0.0397508
0.00356046
0.929343
0.163937
0.302854
30
0.00692999
0.0200196
0.10466
97
3.62741
0.00426895
0.00632171
0.95705
0.0554982
0.184564
66
0.00560504
0.0260451
0.40979
66
2.55375
0.0137784
0.00050111
0.941243
0.0823331
0.478946
76
0.00443043
0.0281215
0.0745414
51
2.17359
0.780381
0.00867475
0.959339
0.120389
0.223553
96
0.00610408
0.0271183
0.138476
26
2.08109
0.291855
0.00298835
0.983988
0.136998
0.209359
71
0.00116237
0.0389274
0.374995
13
2.31944
0.554035
0.00917068
0.942648
0.00379468
0.363894
23
0.00180511
0.0404451
0.133863
52
2.73185
0.125437
0.0041144
0.964004
0.153638
0.394577
23
0.00228839
0.0494136
0.218048
70
0.691259
0.646065
0.000983496
0.921179
0.179024
0.397887
84
0.00918583
0.0373722
0.125984
27
1.42003
0.041496
0.00275714
0.973349
0.145189
0.0599616
71
0.00336905
0.0455642
0.14463
37
1.09195
0.185178
0.00987944
0.968094
0.185127
0.495748
53
0.00957727
0.0449896
0.0528356
24
1.02245
0.428233
0.00571322
0.934953
0.106627
0.412865
62
0.00247191
0.0296544
0.333465
97
2.37648
0.541766
0.000732397
0.924617
0.142154
0.0213877
47
0.00326852
0.0386454
0.487904
78
1.22807
0.347478
0.00374594
0.948143
0.118161
0.263195
49
0.0087581
0.0267834
0.413859
38
3.69355
0.567635
0.00763674
0.972808
0.150812
0.228788
93
0.00415745
0.0478005
0.328314
36
0.297773
0.0555027
0.00706253
0.903073
0.049015
0.331592
11
0.00859574
0.0166852
0.457324
99
1.546
0.726066
0.000930545
0.925936
0.0179513
0.285402
93
0.00900241
0.0315419
0.255196
75
1.78754
0.239852
0.00338544
0.939279
0.00850912
0.0817975
10
0.00884111
0.030429
0.193754
39
3.29856
0.137543
0.00850569
0.90995
0.0529586
0.169841
34
0.00147967
0.0241331
0.448023
99
2.99858
0.580614
0.00192542
0.960854
0.14574
0.399545
79
0.00399881
0.0191638
0.456665
11
1.97263
0.257559
0.00668881
0.976045
0.0893431
0.411536
98
0.00634854
0.0409517
0.22568
60
0.866909
0.745621
0.000426406
0.909749
0.192604
0.417024
40
0.000460468
0.0103985
0.368491
80
2.87872
0.688212
0.00362791
0.94191
0.0982662
0.153452
39
0.00363919
0.049788
0.157452
100
3.86767
0.452381
0.00665567
