0.747944
0.0441355
0.334042
49
0.000444703
0.0162216
0.369692
66
2.49311
0.00156843
0.00245077
0.909418
0.0469468
0.132494
4
0.0059581
0.0612989
0.470617
65
1.02284
0.322835
0.00259592
0.966159
0.0864363
0.4263
9
0.00496338
0.0815333
0.0526346
8
0.916568
0.269325
0.00235188
0.741222
0.0960914
0.214482
58
0.00153242
0.0812304
0.38189
48
2.59791
0.758581
0.00630387
0.849841
0.0726553
0.0549874
95
0.00673333
0.0562277
0.0962702
85
2.27338
0.396431
0.00749654
0.775065
0.0708762
0.192522
7
0.00839925
0.05581
0.0703589
90
1.66697
0.33408
0.00416082
0.859013
0.095064
0.149859
22
0.00288963
0.0912798
0.0328859
36
3.85704
0.0672204
0.000768918
0.815399
0.0728593
0.331142
25
0.00858171
0.0159348
0.315539
66
2.97001
0.379432
0.00447935
0.984285
0.0417391
0.472812
23
0.00455405
0.0773102
0.313433
80
0.570674
0.797101
0.00296648
0.758106
0.0318641
0.126613
12
0.00819978
0.0808645
0.400795
7
0.708726
0.774523
0.00848041
0.73851
0.0259828
0.173733
44
0.000267082
0.0155133
0.32214
65
1.41011
0.443795
0.00271766
0.704887
0.0269829
0.336537
81
0.00701445
0.0577081
0.0449724
45
2.80986
0.693699
0.00985053
0.953464
0.0274227
0.451446
39
0.00928654
0.0346675
0.471558
29
2.5444
0.241536
0.00703411
0.847627
0.028669
0.188906
18
0.00392012
0.0636839
0.228634
11
0.370029
0.318443
0.00673044
0.806874
0.0136636
0.111961
90
0.00221082
0.0907206
0.256531
65
0.90737
0.0416965
0.00820447
0.703023
0.0472284
0.404583
84
0.00626665
0.0385376
0.363869
17
1.23783
0.290175
0.000850091
0.806323
0.0337215
0.16273
10
0.00967325
0.021671
0.420103
4
1.56232
0.376147
0.00621791
0.770271
0.0577373
0.0699619
29
0.00448003
0.0662632
0.038681
94
1.12043
0.0230946
0.00991995
0.862986
0.0921326
0.115404
58
0.00315881
0.0594508
0.135533
70
1.88967
0.277391
0.00473137
0.774421
0.0214481
0.171405
53
0.00852313
0.0762282
0.0880228
34
2.5599
0.503732
0.00664203
0.892892
0.0873396
0.0542151
65
0.00844753
0.0443306
0.0616597
78
2.94211
0.562616
0.00909163
0.721652
0.074986
0.267945
60
0.00348254
0.0139855
0.0108557
30
2.3707
0.319315
0.00818246
0.77742
0.0489631
0.300535
94
0.00501638
0.0360162
0.286917
5
1.14384
0.709574
0.004792
0.809449
0.0794294
0.0439386
73
0.00268494
0.0226399
0.405269
43
0.464793
0.769426
0.00452516
0.869134
0.0633564
0.158201
40
0.00819049
0.0686693
0.143071
29
1.65082
0.776141
0.00334162
0.965765
0.0506275
0.0595732
77
0.0012604
0.0857901
0.453724
99
0.797919
0.47251
0.00934169
0.767215
0.0509899
0.32202
32
0.000504518
0.045094
0.155847
68
0.55264
0.541537
0.000155711
0.926665
0.026893
0.449255
32
0.00800708
0.0538736
0.278863
99
0.733088
0.418179
0.00402737
0.833768
0.0545068
0.0923615
52
0.00309782
0.0895045
0.348393
33
0.541745
0.630447
0.0021852
0.853643
0.0429677
0.231867
30
0.00663245
0.0903753
0.338475
2
1.16851
0.684568
0.00494026
0.882204
0.030946
0.236986
38
0.00135554
0.0965401
0.0926862
26
1.78758
0.169708
0.00383244
0.879406
0.086819
0.406881
97
0.000533377
0.0954476
0.228506
94
2.77303
0.631989
0.00454201
0.770574
0.0779508
0.356205
33
0.00287114
0.0539635
0.312847
69
2.01459
0.236625
0.00739925
0.852481
0.0184949
0.170561
45
0.00593945
0.0791764
0.141427
33
2.52041
0.420047
0.00603619
0.91698
0.0834354
0.13873
58
0.00479413
0.0778359
0.118925
46
1.47057
0.592511
0.00111088
0.910175
0.0526052
0.404052
28
0.00905443
0.0970073
0.399987
55
3.99449
0.605844
0.00504625
0.920477
0.0752063
0.346521
51
0.00447456
0.0379999
0.203656
24
3.91884
0.728403
0.000235762
0.785984
0.0788017
0.275622
6
0.00732581
0.0699082
0.144763
5
1.35306
0.647842
0.00174975
0.706211
0.0122654
0.246387
50
0.00773506
0.0180851
0.00714858
7
3.02167
0.212072
0.00912157
0.908009
0.020972
0.322765
70
0.00850491
0.0170481
0.491428
97
0.700638
0.726866
0.00325307
0.836472
0.0979934
0.386313
85
0.00565843
0.0520186
0.0543788
82
1.84426
0.624591
0.00959675
0.719627
0.0411205
0.399473
88
0.00262703
0.0220555
0.0625248
9
0.596745
0.61715
0.00231751
0.894921
0.0354497
0.020332
53
0.0057419
0.0604538
0.0660704
45
3.14251
0.628745
0.00314691
0.794648
0.0298553
0.342118
29
0.00055388
0.0734302
0.486569
16
0.499442
0.103786
0.00680815
0.902767
0.0566518
0.109547
11
0.0060123
0.0705733
0.266769
89
0.747357
0.168472
0.00842761
0.987638
0.0368927
0.263815
3
0.00746888
0.0521922
0.295745
12
3.76595
0.646443
0.00152425
0.858232
0.0625659
0.254475
14
0.0015522
0.0979523
0.358298
6
1.43932
0.35693
0.00735255
0.99362
0.0765623
0.247663
18
0.00574899
0.0788636
0.192846
12
1.98933
0.499465
0.00491411
0.773952
0.079145
0.315165
67
0.00233367
0.0209589
0.0081609
97
1.06909
0.197518
0.0014933
0.731545
0.0555972
0.345974
64
0.00413972
0.0598732
0.468381
91
2.96239
0.589652
0.00243761
0.783951
0.0842834
0.39211
63
0.00439193
0.0567606
0.259404
39
0.652376
0.222232
0.00179877
0.944865
0.0676332
0.037921
34
0.00980257
0.0502597
0.354603
76
3.56212
0.696287
0.00967694
0.742448
0.0325465
0.129504
27
0.00696256
0.0177175
0.375775
26
0.47256
0.142079
0.00974817
0.845118
0.036543
0.20597
5
0.00862972
0.0775617
0.0429126
40
1.45713
0.0853618
0.00590832
0.767959
0.0486234
0.366711
98
0.00295712
0.0584743
0.0122409
23
3.71186
0.667723
0.00064088
0.887972
0.0168383
0.256594
5
0.00529401
0.0314844
0.487548
2
2.6902
0.125
0.00350885
0.704728
0.0707112
0.239936
36
0.00925684
0.0645583
0.465894
39
1.90911
0.550437
0.00532475
0.817269
0.0827375
0.200653
35
0.00102165
0.0869828
0.390087
81
3.9094
0.427742
0.00827523
0.821746
0.0904318
0.21153
84
0.000722296
0.068359
0.280884
48
3.06149
0.47934
0.00682758
0.925366
0.028407
0.0231906
79
0.00283169
0.0548606
0.324803
64
2.1059
0.392574
0.00686645
0.946049
0.0297588
0.0509865
57
0.00717183
0.0781617
0.240502
83
1.27109
0.00312914
0.00355632
0.975847
0.025805
0.40521
26
0.00412639
0.0653506
0.339837
67
1.00008
0.594273
0.00073119
0.81431
0.0956778
0.215881
8
0.00543783
0.0512129
0.0714069
59
0.973722
0.0524114
0.00101479
0.994638
0.0883597
0.257684
81
0.00917199
0.035393
0.0674048
54
2.79973
0.0772961
0.00988964
0.839033
0.0288041
0.0987005
62
0.0090031
0.0461623
0.44118
91
3.01124
0.0215995
0.00615516
0.998903
0.0799252
0.0496642
37
0.00922289
0.0307097
0.152322
95
0.505301
0.743163
0.00225189
0.911845
0.0100826
0.0341914
100
0.00831342
0.0331956
0.409873
98
0.228828
0.0281871
0.00527798
0.766904
0.0840722
0.390771
16
0.00384134
0.0666376
0.165656
20
0.294427
0.178275
0.00606004
0.800029
0.0602876
0.107212
16
0.0067202
0.0116378
0.254758
75
2.86657
0.602481
0.000804149
0.927732
0.0543363
0.36551
53
0.00621262
0.0122215
0.0276449
27
1.90651
0.461586
0.00047772
0.94007
0.0878022
0.225674
74
0.00248875
0.0668021
0.158972
17
3.18555
0.116012
0.0083643
0.906694
0.0586985
0.433098
88
0.00271151
0.0361493
0.270149
59
0.861133
0.441931
0.00292489
0.971327
0.0767219
0.273146
43
0.00782583
0.0393409
0.178037
96
2.06192
0.295026
0.00593261
0.843266
0.0278026
0.0525118
7
0.000323169
0.0301816
0.183254
51
2.38962
0.642287
0.00202509
0.971783
0.0703824
0.285804
21
0.00654948
0.0886175
0.0510505
65
0.248729
0.475461
0.00851198
0.718536
0.0197164
0.335232
45
0.00108629
0.0889418
0.387079
86
2.31711
0.388751
0.00138874
0.716994
0.045698
0.128442
62
0.00468057
0.0625571
0.41866
54
2.18646
0.102939
0.00264728
0.840543
0.035879
0.479718
25
0.00707009
0.0866138
0.129733
83
1.8121
0.74015
0.000687398
0.877967
0.0911184
0.101794
52
0.00856344
0.0693855
0.102105
87
0.561708
0.784101
0.00822412
0.876471
0.0149518
0.378829
31
0.00588633
0.0649273
0.24745
51
2.72333
0.61167
0.00316913
0.843971
0.0705978
0.335942
76
0.00994437
0.0495452
0.0793325
14
0.856256
0.545745
0.00740511
0.928736
0.0160884
0.42182
18
0.00335975
0.0291683
0.298724
31
3.83147
0.247651
0.00896355
0.826942
0.0724027
0.0310327
15
0.000935297
0.0939633
0.114415
29
2.3294
0.51872
0.00142873
0.854967
0.0830998
0.408793
90
0.00712589
0.088126
0.0240003
10
1.71279
0.601716
0.00719901
0.786485
0.0925906
0.14915
62
0.00212766
0.0836432
0.307853
58
1.46645
0.30355
0.00517873
0.861104
0.0994678
0.0197057
52
0.00744359
0.0555095
0.00932681
10
2.07666
0.39831
0.00618837
0.75279
0.0635246
0.183592
5
0.00276027
0.0990241
0.395095
41
0.485338
0.636949
0.00947033
0.863355
0.0653937
0.0278338
84
0.000424226
0.050923
0.277291
84
2.72979
0.734595
0.000774969
0.729719
0.0835821
0.250617
6
0.00775201
0.0434908
0.213498
22
2.00786
0.714515
0.00462072
0.835572
0.0549354
0.326807
38
0.00488435
0.0696692
0.191968
75
2.83472
0.340322
0.00651306
0.796272
0.0113988
0.137827
5
0.0030084
0.0831615
0.115691
50
0.620285
0.0746481
0.00622769
0.891534
0.0920187
0.152164
33
0.00515971
0.0973925
0.382911
88
2.63989
0.270289
0.00118687
0.734046
0.0595969
0.0575363
8
0.00754902
0.0376285
0.451896
44
3.20548
0.152324
0.0064143
0.869296
0.0688821
0.28342
43
0.00685937
0.0378576
0.126578
93
1.31798
0.48736
0.00677351
0.888957
0.081155
0.0812582
96
0.00442874
0.037527
0.0764039
3
1.53266
0.117886
0.00187561
0.721307
0.0666101
0.0737762
20
0.00664361
0.0608229
0.39737
36
2.29618
0.285559
0.0028763
0.870364
0.0145476
0.0154707
65
0.00617819
0.046637
0.208907
89
2.59362
0.435872
0.00768647
0.808316
0.0293221
0.0725245
20
0.00290003
0.0483246
0.30435
44
3.55426
0.0787
0.00240272
0.935612
0.0522882
0.173442
98
0.00891319
0.0231574
0.489064
41
0.69426
0.354545
0.00728544
0.926172
0.086224
0.151678
67
0.000461635
0.0294096
0.384818
66
1.54538
0.255508
0.00944821
0.982837
0.0267336
0.308468
53
0.00735786
0.0600866
0.386216
56
1.61717
0.526986
0.00535526
0.88153
0.0412034
0.319597
74
0.0098493
0.0718235
0.173146
44
3.66434
0.359271
0.00579468
0.841319
0.0480557
0.488036
55
0.00432874
0.0420411
0.171992
28
1.7354
0.0335107
0.00290563
0.956592
0.038222
0.496619
79
0.00538304
0.0757437
0.483464
52
2.89447
0.695144
0.00957604
0.974605
0.023838
0.180132
87
0.00163304
0.0787009
0.0201779
78
2.17608
0.215612
0.00632483
0.734485
0.0265148
0.290101
61
0.00897823
0.0320138
0.344389
19
1.92485
0.263469
0.00199403
0.848649
0.050742
0.343185
27
0.00776837
0.0657596
0.379723
11
1.35156
0.315294
0.000542325
0.734833
0.0271028
0.229943
51
0.00168873
0.0441284
0.202646
35
3.53964
0.570646
0.000649984
0.907414
0.0193782
0.0961731
69
0.00628689
0.0126337
0.39332
60
0.657489
0.063192
0.00203548
0.743125
0.0153678
0.0182619
2
0.00647184
0.0265608
0.401851
28
1.09764
0.135705
0.0019187
0.942943
0.0692259
0.119629
66
0.00614623
0.0822406
0.360816
67
2.36297
0.137638
0.00888215
0.996729
0.0758328
0.123445
47
0.00040001
0.0278405
0.414686
37
3.04109
0.110186
0.00342828
0.742525
0.0915902
0.294045
14
0.00803468
0.0423922
0.216637
18
3.96063
0.41572
0.00972378
0.730007
0.0440027
0.264492
99
0.00989301
0.0768246
0.390746
78
3.80952
0.00618017
5.50877e-05
0.75249
0.022408
0.0031607
39
0.00363587
0.0334182
0.329328
27
0.582747
0.055305
0.0085948
0.940472
0.0848484
0.354479
26
0.0083843
0.0163217
0.425266
79
1.60691
0.57342
0.00134305
0.733357
0.0304674
0.11373
55
0.00751081
0.0357654
0.219817
98
2.02652
0.386667
0.00655041
0.866523
0.0959803
0.134537
72
0.00458356
0.0174981
0.232659
49
3.63844
0.273856
0.00811603
0.816487
0.0527965
0.19152
88
0.00809736
0.0517352
0.117016
64
3.40443
0.516513
0.000921576
0.834596
0.0977526
0.445821
31
0.00546847
0.0526801
0.336616
27
0.319393
0.311606
0.00921609
0.943711
0.0225099
0.03313
90
0.00179029
0.0740092
0.0916709
25
2.56447
0.459274
0.000952117
0.85652
0.0965492
0.0828663
21
0.00914834
0.0366102
0.245023
93
3.53612
0.0866611
0.00865944
0.963087
0.0902285
0.124096
44
0.000890328
0.0506974
0.229637
91
1.87722
0.429946
8.90901e-05
0.711563
0.0852971
0.492986
45
0.00517401
0.0843041
0.285889
50
1.84874
0.46622
0.00917562
0.772966
0.0678666
0.414127
77
0.00624113
0.0474303
0.10516
87
3.96152
0.426119
0.00568407
0.751195
0.0263348
0.350257
41
0.003377
0.0272518
0.12716
40
2.51121
0.288257
0.00336352
0.917374
0.0151658
0.0940479
42
0.00952851
0.0275986
0.0488386
16
3.17882
0.591242
4.3736e-05
0.844206
0.0897003
0.429328
8
0.0027524
0.0246053
0.0317104
22
2.65689
0.690499
0.00356823
0.908207
0.0749417
0.288996
38
0.00425723
0.0802083
0.320295
62
2.11738
0.331266
0.00381031
0.859194
0.0775409
0.35369
40
0.00048395
0.0212888
0.185826
85
3.58201
0.01663
0.00756571
0.778371
0.0769798
0.477612
88
0.00380927
0.0673087
0.125223
47
3.26511
0.780792
0.00312475
0.894022
0.0376354
0.482062
68
0.00915416
0.0437096
0.21471
7
2.7863
0.673195
0.00696347
0.972379
0.0897434
0.0147348
89
0.000208285
0.0916416
0.253935
34
3.27691
0.36866
0.00372393
0.854622
0.0954685
0.467292
23
0.00591157
0.0312377
0.342506
14
1.17992
0.1641
0.00395185
0.772443
0.0127149
0.0780298
48
0.00489335
0.0877462
0.108522
50
1.77102
0.578529
0.00659289
0.950525
0.0399565
0.261079
77
0.00570969
0.071941
0.416101
16
1.60591
0.0445551
0.00193498
0.715914
0.0879747
0.275045
84
0.00500982
0.0832866
0.20117
31
0.460424
0.651672
0.00069999
0.936625
0.0192588
0.0763554
54
0.00203427
0.0107469
0.456834
13
2.15068
0.713522
0.00876609
0.787082
0.0746277
0.376083
33
0.00277812
0.0861347
0.142126
98
0.417799
0.787644
0.00530713
0.822864
0.0908489
0.427829
56
0.00877739
0.0749888
0.0569589
66
3.92378
0.689725
0.00689364
0.911548
0.0802964
0.212264
89
0.00684609
0.012387
0.366547
72
0.176638
0.15935
0.00942573
0.951815
0.0466908
0.385199
73
0.00929154
0.0260672
0.0532019
68
0.140869
0.218147
0.00433055
0.822306
0.0687282
0.438151
78
0.00534738
0.025115
0.387789
9
3.04356
0.508174
0.00802669
0.749368
0.0107954
0.381809
54
0.00506368
0.0752762
0.46401
89
2.24962
0.47601
0.00920007
0.967463
0.0597934
0.0675884
73
0.00919525
0.0486563
0.276287
47
0.777651
0.38481
0.00212857
0.732325
0.0117299
0.371628
92
0.00659156
0.0909171
0.231216
83
0.19992
0.731163
0.00674366
0.986881
0.0589594
0.249042
57
0.00362342
0.0726601
0.0873704
70
0.629337
0.271992
0.00485279
0.865747
0.0719411
0.0911528
6
0.00694179
0.0537114
0.372704
46
3.25538
0.185686
0.00841091
0.790655
0.0928834
0.387516
66
0.00860353
0.0929637
0.0302398
2
2.64406
0.246294
0.000729158
0.818577
0.0790159
0.317878
46
0.00887427
0.0918946
0.488333
37
2.26978
0.57728
0.00685967
0.925551
0.0702065
0.0755432
24
0.0097274
0.0736556
0.224025
13
2.47349
0.68518
0.00771468
0.781151
0.0148378
0.25599
12
0.00256817
0.0689501
0.0739143
38
0.962703
0.49556
0.00216155
0.897438
0.0759862
0.425402
74
0.00245557
0.0961985
0.0698194
100
1.09055
0.501071
0.00563818
0.893627
0.0613574
0.106369
56
0.00836224
0.022839
0.0605362
40
3.22433
0.347227
0.00283197
0.951007
0.037867
0.088933
76
0.00872541
0.020662
0.334906
62
2.06347
0.745555
0.00664507
0.865624
0.0176218
0.074042
54
0.00160584
0.0479625
0.395763
88
1.83765
0.710792
0.00229942
0.973234
0.0988948
0.104711
71
0.00912355
0.055097
0.3268
53
1.86881
0.432128
0.0051644
0.747781
0.0584501
0.396338
91
0.00140899
0.0695695
0.00580343
98
3.98399
0.553933
0.00166135
0.929172
0.0992198
0.127453
72
0.0048361
0.078428
0.289833
68
0.315768
0.610727
0.00955791
0.890642
0.0301477
0.3033
82
0.00384737
0.0988535
0.162989
86
2.78983
0.0906037
0.00634389
0.707597
0.0254185
0.0463743
36
0.00114347
0.0862148
0.450499
84
3.59735
0.533361
0.00456254
0.930882
0.078123
0.114683
23
0.000753561
0.0138858
0.116732
87
0.170186
0.0990195
0.00138773
0.997984
0.0797487
0.0529268
17
0.00983427
0.032433
0.242885
12
1.6869
0.155632
0.00359413
0.726241
0.0321236
0.00778693
93
0.0055371
0.028761
0.22615
90
0.977633
0.680441
0.00557908
0.799474
0.0739716
0.121958
14
0.00306717
0.0337847
0.281693
45
2.62037
0.0137615
0.00450103
0.867165
0.0917248
0.271352
72
0.00253699
0.096858
0.0849579
36
2.25623
0.770143
0.00724149
0.884815
0.0339575
0.433731
72
0.00826245
0.053349
0.484806
78
3.33574
0.333101
0.00349739
0.915922
0.0631092
0.110428
65
0.00177063
0.0765058
0.134684
48
3.47287
0.20878
0.00524822
0.811623
0.0625515
0.453335
2
0.00119167
0.0191173
0.0724461
72
1.06329
0.205436
0.00613377
0.79547
0.0248321
0.320553
77
0.00434783
0.0409351
0.0564338
76
1.42161
0.325478
0.00588766
0.753895
0.0552347
0.0599351
32
0.00979039
0.0150284
0.0339058
30
3.40912
0.67772
0.00907113
0.929734
0.0446998
0.111659
9
0.00218465
0.0262655
0.478788
47
1.56956
0.720771
0.00565636
0.763884
0.0829513
0.217243
52
0.00376678
0.0363151
0.374429
8
1.95607
0.50636
0.00196962
0.727071
0.0860718
0.247497
71
0.00555348
0.0433417
0.211965
63
0.233405
0.411852
0.00727014
0.968416
0.0182664
0.411336
10
0.000822246
0.032517
0.444377
31
2.50292
0.199417
0.000596268
0.821207
0.046304
0.242618
16
0.00260034
0.084645
0.495481
63
0.521948
0.649108
0.00275278
0.723549
0.0175066
0.45546
64
0.00172133
0.0248655
0.291884
34
0.159841
0.351945
0.0030847
0.957577
0.0998027
0.0876746
68
0.00510126
0.0944251
0.0295272
74
0.42518
0.46405
0.00027001
0.778198
0.0186552
0.415989
5
0.000186569
0.0425039
0.107495
8
2.29264
0.0178124
0.00732905
0.757167
0.0229965
0.129849
2
0.00762582
0.0342192
0.467976
10
2.88607
0.365151
0.00628738
0.985173
0.0808828
0.339615
83
0.00132276
0.0202997
0.0415507
80
2.33875
0.207828
0.00389695
0.828045
0.0233117
0.222375
37
0.00652161
0.0763043
0.447561
27
3.3783
0.343599
0.00251331
0.710463
0.0894236
0.0282376
59
0.00422006
0.0595747
0.49629
61
2.93122
0.597815
0.00268392
0.712492
0.0590931
0.0454951
60
0.00207852
0.0252881
0.435051
3
2.8475
0.50137
2.0075e-05
0.922681
0.0745337
0.348481
37
0.0029453
0.0682304
0.288839
26
2.67788
0.439063
0.00644958
0.823889
0.0328798
0.224368
23
0.0093505
0.0754331
0.346539
32
3.61641
0.225328
0.00725762
0.960259
0.0673366
0.448228
81
0.00389056
0.036687
0.340908
69
3.3105
0.423241
0.00507293
0.89981
0.0735445
0.156481
95
0.00430607
0.0840068
0.445309
60
3.16149
0.608986
0.00832756
0.901063
0.0518239
0.444222
91
0.00781547
0.0480254
0.153381
87
3.6017
0.329626
0.00353217
0.791007
0.066901
0.25322
56
0.00540831
0.0732876
0.460181
41
1.28762
0.751733
0.00471211
0.988034
0.0155138
0.47899
79
0.00492063
0.034521
0.450058
48
0.338995
0.383324
0.00503416
0.70933
0.0520184
0.231518
36
0.00507454
0.0914673
0.174629
72
3.23984
0.585809
0.00562284
0.724026
0.0473265
0.184701
83
0.00786874
0.0824571
0.109014
33
3.75715
0.56614
0.000464812
0.787324
0.0892601
0.287145
96
0.00482759
0.0297963
0.113612
92
0.306477
0.546263
0.00542197
0.981689
0.0984369
0.373
88
0.001762
0.0722657
0.271425
64
2.2858
0.0947682
0.00774943
0.839849
0.0413547
0.179062
20
0.00688705
0.074925
0.196696
12
1.10827
0.210586
0.00145636
0.798812
0.0821392
0.142603
70
0.00369303
0.0880324
0.0733496
94
3.14444
0.522017
0.00900241
0.878869
0.094325
0.0658984
62
0.00557764
0.0415309
0.0748973
44
1.69274
0.543343
0.0079257
0.946905
0.0459364
0.294927
94
0.000858681
0.0407773
0.0478403
53
2.04552
0.655101
0.00302154
0.878218
0.0207898
0.343321
67
0.00338804
0.0489883
0.4428
68
2.37115
0.279939
0.00552255
0.960916
0.0177736
0.169494
42
0.00644031
0.0852418
0.251334
81
3.43146
0.596381
0.00420849
0.906308
0.0359371
0.414498
85
0.00758197
0.0132284
0.150373
97
0.768069
0.310944
0.00279213
0.995119
0.0425924
0.362613
17
0.00208234
0.0877844
0.422387
79
1.23449
0.358007
0.0025344
0.825071
0.0542491
0.494499
2
0.00146526
0.0413205
0.435618
92
3.88149
0.266489
0.00777083
0.896479
0.0474649
0.00273877
59
0.00942985
0.0144508
0.0398822
24
0.399158
0.671595
0.00445439
0.750736
0.0156084
0.283651
61
0.00821811
0.0526445
0.37425
80
1.39318
0.242465
0.00890513
0.842089
0.01715
0.262419
51
0.00633234
0.0392046
0.432971
58
1.40175
0.328179
0.00666733
0.989663
0.0854848
0.442502
85
0.000616143
0.0633312
0.155268
22
1.18663
0.140615
0.00364272
0.930683
0.0103283
0.291592
19
0.00959573
0.0165209
0.237853
57
3.36976
0.661009
0.00597886
0.810365
0.0930821
0.172236
46
0.000696959
0.0326975
0.154536
11
3.65691
0.350493
0.00428709
0.807508
0.0644296
0.31068
82
0.00630429
0.0469859
0.307184
25
3.88663
0.34209
0.00772228
0.918852
0.0694923
0.437215
75
0.00429544
0.0887475
0.100417
96
1.08429
0.640724
0.0032395
0.941997
0.0500845
0.228007
46
0.00604652
0.0159574
0.0282766
91
3.09866
0.402976
0.00583446
0.963369
0.040666
0.0227525
45
0.000219118
0.0432441
0.306356
55
0.71802
0.6233
0.00285325
0.805152
0.0191722
0.233275
3
0.00885736
0.0741849
0.15736
3
3.07184
0.372047
0.00870316
0.873995
0.0199152
0.0802565
67
0.00728155
0.0290233
0.13931
20
0.574074
0.538278
0.00141451
0.736625
0.0975704
0.304405
43
0.00225249
0.0976092
0.453076
45
0.885624
0.40061
0.00327132
0.800822
0.0551126
0.00917504
79
0.00895874
0.0680764
0.180634
19
2.45464
0.490159
0.00994485
0.953609
0.0554354
0.242089
36
0.000387545
0.0464454
0.121642
57
3.35571
0.173858
0.000565507
0.76952
0.037934
0.0562876
33
0.00994019
0.0488087
0.11823
20
1.24481
0.156677
0.00338329
0.755798
0.0761656
0.250408
10
0.00323081
0.0946062
0.207191
53
0.346319
0.449655
0.00519797
0.944361
0.0627791
0.225325
44
0.00876884
0.0728943
0.285128
2
3.78405
0.153037
0.00427296
0.931955
0.0615222
0.116805
40
0.00550586
0.0937346
0.133216
64
3.73707
0.0705718
0.00407458
0.801203
0.0488693
0.392559
80
0.00845582
0.0185953
0.337698
7
3.19885
0.146289
0.00610116
0.934399
0.0534831
0.0262773
97
0.00371758
0.0242282
0.308612
59
2.31475
0.00993976
0.00281223
0.720753
0.0606563
0.456581
76
0.0084349
0.0688015
0.325393
10
2.20112
0.109503
0.00577881
0.912804
0.0306983
0.319106
28
0.00566559
0.0565764
0.187534
100
0.430615
0.100692
0.00796423
0.979538
0.0868919
0.481698
40
0.00227654
0.0546118
0.182115
54
3.67537
0.414863
0.00854936
0.779325
0.0559888
0.291338
97
0.00211163
0.0254507
0.383709
90
1.3415
0.0584205
0.00938075
0.762927
0.0608823
0.032784
26
0.000806847
0.0643427
0.48542
18
2.22783
0.445852
0.00594767
0.872115
0.0890682
0.0244336
94
0.0049353
0.0579399
0.396467
37
2.22101
0.514012
0.00436539
0.938999
0.0774681
0.25207
98
0.00668266
0.091107
0.429324
73
0.181463
0.426055
0.000810241
0.945527
0.0734859
0.331414
4
0.00689498
0.0825598
0.475338
8
1.1922
0.21939
0.00857999
0.831989
0.0944804
0.487423
35
0.00790911
0.0955202
0.218805
61
2.95132
0.296973
0.00409519
0.942462
0.0843703
0.146998
37
0.00903673
0.0559735
0.148005
21
3.7274
0.26055
0.00760208
0.854101
0.0432279
0.164026
14
0.00407235
0.0547148
0.0434274
11
1.56036
0.345269
0.00411671
0.84244
0.0202843
0.199195
70
0.00634518
0.053126
0.480488
43
2.46131
0.703689
0.00183627
0.959942
0.0951914
0.0438796
69
0.0057798
0.0403913
0.0864347
39
1.15511
0.131542
0.000364838
0.707962
0.0617983
0.26894
86
0.00378556
0.0214937
0.195827
24
0.923587
0.485106
0.00475522
0.939504
0.0710363
0.371002
62
0.000987037
0.0542077
0.079925
58
3.93526
0.580538
0.00848581
0.892413
0.0514663
0.0218116
34
0.00393602
0.0121094
0.0772167
79
2.4807
0.182025
0.00480796
0.924473
0.0335505
0.36051
6
0.00697814
0.0743995
0.436285
97
3.57
0.493455
0.00788382
0.86806
0.0905135
0.317029
92
0.00607041
0.0312732
0.404843
55
2.032
0.113841
0.00440602
0.996516
0.0350297
0.238119
30
0.00669835
0.0145726
0.47905
71
3.67913
0.40515
0.00422664
0.79175
0.0119563
0.410307
73
0.00121685
0.0922798
0.263648
21
0.223064
0.749082
0.00129778
0.809061
0.0422988
0.148538
89
0.00188226
0.0492071
0.252291
7
1.30576
0.023498
0.00196503
0.883976
0.072163
0.447186
98
0.00352005
0.045419
0.368789
66
0.903534
0.581373
0.00996094
0.87414
0.0816368
0.489982
74
0.00597135
0.0153392
0.477536
45
3.34068
0.0140034
0.00730806
0.70688
0.0822826
0.313151
46
0.00139291
0.0130302
0.248085
92
3.76888
0.179592
0.00248384
0.995806
0.0390043
0.469663
65
0.00737759
0.0774481
0.217612
31
3.21292
0.360719
0.00167886
0.759277
0.0282724
0.274448
12
0.0001388
0.0395535
0.0995625
46
3.71656
0.468945
0.00378689
0.81662
0.0130539
0.34055
6
0.00957517
0.0223758
0.241292
51
3.24689
0.691841
0.00128323
0.947023
0.0338082
0.218225
66
0.00427517
0.0981538
0.277706
41
3.02855
0.0486843
0.00546957
0.867669
0.0362757
0.18137
31
0.00469705
0.0389563
0.272076
32
3.48932
0.766276
0.00692657
0.922135
0.0126245
0.493778
97
0.00416164
0.0623072
0.274768
99
1.48189
0.202967
0.00643587
0.889883
0.0366597
0.0992035
64
0.00599529
0.0670943
0.00396734
37
3.44322
0.213678
0.00992147
0.722155
0.0529778
0.304219
85
0.00334332
0.0587188
0.0164471
56
3.78315
0.799462
0.00228146
0.991405
0.0310841
0.332935
100
0.000959245
0.0475615
0.378366
99
2.55343
0.781085
0.0095343
0.829069
0.0813756
0.209537
86
0.00768571
0.0706806
0.311244
41
1.585
0.253697
0.00100638
0.919244
0.0274625
0.361808
15
0.00246286
0.0629729
0.262075
15
1.80094
0.068965
0.00470426
0.874915
0.0483807
0.491286
20
0.0027199
0.0800668
0.367558
32
2.85356
0.47068
0.00460155
0.820496
0.0317569
0.186395
25
0.00797957
0.0770007
0.45911
24
2.10995
0.105607
0.00862468
0.837539
0.0492991
0.380787
80
0.00729814
0.0982849
0.439767
73
3.94076
0.679999
0.00347442
0.970528
0.0120918
0.200119
83
0.00243569
0.050424
0.347901
30
3.01388
0.275691
0.00174078
0.933314
0.0347769
0.383062
86
0.00202006
0.0301357
0.225424
21
1.72222
0.171177
0.00669381
0.959447
0.076244
0.395793
92
0.00649163
0.0428441
0.23426
2
3.69391
0.234678
0.00257024
0.760016
0.0364034
0.418275
18
0.00722606
0.0675392
0.129915
95
3.8161
0.348708
0.000976715
0.935895
0.094691
0.435485
60
0.00758988
0.0535369
0.294081
47
2.97442
0.295185
0.00261783
0.789946
0.0405108
0.0588673
19
0.00739415
0.0635728
0.158674
27
1.03571
0.323944
0.00980738
0.80347
0.0435417
0.119908
71
0.00749863
0.0827708
0.188619
54
3.52643
0.306409
0.00845034
0.884692
0.0461703
0.040108
30
0.00865786
0.0755948
0.0979664
5
0.379316
0.620521
0.00345038
0.969104
0.0401163
0.0970704
19
0.00365015
0.0563674
0.327982
55
3.08053
0.291189
0.00537702
0.719825
0.0885661
0.324169
12
0.00940294
0.0194411
0.0583679
28
3.15591
0.683123
0.00661129
0.781466
0.056917
0.0679024
66
0.00308757
0.0589572
0.191278
76
2.20814
0.670206
0.00763307
0.96692
0.018994
0.176233
40
0.00467198
0.0398438
0.31205
75
0.531272
0.666724
0.00232859
0.965094
0.0743958
0.189995
67
0.00875216
0.0496755
0.408671
60
0.354121
0.638965
0.0046806
0.735492
0.0818006
0.470513
56
0.00462863
0.0553303
0.455201
13
1.64372
0.741545
0.0015478
0.846985
0.0235775
0.157223
11
0.00867823
0.0864546
0.421181
89
0.848081
0.47738
0.00549159
0.988456
0.044923
0.463293
89
0.00962597
0.0189754
0.0836557
8
3.11673
0.121407
0.00277131
0.913315
0.0664836
0.307385
75
0.00264976
0.0484066
0.437616
58
1.01855
0.568848
0.00487705
0.997523
0.051067
0.220594
77
0.00640869
0.0220718
0.147218
40
1.98181
0.660784
0.00321535
0.793069
0.0279507
0.484934
61
0.00609473
0.0477489
0.127876
56
1.52218
0.701367
0.00893496
0.832925
0.0584138
0.0854614
27
0.00882982
0.0318787
0.0346778
12
2.13356
0.157671
0.00182691
0.784904
0.0222198
0.269581
55
0.00754274
0.0654805
0.417532
67
2.8238
0.560389
0.00894797
0.768914
0.0162716
0.344401
11
0.00772028
0.0306708
0.0225508
33
2.4413
0.313788
0.00626987
0.993322
0.0560847
0.383402
87
0.00436267
0.0217504
0.0954337
56
0.536715
0.644174
0.00748157
0.808143
0.0261528
0.0486205
59
0.00829269
0.0286756
0.176901
76
2.35391
0.697813
0.00502414
0.754707
0.0342105
0.388886
97
0.00806851
0.070006
0.176191
89
1.50987
0.673772
0.00574083
0.737184
0.0967648
0.450813
22
0.000681477
0.0691421
0.49436
44
2.16386
0.0518713
0.00708449
0.876047
0.06237
0.308272
30
0.000156602
0.0233637
0.227236
90
3.27132
0.256947
0.00360657
0.94927
0.0973096
0.210424
3
0.00322375
0.0760142
0.497781
2
1.20975
0.1609
0.00299731
0.719034
0.014497
0.443334
85
0.00942155
0.0898148
0.25844
20
0.92895
0.183397
0.00400424
0.920905
0.0375169
0.424705
49
0.00373619
0.0506124
0.165786
56
1.37395
0.488513
0.00269215
0.703795
0.0592842
0.0350593
64
0.00279765
0.0451777
0.169289
62
1.63261
0.756998
0.001694
0.836029
0.0846881
0.0790658
70
0.00975592
0.0966655
0.0265341
81
1.29763
0.127847
0.00255188
0.813716
0.0851956
0.324648
3
0.00944764
0.0829452
0.349443
14
3.107
0.305476
0.00785172
0.731973
0.0681791
0.490333
98
0.00124279
0.0304232
0.298347
20
2.02122
0.699656
0.00466288
0.715229
0.0856168
0.259444
96
0.00410103
0.0204603
0.0110165
77
0.836328
0.205692
0.00607576
0.727797
0.0806272
0.0388523
19
0.00503763
0.0971271
0.0815307
3
3.79405
0.258531
0.00413688
0.983331
0.0424508
0.178219
68
0.00880385
0.0818725
0.412521
71
2.49761
0.60361
0.000182859
0.956119
0.0936568
0.397375
1
0.00564302
0.0899906
0.476489
77
0.363391
0.150101
0.00878443
0.954264
0.0394642
0.10242
39
0.00231662
0.013582
0.0848307
41
2.87533
0.232169
0.00836012
0.709931
0.0850397
0.133464
95
0.00676497
0.0256835
0.462979
71
2.08321
0.79445
0.00115588
0.745529
0.0837228
0.297421
63
0.00546451
0.0445531
0.00463852
34
2.40248
0.705962
0.00543973
0.992354
0.0924038
0.423721
33
0.00997635
0.0321857
0.015767
98
1.92132
0.0738849
0.00210226
0.796302
0.0453965
0.212817
50
0.00533956
0.0278036
0.288165
88
3.73772
0.197946
0.00923286
0.979189
0.0618944
0.420384
18
0.00761174
0.0870471
0.498387
80
2.4263
0.447826
0.00482967
0.748662
0.0494858
0.0427383
93
0.00400672
0.0679559
0.223161
67
2.43382
0.293218
0.00296907
0.932623
0.0604581
0.135407
49
0.00889179
0.0513895
0.427535
3
0.513528
0.249011
0.00568613
0.857387
0.0344322
0.1555
11
0.00732815
0.0224494
0.160345
43
2.92274
0.089565
0.00783647
0.970077
0.0824433
0.153053
72
0.00251523
0.030934
0.140154
57
3.38801
0.485482
0.00135963
0.932566
0.0467274
0.239142
10
0.00485276
0.0638993
0.151335
42
0.488601
0.408423
0.00887953
0.765006
0.0645878
0.379698
51
0.00402928
0.0919619
0.493469
56
1.72593
0.657579
0.00374464
0.753793
0.0926719
0.329924
13
0.00813352
0.0592301
0.351493
70
0.268043
0.233886
0.00880827
0.713994
0.0442809
0.407856
60
0.00100504
0.0555753
0.131485
6
2.75967
0.686557
0.00110308
0.862218
0.069822
0.16756
28
0.00946692
0.0265494
0.407231
38
0.331049
0.551253
0.000109154
0.909089
0.0931703
0.417137
58
0.00477505
0.0991461
0.440303
61
1.82199
0.492132
0.00310003
0.74506
0.0344944
0.400313
18
0.00183807
0.0986937
0.461753
79
1.97416
0.399969
0.00707638
0.815931
0.0219996
0.338823
75
0.000163534
0.0343656
0.301684
62
3.48226
0.302946
0.00586385
0.900405
0.0907241
0.22342
78
0.00660377
0.0410747
0.242156
18
2.41078
0.746496
0.00171547
0.705459
0.0135574
0.417577
56
0.00398562
0.0236327
0.164317
71
0.823786
0.093331
0.00600947
0.730889
0.0241523
0.183724
95
0.00613027
0.0647928
0.319272
21
2.094
0.382539
0.00755997
0.886631
0.0302233
0.313661
34
0.00969678
0.0199319
0.207844
24
0.604335
0.456626
0.00313047
0.797857
0.0998275
0.12078
16
0.00349292
0.0418956
0.341336
51
0.990777
0.0327248
0.00211883
0.739861
0.0328332
0.0253188
100
0.00158259
0.0948329
0.1116
38
3.44753
0.417918
0.00178244
0.740427
0.0786005
0.284861
8
0.00949212
0.0500783
0.473296
9
0.151133
0.766571
0.000113732
0.855894
0.0558351
0.162085
50
0.00854699
0.0568969
0.0889125
96
0.721737
0.00471173
0.00765317
0.880309
0.0492251
0.30971
12
0.00240178
0.0412158
0.364276
99
3.1963
0.459883
0.00873281
0.968677
0.0173082
0.471362
27
0.00726147
0.0332211
0.184953
77
1.70332
0.658008
0.00744361
0.756517
0.05317
0.259864
94
0.00449882
0.0187196
0.458003
17
0.634789
0.366328
0.00830018
0.941523
0.0701019
0.0107636
35
0.00991305
0.0112438
0.303046
74
1.29952
0.278004
0.0016122
0.819421
0.025221
0.197294
81
0.00459847
0.0237886
0.474081
22
1.41406
0.512598
0.00123976
0.886117
0.0938277
0.234701
80
0.00198496
0.0620732
0.377654
82
1.75252
0.575556
0.0069033
0.805635
0.0671923
0.298527
67
0.00128966
0.0405217
0.432013
83
1.22476
0.0403593
0.000524233
0.840038
0.0451016
0.0473986
83
0.0088369
0.0197653
0.082477
71
0.3797
0.0808865
0.00968754
0.741378
0.0357374
0.205009
15
0.00235489
0.0330377
0.232198
80
2.98328
0.221195
0.00717367
0.788583
0.0731176
0.457155
71
0.00642625
0.0731792
0.428424
35
3.7054
0.189474
0.00419861
0.716426
0.0210208
0.143048
39
0.00195474
0.0722856
0.215815
88
1.67256
0.35403
0.00365088
0.864032
0.0971599
0.154363
63
0.00977978
0.078396
0.448669
85
3.8666
0.12978
0.000191183
0.746331
0.0967498
0.440488
34
0.00030987
0.0518989
0.0209843
88
3.74639
0.191279
0.00882871
0.904499
0.0732285
0.348056
16
0.00785877
0.0105547
0.330113
42
0.936807
0.471165
0.00416653
0.765833
0.082699
0.49707
35
0.00465183
0.0239786
0.420393
63
3.36349
0.726078
0.00704841
0.782143
0.0255058
0.402837
42
0.00924711
0.0963982
0.0942709
10
0.892513
0.13259
0.00438819
0.923188
0.0575233
0.197758
48
0.00319826
0.0627831
0.295052
35
3.64947
0.748042
0.00650192
0.864466
0.0769437
0.0881057
26
0.00298678
0.0883752
0.454673
65
1.43555
0.0875463
0.00610707
0.717663
0.039763
0.0949861
90
0.0071359
0.0849477
0.199009
26
1.85574
0.320747
0.000873766
0.852545
0.0912809
0.105602
21
0.00869354
0.0575483
0.332396
73
1.16216
0.0818549
0.00107
0.817889
0.0384938
0.441272
38
0.0030215
0.0493983
0.406757
73
1.68155
0.373602
0.00370043
0.93739
0.0819196
0.227356
13
0.00445046
0.0337236
0.481183
93
3.89231
0.23859
0.000504764
0.713328
0.0717129
0.373867
57
0.00317878
0.0196828
0.194585
86
1.19974
0.739201
0.00808567
0.726453
0.0913624
0.194569
4
0.00190514
0.0924446
0.355666
52
2.08925
0.704969
0.000570865
0.758725
0.0388761
0.0501363
55
0.00705744
0.0658032
0.0443692
22
3.54717
0.172876
0.001633
0.937467
0.0685593
0.0637751
87
0.00237482
0.0381854
0.18881
53
1.37547
0.371269
0.00904355
0.915319
0.0308643
0.49559
22
0.00715729
0.0641671
0.180704
6
0.388881
0.0717371
0.00545091
0.701289
0.0713596
0.364103
49
0.000557381
0.0459303
0.35083
52
2.21414
0.716541
0.00062233
0.830571
0.0642361
0.0393015
47
0.00699372
0.0573958
0.0183699
4
2.24379
0.450755
0.0090328
0.783057
0.0934657
0.368405
42
0.0056123
0.0852124
0.171281
6
1.96713
0.786045
0.00699616
0.788431
0.0532056
0.413026
7
0.00799734
0.0713603
0.411217
28
2.65374
0.0358373
0.00950919
0.918041
0.0502003
0.25488
35
0.00789918
0.0931886
0.316886
91
1.59374
0.598792
0.00800672
0.977266
0.0290769
0.103682
20
0.00325322
0.0838226
0.201626
54
0.19161
0.438767
0.00884671
0.964554
0.053807
0.326273
91
0.00143137
0.0676875
0.0232904
34
1.78366
0.0380596
0.00513255
0.955387
0.0218697
0.146673
22
0.000374886
0.0589912
0.358048
97
2.99022
0.535208
0.00554673
0.923848
0.0859335
0.394936
68
0.0014891
0.0109235
0.249687
15
3.95216
0.125793
0.00874769
0.992674
0.0243932
0.305889
75
0.0077977
0.079921
0.246017
34
2.30243
0.250565
0.00430897
0.82757
0.0111067
0.233612
90
0.00584575
0.0352038
0.357263
84
2.38582
0.793129
0.00158725
0.830234
0.0741438
0.235688
47
0.00519958
0.0867052
0.282629
95
1.94064
0.614969
0.00853266
0.934462
0.0183285
0.118246
69
0.00184408
0.0455206
0.291292
57
0.788076
0.73442
0.0018497
0.776329
0.0109022
0.311953
25
0.000111959
0.0994674
0.0378317
59
2.17977
0.0198828
0.00986988
0.981299
0.0601837
0.281885
29
0.00931658
0.0167454
0.222457
15
3.82791
0.717075
0.00695474
0.913575
0.0691639
0.0416298
50
0.00524764
0.0449152
0.314576
77
1.1351
0.559284
0.00294605
0.797297
0.0581885
0.10825
39
0.00453268
0.0855687
0.318059
79
0.737782
0.511516
0.0030473
0.889473
0.0599826
0.13627
41
0.00540121
0.0133205
0.210832
95
0.643131
0.773086
0.00710677
0.832461
0.0839686
0.159174
17
0.00376021
0.080406
0.392765
68
1.25612
0.557584
0.00639934
0.947981
0.0612535
0.0127556
70
0.00719246
0.0631312
0.37664
17
0.764611
0.243952
0.00522049
0.851804
0.0674955
0.145508
86
0.00158786
0.0994281
0.189817
8
1.75491
0.586034
0.00899756
0.870919
0.0882374
0.398238
24
0.00223826
0.0941099
0.103947
72
0.811903
0.285104
0.00976105
0.977556
0.0993825
0.159978
47
0.00810736
0.0936123
0.132386
53
3.97486
0.165826
0.0092902
0.831039
0.0610735
0.182036
13
0.00525681
0.0779937
0.0974654
85
3.08243
0.0978693
0.00751407
0.980839
0.0215292
0.4766
68
0.00767878
0.0244939
0.0646255
47
0.206585
0.736246
0.00457092
0.761137
0.0579523
0.486933
44
0.00193023
0.0580728
0.371374
93
1.76408
0.336175
0.00927414
0.883339
0.020124
0.44615
24
0.0023807
0.0446042
0.27379
49
3.12729
0.378028
0.00825308
0.97515
0.0684457
0.280931
53
0.00387369
0.0790382
0.136578
49
3.42374
0.662586
0.00999948
0.792249
0.0783932
0.473893
49
0.0081547
0.0136176
0.169744
62
1.07903
0.0435387
0.00385954
0.882797
0.0989225
0.468998
78
0.00834435
0.014268
0.0506131
64
2.69863
0.0465089
0.00378392
0.873277
0.0515973
0.466643
73
0.0031262
0.016874
0.336012
95
2.60322
0.300256
0.00795013
0.837644
0.0523713
0.116356
32
0.00331053
0.0817586
0.13693
38
2.7696
0.564132
0.00528923
0.780451
0.0513399
0.422682
63
0.00831913
0.0316449
0.269308
9
0.212059
0.123655
0.000138868
0.710892
0.0166306
0.131655
28
0.003424
0.0810391
0.426484
85
3.90094
0.532433
0.00273482
0.872531
0.0970917
0.125186
93
0.00825171
0.0795074
0.32347
13
1.00925
0.540173
0.00931233
0.89729
0.0756878
0.419794
46
0.00204913
0.0702275
0.464825
76
1.04395
0.760247
0.00571931
0.746761
0.0420181
0.100021
80
0.00805453
0.0282036
0.0178402
84
0.866498
0.556439
0.00791439
0.819823
0.0395619
0.22882
26
0.00354642
0.0255069
0.0788236
99
1.27946
0.368214
0.00626211
0.904699
0.0124343
0.431094
93
0.00692566
0.0463294
0.124704
96
2.74158
0.265824
0.00679583
0.755136
0.088895
0.204432
71
0.00513143
0.0530144
0.145986
74
1.93329
0.61817
0.00401082
0.761879
0.098723
0.464679
15
0.00394608
0.0836188
0.23891
81
0.95113
0.0615084
0.00701042
0.973306
0.0800812
0.370205
16
0.00744784
0.0370346
0.4996
16
3.17191
0.406577
0.00961441
0.772038
0.0197665
0.374629
82
0.00581937
0.0181912
0.354226
15
0.273006
0.764182
0.00443068
0.798097
0.0637776
0.219479
93
0.00356557
0.0905983
0.24421
25
0.673575
0.632819
0.0051217
0.978484
0.047669
0.296922
64
0.000354762
0.0709717
0.160843
14
0.289491
0.282376
0.00715906
0.860571
0.0772349
0.084283
94
0.0062257
0.0596978
0.120098
23
1.65603
0.572241
0.00105568
0.963922
0.0497005
0.0710824
99
0.00971483
0.0515732
0.446569
50
3.58712
0.718952
0.0071259
0.938325
0.0447934
0.390033
37
0.00228124
0.0614529
0.0197408
35
1.51823
0.112289
0.00122267
0.980244
0.0158761
0.016436
13
0.0049857
0.07252
0.0902408
51
2.90547
0.390151
0.00392765
0.712591
0.0142877
0.328156
48
0.00127279
0.0651731
0.144259
92
1.87454
0.408665
0.00538648
0.921809
0.0455395
0.0645025
9
0.00103406
0.0211136
0.264797
4
0.751496
0.0840447
0.00861868
0.802847
0.0785301
0.244192
61
0.0089358
0.0372719
0.235658
1
1.82547
0.789769
0.00637329
0.877366
0.0668383
0.364512
25
0.00173785
0.0999102
0.0462184
5
1.89289
0.23938
0.00376396
0.72507
0.0938853
0.240957
58
0.00583398
0.0472079
0.345703
5
1.36181
0.651105
0.00553851
0.762223
0.0778379
0.0613145
23
0.00960902
0.0356385
0.055675
71
1.05434
0.362381
0.0081735
0.857113
0.0479453
0.277321
84
0.00548999
0.0426157
0.30103
83
0.614951
0.72376
0.0079914
0.802985
0.0540637
0.141467
56
0.00578671
0.0571097
0.0652646
55
1.49817
0.139711
0.00647395
0.826236
0.0211782
0.43935
24
0.00456311
0.0201154
0.380789
49
3.46271
0.253065
0.000326703
0.948202
0.0877184
0.187509
4
0.00966206
0.0893107
0.195605
73
3.29325
0.0312084
0.000438917
0.779535
0.0719044
0.401974
82
0.00795973
0.0615767
0.184383
43
2.40184
0.43503
0.00155488
0.914629
0.0573409
0.266967
99
0.00441
0.0660743
0.0367133
22
1.99876
0.201825
0.00867872
0.760509
0.0228763
0.0859558
50
0.00283738
0.0609633
0.0928836
60
2.91564
0.675869
0.00120604
0.768653
0.0655186
0.35901
29
0.000583799
0.0891564
0.403096
19
3.69087
0.722904
0.000392352
0.811012
0.0887973
0.357932
54
0.00586778
0.0270631
0.263269
86
2.89866
0.756771
0.00132811
0.928084
0.0865024
0.394103
79
0.00742171
0.0856192
0.482842
68
1.12531
0.308597
0.000385349
0.949829
0.0323771
0.207012
44
0.00666969
0.0953094
0.00136463
13
2.94326
0.752405
0.00205412
0.804513
0.04042
0.00144319
44
0.00611031
0.0572759
0.296594
59
0.409886
0.0594508
0.00780558
0.850273
0.0661166
0.329283
87
0.00115909
0.0607236
0.161713
75
2.53667
0.0273331
0.0049738
0.729161
0.0130888
0.278029
98
0.00908081
0.0399465
0.101457
70
2.58043
0.635181
0.00406588
0.765197
0.0725021
0.0293468
76
0.00110121
0.0457921
0.423935
61
3.45498
0.187628
0.00340563
0.702876
0.0416776
0.0360219
69
0.00722968
0.066919
0.430315
77
3.49253
0.664317
0.00147539
0.812132
0.0139642
0.0821463
54
0.00656115
0.0664061
0.210027
70
1.32513
0.778194
0.00237894
0.739399
0.0958598
0.161302
78
0.00266847
0.028168
0.00614996
50
3.8424
0.147863
0.00390883
0.986236
0.0657284
0.485971
17
0.000740078
0.0523041
0.391506
57
2.71541
0.509721
0.00331784
0.736003
0.0652247
0.431672
48
0.00292956
0.0902082
0.403238
30
1.3852
0.754725
0.00489682
0.723045
0.0796275
0.0303933
8
0.00475698
0.0921154
0.198094
39
3.51828
0.0644642
0.00971917
0.776959
0.0437298
0.27237
81
0.00638894
0.0384151
0.259615
69
2.81633
0.0961625
0.00672225
0.890975
0.0630924
0.279855
2
0.00950763
0.0806156
0.388974
30
0.439119
0.626895
0.00869039
0.801785
0.0593864
0.00827166
65
0.00180426
0.0104441
0.0597584
15
3.50948
0.0118489
0.00500119
0.861757
0.0246846
0.201936
30
0.00257669
0.0156669
0.235254
69
1.21923
0.49791
0.00933593
0.951625
0.0138041
0.452911
24
0.00677919
0.0543424
0.47208
94
0.794708
0.228868
0.00804207
0.744846
0.0291064
0.300392
63
0.00848164
0.0116072
0.179484
27
0.591795
0.772571
0.00924332
0.84903
0.0444388
0.455007
55
0.00166758
0.038701
0.103001
47
3.98583
0.0499953
0.00948408
0.775505
0.0103946
0.263187
51
0.00987121
0.0173032
0.410706
48
2.83167
0.528655
0.00220731
0.955075
0.0280924
0.19487
42
0.000670737
0.0711538
0.458583
46
3.31561
0.230566
0.00304377
0.895576
0.0163115
0.208046
84
0.0068188
0.0273447
0.00267004
9
2.86014
0.763204
0.0073684
0.91074
0.0638902
0.351285
99
0.00636968
0.074647
0.109979
63
2.74708
0.731437
0.00340839
0.989066
0.0352757
0.266351
36
0.00187567
0.0794215
0.220801
11
0.944194
0.454305
0.00319321
0.990541
0.0570849
0.278774
80
0.00078583
0.0716082
0.365424
87
0.80959
0.50467
0.00093073
0.793859
0.0872193
0.0649134
62
0.00764707
0.0873638
0.0401705
52
3.85014
0.537795
0.00250502
0.991149
0.0647404
0.196603
45
0.00330115
0.024128
0.333654
69
3.28911
0.567379
0.0012575
0.783682
0.0179609
0.293038
47
0.000902482
0.0618066
0.299434
38
0.829065
0.520272
0.00523401
0.962378
0.0115994
0.215348
51
0.00792695
0.0150466
0.371067
29
0.445445
0.107625
0.000253345
0.898278
0.0314488
0.0775003
41
0.00528056
0.076722
0.268448
31
1.03092
0.708713
0.00575374
0.73769
0.0433424
0.06266
59
0.000613157
0.073738
0.0140378
82
3.39031
0.588694
0.00831717
0.860217
0.0393126
0.465915
91
0.00933855
0.0258505
0.121772
85
3.50392
0.482651
0.00083686
0.985669
0.0696186
0.436744
61
0.00955652
0.0351228
0.252582
75
2.61685
0.455235
0.00964852
0.829746
0.0899939
0.428565
42
0.00408542
0.0715149
0.362854
49
2.12629
0.180419
0.00653811
0.875627
0.0875315
0.00672554
29
0.00304547
0.0231076
0.06348
96
0.685014
0.621102
0.00657661
0.961891
0.0348543
0.0170994
31
0.00704759
0.0619203
0.413377
52
0.671266
0.480472
0.0042549
0.895482
0.0234499
0.474576
41
0.00197268
0.0112722
0.470022
90
1.26375
0.58355
0.000211751
0.812521
0.0661648
0.164884
89
0.00679684
0.070341
0.272783
23
0.456354
0.0554535
0.00910778
0.880824
0.0371118
0.139871
74
0.00474697
0.0897232
0.322757
39
3.1286
0.0258503
0.00806771
0.744172
0.0980809
0.0931378
34
0.00910237
0.0368883
0.0137985
1
3.80075
0.00860709
0.00814486
0.823445
0.0983444
0.0132888
91
0.000929951
0.0644365
0.36196
60
2.34529
0.782925
0.0075417
0.905631
0.0650359
0.22052
96
0.00112066
0.0284395
0.353219
17
2.68079
0.17612
0.00329604
0.813581
0.0383803
0.18823
27
0.00603266
0.0957776
0.265987
32
1.49046
0.0361682
0.00779305
0.764099
0.0245724
0.144417
1
0.00147467
0.0430309
0.49057
19
0.286026
0.116188
0.00720849
0.902589
0.020547
0.0903598
88
0.00902119
0.0418051
0.305014
25
2.70812
0.337512
0.00558723
0.901955
0.0753638
0.458139
32
0.000295534
0.0295018
0.167161
36
1.44917
0.224458
0.000427883
0.838489
0.0330891
0.461089
36
0.00134068
0.0118842
0.433212
45
2.05426
0.443624
0.00761306
0.846196
0.0296153
0.168262
92
0.00512631
0.098476
0.10604
28
3.09112
0.55378
0.00743329
0.725644
0.0949251
0.351668
75
0.00817097
0.0997359
0.122963
33
1.95364
0.530126
0.00189072
0.708602
0.0169903
0.385245
43
0.00998582
0.0390958
0.283964
80
3.32767
0.281644
0.00387655
0.757522
0.0963039
0.287962
74
0.00345242
0.0148545
0.331953
74
3.62275
0.465515
0.00914277
0.958217
0.0373566
0.174935
21
0.00064394
0.0582682
0.175532
82
2.57514
0.41154
0.00983628
0.71437
0.0227098
0.356609
60
0.00650445
0.0821591
0.360243
21
2.6684
0.149327
0.00476703
0.885495
0.0941029
0.459996
11
0.00863599
0.0943621
0.438658
14
0.259522
0.614416
0.00436663
0.903782
0.0640947
0.462527
82
0.00522298
0.0438569
0.204597
42
3.87256
0.52166
0.00940484
0.845333
0.0482214
0.460335
94
0.00420981
0.0498888
0.343375
23
2.41896
0.432937
0.00587025
0.952784
0.0536057
0.202694
48
0.00397227
0.0977024
0.416359
39
3.41833
0.261877
0.00598495
0.750187
0.0463721
0.338225
7
0.000845548
0.0102357
0.320466
4
3.00016
0.4519
0.00496163
0.887189
0.0322904
0.244992
22
0.00313717
0.0100803
0.492733
14
2.16245
0.298543
0.00580684
0.700768
0.0249506
0.352915
86
0.00367999
0.0931599
0.237185
74
1.5807
0.316621
0.00398562
0.898797
0.0714375
0.193396
13
0.0035401
0.0267543
0.443642
37
0.242115
0.548026
0.00207285
0.834174
0.038631
0.480759
21
0.00937242
0.0744594
0.249056
42
2.23553
0.52526
0.000301265
0.97628
0.0408557
0.301415
3
0.00568736
0.0603126
0.112699
81
2.75412
0.524922
0.00463568
0.824537
0.04992
0.483569
22
0.000250834
0.0875753
0.424281
32
3.61307
0.392176
0.00767845
0.702316
0.0133656
0.166399
14
0.00327762
0.0467652
0.0496163
64
3.34564
0.193439
0.00788037
0.72861
0.0621009
0.475915
57
0.00151534
0.0625629
0.0355264
92
1.50168
0.79151
0.00114467
0.785404
0.0421206
0.0698187
28
0.00105275
0.0127901
0.399048
29
3.05692
0.195734
0.00839609
0.7942
0.0503334
0.499549
7
0.00405431
0.0299578
0.149443
78
3.3034
0.163446
0.00222896
0.789128
0.0658213
0.409461
10
0.00343569
0.0926624
0.292426
24
2.46789
0.143991
0.00266336
0.771481
0.0680269
0.434526
31
0.00214856
0.0192772
0.214445
93
1.14285
0.380421
0.00242236
0.91997
0.0572091
0.0114228
69
0.00710321
0.0844662
0.331008
26
1.54291
0.654066
0.00813922
0.700247
0.0564787
0.137112
59
0.00618271
0.0847205
0.260531
60
1.74062
0.607756
0.0093787
0.974214
0.0428354
0.367715
95
0.00165072
0.0798213
0.20652
17
1.32991
0.120066
0.00103496
0.899459
0.0333558
0.359544
3
0.0047328
0.0933481
0.0251898
84
3.63642
0.637242
0.00508793
0.851127
0.0547742
0.00588785
92
0.00138232
0.0179047
0.200316
63
0.880125
0.191069
0.00616928
0.983663
0.0804269
0.49881
77
0.00217782
0.0348752
0.279839
18
2.14689
0.338811
0.00159544
0.958658
0.0809907
0.00427334
15
0.00118204
0.0814482
0.167855
43
1.62363
0.134242
0.00963739
0.75185
0.0564371
0.296052
40
0.00359549
0.0183548
0.0681643
19
2.62948
0.395644
0.0097985
0.914846
0.0313694
0.377836
82
0.00531967
0.0340377
0.309598
86
2.53256
0.795534
0.00220852
0.84797
0.0106632
0.176692
9
0.00559159
0.0401345
0.138236
36
3.23017
0.0659524
0.00089707
0.826149
0.0240384
0.376527
4
0.00418636
0.0959029
0.256447
4
0.98334
0.226924
0.00366685
0.871145
0.0738076
0.315576
9
0.00252561
0.0950896
0.466495
93
1.79405
0.421425
0.000344767
