0.823329
0.0482323
0.00350915
64
0.00923325
0.0538137
0.204386
84
0.76332
0.159045
0.00537541
0.937536
0.0107773
0.00335023
76
0.0162205
0.0389775
0.00251301
49
3.67381
0.161433
0.00874345
0.87681
0.150876
0.00269304
13
0.0113312
0.0533095
0.490454
32
1.47534
0.219707
0.00589177
0.928155
0.151646
0.00800589
81
0.00212689
0.0803273
0.354213
70
3.42825
0.178398
0.00718325
0.916209
0.027117
0.00937388
93
0.00636194
0.0930661
0.0544473
47
2.26083
0.145216
0.00249949
0.958492
0.054349
0.00382086
141
0.0109915
0.0450274
0.231226
39
1.64886
0.211134
0.00219136
0.870485
0.195027
0.00288293
96
0.0167355
0.066749
0.296808
71
1.20833
0.0619743
0.00881208
0.875036
0.194413
0.005169
12
0.00314751
0.0233276
0.392247
23
1.40362
0.599477
0.00404776
0.964292
0.0731594
0.00584415
137
0.00270154
0.0764496
0.479687
6
1.85199
0.21726
0.00310676
0.883591
0.19984
0.00464461
86
0.0186461
0.0666305
0.347718
69
2.88647
0.115896
0.00630929
0.935448
0.0639445
0.00745932
45
0.0166966
0.0333504
0.239892
24
2.43578
0.673369
0.00504872
0.914511
0.134548
0.0089023
34
0.00123596
0.0573655
0.478101
65
0.277711
0.437577
0.00178827
0.845114
0.0255279
0.00324727
150
0.0129589
0.0287731
0.447221
72
1.04669
0.0534134
0.00823633
0.953418
0.154221
0.0081852
40
0.0123752
0.0829083
0.256731
84
3.2618
0.186711
0.00263348
0.820131
0.0264772
0.0019965
58
0.0137488
0.048435
0.415946
33
0.51806
0.0544406
0.00421556
0.872484
0.0677187
0.0044128
118
0.0122302
0.0741858
0.226416
16
1.53058
0.38491
0.00844899
0.991872
0.0248772
0.0090599
45
0.00841682
0.042165
0.241193
41
1.51381
0.652532
0.00472858
0.931847
0.19552
0.00368381
25
0.00458832
0.0589504
0.0468628
81
1.36629
0.661696
0.00819051
0.83133
0.198062
0.00990375
119
0.0153779
0.0606254
0.136372
86
0.353534
0.690487
0.0069632
0.854573
0.0642231
0.00629972
145
0.0123531
0.0471338
0.290121
82
2.5639
0.390774
0.0062551
0.851024
0.0899289
0.00468633
141
0.018336
0.0939956
0.269201
98
1.77009
0.201888
0.00301078
0.960429
0.0833153
0.00321691
39
0.0142087
0.0338472
0.35626
6
3.12439
0.171253
0.00767428
0.962608
0.0981946
0.00644322
40
0.0121343
0.0115406
0.382568
66
1.65555
0.773637
0.00726029
0.925941
0.0237167
0.00604867
72
0.00500322
0.0838668
0.468
68
2.08122
0.173249
0.00946787
0.848099
0.0501595
0.00538483
17
0.0102948
0.0640641
0.291605
97
0.14872
0.722146
0.00949298
0.929852
0.0809446
0.00350137
21
0.013667
0.0820546
0.234461
46
3.05631
0.183289
0.00019846
0.821407
0.0607577
0.00277018
22
0.016466
0.0504288
0.434309
21
1.25361
0.120488
0.0075535
0.862823
0.122129
0.00936022
127
0.0129956
0.0793979
0.0932854
85
0.989459
0.445013
0.0069928
0.945107
0.111281
0.00183306
111
0.0118601
0.0572335
0.156322
37
1.35881
0.60177
0.00409607
0.889453
0.1372
0.00218998
34
0.00900145
0.0189554
0.108868
48
3.61037
0.334736
0.00726528
0.939533
0.0478981
0.00370616
117
0.016867
0.0605594
0.36851
32
1.86136
0.494483
0.00126263
0.967266
0.147677
0.00424319
31
0.0196105
0.0987187
0.350413
22
1.96044
0.749551
0.00916189
0.832224
0.138005
0.00444361
101
0.0055586
0.0463285
0.112118
93
3.2997
0.485247
0.0061271
0.825087
0.179712
0.0053153
124
0.00875921
0.0169576
0.360109
61
3.10661
0.697094
0.00680972
0.901156
0.102556
0.00241077
102
0.00283513
0.0800687
0.215507
87
1.42282
0.168134
0.00652962
0.940718
0.153036
0.00390992
48
0.0105489
0.0401685
0.162584
43
1.67263
0.618454
0.00841572
0.973525
0.0431541
0.00787997
115
0.0179985
0.0495183
0.1097
97
0.909224
0.14679
0.00879587
0.965636
0.0986891
0.00411875
51
0.0175115
0.049121
0.489458
60
2.40012
0.221368
0.00544966
0.824747
0.148049
0.00772534
53
0.00149621
0.0518956
0.0631803
64
2.82172
0.429842
0.00286399
0.941081
0.10055
0.00401776
104
0.019345
0.0278233
0.0923597
100
2.47161
0.341615
0.00230814
0.858144
0.0990516
0.0074275
125
0.0162988
0.018194
0.346651
31
1.37227
0.31789
0.00201617
0.948924
0.195328
0.00535809
88
0.00932671
0.0723421
0.281935
84
0.229159
0.315765
0.0074434
0.862231
0.0397764
0.00303565
128
0.00253003
0.070845
0.0757354
67
2.53452
0.738572
0.00383018
0.896838
0.10967
0.00934552
126
0.00967524
0.0344402
0.298396
96
2.1422
0.351057
0.00954219
0.906324
0.152362
0.00155115
118
0.00220853
0.0565916
0.0047387
69
0.695593
0.472904
0.00968074
0.877046
0.0517379
0.0037916
42
0.0104768
0.0226546
0.454932
95
2.7924
0.766592
0.00757743
0.959912
0.159282
0.00168328
96
0.0197637
0.0923538
0.497832
17
3.35379
0.692746
0.00810456
0.9007
0.161187
0.00286994
20
0.00225953
0.084178
0.268358
14
1.8776
0.336867
0.00477168
0.994337
0.0100634
0.0060651
58
0.0132447
0.06599
0.482033
78
3.82282
0.638502
0.00587637
0.983036
0.157187
0.00405467
68
0.0154508
0.0556632
0.157492
10
0.167053
0.589582
0.0052988
0.945424
0.0340007
0.00754809
147
0.018782
0.0348636
0.0742798
88
0.554175
0.676397
0.00130725
0.856183
0.117151
0.00920761
50
0.0117832
0.0134186
0.26631
75
1.74563
0.797251
0.00834478
0.946559
0.028266
0.0058115
95
0.0100705
0.0747953
0.472299
96
2.61316
0.718941
0.00313148
0.912168
0.110286
0.004226
44
0.0114258
0.093849
0.414178
55
1.83494
0.0281103
0.00770276
0.966404
0.0205534
0.00550992
107
0.0147274
0.0458432
0.0106223
45
3.40204
0.209802
0.00786559
0.983191
0.0782732
0.00953416
100
0.0179699
0.041243
0.277057
8
2.31529
0.647744
0.00272395
0.847575
0.167808
0.00617305
16
0.00559646
0.0772837
0.166382
93
0.959264
0.786415
0.00428353
0.976785
0.160707
0.00675775
116
0.0114924
0.0795851
0.180875
60
0.84807
0.285553
0.00560433
0.855806
0.174443
0.0089621
78
0.00304402
0.0224093
0.341225
79
2.93327
0.317162
0.00877945
0.974192
0.0852863
0.00650875
11
0.0148262
0.0374574
0.289884
35
1.92466
0.0131671
0.00763127
0.874705
0.0230036
0.00741891
136
0.00238762
0.0831894
0.257832
98
3.89363
0.557649
0.00307084
0.976138
0.198923
0.00310496
48
0.00858531
0.0650317
0.220016
4
0.932138
0.733868
0.00939607
0.944665
0.0370921
0.00902993
8
0.0145034
0.0365267
0.151133
1
3.40838
0.554994
0.006881
0.893156
0.0450712
0.00223133
91
0.00451678
0.0331016
0.334015
92
3.23898
0.267715
0.00825934
0.987846
0.180163
0.00660908
24
0.00306167
0.0662203
0.0392546
67
3.4883
0.639572
0.00641206
0.853848
0.112606
0.00979629
116
0.0150605
0.0968609
0.3223
37
1.01878
0.660972
0.0036544
0.839706
0.167437
0.00127372
122
0.0123227
0.0559499
0.0450526
39
1.06826
0.794618
0.00676936
0.963633
0.198631
0.00116929
118
0.0129292
0.0972128
0.164027
64
3.9471
0.0395671
0.000999782
0.995642
0.182829
0.00430152
149
0.0127784
0.0165777
0.314663
86
2.87714
0.121934
0.00808612
0.849753
0.119121
0.00234724
32
0.00524264
0.088865
0.0110765
91
3.32677
0.44925
3.00295e-05
0.910007
0.106132
0.00683461
75
0.00173851
0.0298426
0.216111
14
2.53228
0.296235
0.00134531
0.864104
0.0889158
0.00967306
126
0.00258534
0.0506917
0.172665
21
3.73871
0.361143
0.00922501
0.974636
0.115448
0.0057658
99
0.0116541
0.0632962
0.274373
75
0.872072
0.683884
0.00638557
0.952985
0.119749
0.00805762
56
0.00894131
0.016242
0.249681
34
1.17108
0.241109
0.00958238
0.939734
0.0354063
0.00907718
17
0.0159821
0.0117237
0.412676
19
2.01792
0.62771
0.00882932
0.888711
0.0716706
0.00757839
69
0.00108283
0.0995871
0.285411
6
1.09035
0.381162
0.00611003
0.826642
0.142633
0.00992102
79
0.0162745
0.0843483
0.209555
29
3.34209
0.214935
0.00732143
0.903649
0.12966
0.00359838
54
0.0158044
0.0598237
0.410291
26
1.42985
0.527434
0.0070772
0.814965
0.196649
0.00852418
71
0.0169654
0.0849862
0.493862
50
0.430604
0.625834
0.00970454
0.836306
0.161883
0.00625027
16
0.00997492
0.0530908
0.195714
92
3.18473
0.74203
0.0035019
0.81172
0.0904662
0.0056671
100
0.0115854
0.094348
0.0914232
22
0.916591
0.0481689
0.00112487
0.916382
0.0426793
0.00626026
68
0.0158304
0.0999597
0.0979706
14
2.42568
0.51351
0.00998779
0.871
0.0851932
0.00552004
144
0.0183151
0.0919404
0.398753
3
1.0839
0.068658
0.000812822
0.841731
0.108048
0.00929881
49
0.0182242
0.0176017
0.486235
18
2.85806
0.262391
0.00471849
0.836182
0.117822
0.0084038
24
0.00790841
0.0940632
0.436866
80
3.64191
0.376563
0.0078443
0.842027
0.170978
0.00886346
103
0.0134101
0.0417415
0.0283077
16
3.76044
0.190329
0.00836788
0.992686
0.152541
0.00888997
123
0.0163301
0.0908969
0.279281
95
1.30721
0.784534
0.00623563
0.860824
0.0885425
0.00486631
120
0.0102526
0.0729113
0.127126
74
0.812634
0.365695
0.00256517
0.986397
0.134834
0.00116137
12
0.00127593
0.0973956
0.0722113
64
0.819696
0.375925
0.00114012
0.859502
0.12907
0.00794691
57
0.0084014
0.0928514
0.134016
11
3.50228
0.335534
0.0051223
0.838457
0.138465
0.00212027
116
0.00221727
0.088799
0.343542
95
2.07734
0.0411242
0.00858154
0.802485
0.0445853
0.00347278
59
0.0193858
0.0816785
0.459645
62
3.9095
0.154328
0.00604723
0.839348
0.128863
0.00887772
81
0.0133674
0.0603829
0.0423311
78
3.79962
0.276894
0.00458602
0.951469
0.142285
0.00816192
127
0.00384029
0.0173607
0.427859
48
1.53947
0.611015
0.00569856
0.935318
0.0560919
0.00362278
122
0.00187962
0.0261323
0.305735
55
3.19738
0.312518
0.00446018
0.991336
0.110942
0.0057321
82
0.0084898
0.0291744
0.313041
47
0.678333
0.778877
0.00123896
0.977753
0.0617773
0.00798441
95
0.0032199
0.0275651
0.263643
70
1.90286
0.482985
0.00789463
0.947881
0.180395
0.00272543
7
0.00230427
0.0519991
0.264042
78
3.6024
0.310811
0.00957529
0.802191
0.110418
0.0010575
54
0.0172849
0.0236474
0.404241
94
3.28934
0.706317
0.00503509
0.828821
0.0334995
0.00993635
94
0.00476999
0.0534758
0.494687
57
3.97117
0.495402
0.000659986
0.968871
0.105427
0.00258586
102
0.0032599
0.0129307
0.245988
20
2.97498
0.0429267
0.000723898
0.876227
0.175509
0.00508761
101
0.0102116
0.0345991
0.142994
61
1.92074
0.239326
0.00208378
0.827609
0.0962569
0.00962661
73
0.0101494
0.0797921
0.190719
9
0.480783
0.726845
0.000764222
0.820699
0.17898
0.00908411
55
0.00711187
0.0799904
0.435648
47
3.14379
0.520782
0.00506994
0.806501
0.100889
0.00102128
17
0.00349269
0.0878393
0.30917
78
2.36995
0.359469
0.00965531
0.805549
0.0668948
0.00878158
146
0.00652096
0.0489531
0.111753
66
0.885475
0.567549
0.00439623
0.844733
0.0604324
0.00686774
33
0.0141155
0.0285134
0.237284
76
3.49597
0.763251
0.00191688
0.843878
0.0171989
0.00332852
62
0.0116123
0.0736077
0.026859
90
0.299735
0.111272
0.00717723
0.865425
0.0113195
0.00132576
57
0.0176328
0.082602
0.423586
76
0.289861
0.0946513
0.000884498
0.97082
0.0579737
0.00249029
135
0.0113625
0.0659528
0.233871
30
0.715544
0.603759
0.00913733
0.840803
0.16264
0.00693412
144
0.0172484
0.030277
0.152196
83
1.0278
0.396773
0.00897989
0.919711
0.050682
0.00587901
124
0.00984158
0.0775474
0.107571
81
2.72606
0.509869
0.00278903
0.894546
0.0199226
0.00186037
60
0.00754888
0.0187888
0.250017
51
3.57648
0.340846
0.00910415
0.886369
0.0565676
0.00977732
138
0.0156855
0.0108718
0.448007
55
1.34944
0.343328
0.00931158
0.928545
0.113037
0.00529429
142
0.00826933
0.0229301
0.422235
82
1.67849
0.631914
0.00567702
0.897628
0.132242
0.00762006
117
0.0110791
0.0610405
0.193303
33
0.627202
0.170365
0.00712518
0.895019
0.176731
0.00870571
23
0.00965953
0.0394247
0.131356
56
1.15095
0.177578
0.0078081
0.922588
0.0701716
0.00215103
118
0.0195125
0.0429193
0.2192
77
2.1667
0.0577972
0.00989812
0.922459
0.174677
0.00177196
90
0.0166709
0.0363371
0.0368149
85
3.254
0.779855
0.00193383
0.803589
0.0297279
0.00488804
133
0.0108535
0.0207961
0.306252
98
1.18096
0.617723
0.00254459
0.94576
0.149876
0.00927274
142
0.0088149
0.0213303
0.096268
54
1.72109
0.0829326
1.27939e-05
0.925428
0.118035
0.00266695
25
0.0176924
0.0947252
0.470696
18
1.48076
0.088496
0.00662012
0.916795
0.0421921
0.00569335
49
0.0103216
0.089142
0.270191
63
1.10573
0.625327
0.00651152
0.94854
0.0847132
0.00822821
22
0.0171112
0.0682016
0.444581
34
1.55981
0.0672535
0.00792428
0.882184
0.0653275
0.00719656
147
0.0140125
0.0978116
0.403546
32
2.13335
0.641019
0.00265108
0.816166
0.12816
0.0065956
40
0.0108052
0.0295654
0.467379
96
3.29147
0.0371162
0.00891683
0.941901
0.145431
0.00311568
125
0.0064926
0.0705
0.272394
60
3.83996
0.298795
0.00738432
0.86299
0.0803433
0.00175176
96
0.00616233
0.0978494
0.186126
79
3.10308
0.349868
0.00821171
0.960168
0.0476075
0.00149703
83
0.0187866
0.0384864
0.0738952
76
0.593794
0.322909
0.00853103
0.90468
0.0632497
0.00192629
144
0.0181793
0.0703151
0.087049
55
3.17966
0.0140207
0.00284689
0.988816
0.0198609
0.00532441
46
0.00630432
0.0549006
0.183072
39
3.08523
0.663432
0.00467144
0.932604
0.164456
0.00554801
147
0.00574728
0.027294
0.386249
49
1.99216
0.758413
0.00155554
0.938553
0.181451
0.00136873
98
0.00917498
0.0762728
0.227922
14
1.26745
0.294428
0.00292247
0.997437
0.125268
0.00504381
82
0.0112752
0.0367413
0.267298
79
2.84477
0.59804
0.0016955
0.885312
0.144949
0.0047476
59
0.0161091
0.0247416
0.327506
73
1.21713
0.499778
0.00986394
0.932321
0.0406582
0.00112966
41
0.0185883
0.06543
0.418477
72
2.61029
0.474762
0.0099553
0.955707
0.14121
0.00396219
44
0.00358892
0.0153822
0.2751
48
3.7307
0.0252211
0.00997942
0.830009
0.154568
0.00842101
115
0.0107283
0.0811058
0.449499
51
1.00575
0.469228
0.00227581
0.934465
0.0892705
0.00556899
103
0.0108876
0.0414088
0.359365
63
3.362
0.731386
0.00735993
0.823
0.0970631
0.00163294
98
0.0106448
0.0399249
0.206823
25
2.41739
0.166973
0.00218499
0.864075
0.161604
0.00432027
15
0.0165631
0.050081
0.000325935
58
1.76115
0.213122
0.00852144
0.940345
0.192133
0.00923656
43
0.00163095
0.0423828
0.400385
20
0.623609
0.0163302
0.00642489
0.90388
0.0965747
0.00662104
74
0.0149657
0.0185336
0.148241
80
0.344557
0.258009
0.00293912
0.910925
0.169075
0.0099604
123
0.0186838
0.0835092
0.0381109
9
1.38907
0.445262
0.0010864
0.979392
0.016469
0.00262849
88
0.0180694
0.0313945
0.353713
76
3.71919
0.51493
0.00581918
0.980736
0.0267892
0.00210868
19
0.0056149
0.0390112
0.10366
64
0.510403
0.0174652
0.00152548
0.959439
0.106973
0.00777929
92
0.0105148
0.0479158
0.408451
92
3.44808
0.235365
0.00510149
0.822626
0.0322064
0.00787496
140
0.00855108
0.0448083
0.369936
36
0.250686
0.711833
0.00386429
0.911323
0.167007
0.00980399
141
0.0173154
0.0148143
0.177252
43
1.13555
0.509103
0.0060426
0.813054
0.0569927
0.0023604
139
0.00526632
0.053
0.0673096
22
2.77191
0.781875
0.00318934
0.918412
0.0977899
0.00949338
124
0.0135446
0.0305486
0.192687
35
3.93633
0.542931
0.00402843
0.85056
0.121612
0.00915157
133
0.00706491
0.0554811
0.312105
70
3.53217
0.238851
0.000746906
0.961434
0.0454236
0.00657794
56
0.002931
0.0125723
0.488099
8
3.15407
0.796083
0.00710755
0.981745
0.155324
0.00335849
133
0.0179232
0.0200308
0.331863
9
3.96735
0.00517454
0.00783215
0.854492
0.0220641
0.00191048
47
0.00511983
0.0224974
0.262613
16
1.32555
0.192663
0.00690858
0.991756
0.0106109
0.00403146
54
0.013276
0.0467915
0.399875
66
1.44895
0.651385
0.00729385
0.989762
0.0895864
0.00863404
117
0.00951
0.0122169
0.303152
67
3.30974
0.364223
0.00684409
0.830701
0.0186664
0.00852182
13
0.00412525
0.062142
0.0829374
43
3.82068
0.707406
0.00453448
0.866936
0.171621
0.00596927
106
0.00197749
0.045453
0.455365
47
3.27541
0.0917837
0.00230625
0.95374
0.0225288
0.00232435
36
0.0046129
0.0270653
0.41664
46
2.33786
0.476613
0.00554259
0.833909
0.103424
0.00363578
15
0.00549294
0.0965404
0.452871
69
3.07085
0.717742
0.00481071
0.994137
0.191297
0.00784295
109
0.0140411
0.0656349
0.0564937
59
2.44088
0.0294766
0.00759534
0.893732
0.0368037
0.00400129
27
0.0159599
0.016717
0.0958544
32
0.302516
0.439681
0.00210085
0.898606
0.0869685
0.00900866
92
0.00131339
0.0748206
0.203235
19
1.13627
0.793488
0.000244053
0.99311
0.122887
0.00331089
144
0.0188684
0.0684074
0.292056
40
1.40884
0.478239
0.00565441
0.924039
0.184007
0.00528127
27
0.0124153
0.0206181
0.492415
42
3.1733
0.703423
0.00952357
0.971874
0.11487
0.00457267
124
0.00697108
0.0434581
0.465717
37
1.91462
0.159702
0.00326957
0.80003
0.0262333
0.00982406
27
0.0122574
0.0881496
0.421371
59
3.76553
0.633651
0.00329112
0.861517
0.0677667
0.0098588
134
0.0166553
0.0924913
0.446023
25
0.48843
0.402176
0.0025082
0.912738
0.139585
0.00653651
81
0.0040072
0.0498205
0.337267
69
3.90489
0.435973
0.00934411
0.933628
0.10292
0.00427528
128
0.00429629
0.0927718
0.48387
57
0.56554
0.110985
0.00527397
0.826994
0.107928
0.00338309
11
0.0135153
0.0379649
0.101728
90
0.779203
0.0608928
0.000541619
0.990764
0.133274
0.0058608
130
0.0119499
0.0179429
0.247818
86
0.192909
0.561995
0.00609887
0.977467
0.0756265
0.00713378
9
0.0117372
0.0785522
0.037824
40
2.34141
0.41093
0.0053935
0.883534
0.0585694
0.00469221
66
0.00245891
0.0255942
0.355157
15
3.43207
0.669375
0.00548085
0.973103
0.129739
0.00501694
73
0.0019184
0.0120034
0.441722
65
3.11706
0.304835
0.000146465
0.834997
0.0179219
0.00384568
78
0.00975884
0.0814511
0.430734
71
1.28991
0.20357
0.00171464
0.85558
0.0378369
0.00161579
107
0.00612547
0.0350846
0.273595
68
1.5001
0.671588
0.00749009
0.99597
0.0657797
0.00121032
65
0.0121807
0.0654705
0.0659826
71
2.96686
0.744018
0.00325538
0.881557
0.18309
0.0028116
70
0.00721207
0.0252422
0.458224
23
1.96881
0.550167
0.000962736
0.817998
0.136905
0.0063376
98
0.0169319
0.0587285
0.0598014
7
1.8192
0.655001
0.00287875
0.846747
0.136355
0.00846125
134
0.0185096
0.0782466
0.363342
75
2.91896
0.00634317
0.000303387
0.853627
0.111776
0.00513052
148
0.0198536
0.053617
0.287734
56
1.56702
0.133731
0.0037142
0.970319
0.0412678
0.00206153
105
0.00409454
0.0691095
0.0417333
10
3.5073
0.653265
0.000783534
0.907524
0.0487702
0.00442488
119
0.0165937
0.0818439
0.211512
20
2.8897
0.104674
0.00860458
0.972431
0.184672
0.00860768
56
0.0177299
0.0438652
0.388243
100
3.98095
0.12701
0.000468
0.868216
0.160281
0.00917223
109
0.00980197
0.0300253
0.150052
43
3.61455
0.519738
0.00895265
0.899549
0.03768
0.00318052
89
0.0189596
0.0251034
0.348965
16
2.27616
0.74553
0.00577646
0.8863
0.0926932
0.00724939
70
0.00105238
0.0216386
0.297557
37
0.356825
0.545172
0.00855924
0.968196
0.135244
0.00376299
6
0.00717517
0.0356699
0.161381
58
2.96009
0.243233
0.00197302
0.822213
0.177774
0.00151464
20
0.0067397
0.0647462
0.088691
92
0.200002
0.451218
0.00247587
0.840024
0.0724968
0.0052577
61
0.0132177
0.0631144
0.0137908
82
0.141537
0.471194
0.000863859
0.874289
0.0577735
0.00915923
24
0.0105911
0.0243792
0.121573
17
3.93885
0.246178
0.0090486
0.887931
0.0920841
0.00723796
97
0.00740237
0.0743125
0.413859
62
2.3792
0.247732
0.00118999
0.878265
0.137447
0.00294958
45
0.00354774
0.0957183
0.295098
37
2.24046
0.468825
0.0055833
0.95915
0.0551951
0.00434775
14
0.00264734
0.0286669
0.282995
88
1.62294
0.583819
0.00367413
0.850259
0.194005
0.00406091
113
0.00810441
0.0833002
0.407783
33
3.99408
0.531617
0.0072339
0.975375
0.175929
0.00498269
75
0.0114613
0.0989316
0.265074
23
2.70427
0.678639
0.00132095
0.918139
0.171918
0.0045358
140
0.0142736
0.0693682
0.213514
40
3.72742
0.435025
0.00393869
0.90325
0.0739928
0.00834684
26
0.0182527
0.0766832
0.138193
11
2.89701
0.289846
0.00626682
0.897478
0.0157678
0.00729015
100
0.0138664
0.0312028
0.420339
82
2.62901
0.0711095
0.00668452
0.97851
0.197649
0.00867833
120
0.0012041
0.0444027
0.201753
28
2.20576
0.53596
0.00221818
0.868781
0.172263
0.00421512
131
0.00728464
0.0823695
0.366756
87
1.58758
0.357683
0.000579347
0.890963
0.0842522
0.00221475
83
0.00683741
0.0321424
0.173634
16
2.0623
0.615018
0.00011917
0.842833
0.0211579
0.00608312
123
0.0148545
0.0220963
0.491189
22
3.01595
0.658565
0.00322589
0.805054
0.0121463
0.00945063
63
0.0168146
0.0316751
0.106395
64
1.77874
0.715646
0.00595415
0.985335
0.0208607
0.00969777
99
0.00916597
0.0124959
0.0845553
96
3.55502
0.113138
0.00805703
0.848286
0.149644
0.00388619
143
0.0168052
0.080551
0.428378
17
2.05955
0.675277
0.00924315
0.983801
0.104064
0.00811699
43
0.013332
0.0760927
0.089855
12
3.08963
0.0472917
0.00196527
0.819831
0.138912
0.00873538
107
0.00471557
0.0336441
0.0553703
4
1.69037
0.0799728
0.00774773
0.804224
0.0437533
0.00316996
71
0.0164353
0.0753495
0.391352
93
0.442985
0.0385234
0.00450697
0.852058
0.157487
0.00482242
139
0.00594833
0.091103
0.207223
46
0.49582
0.07165
0.00750556
0.804577
0.0715191
0.00736517
93
0.00669764
0.0847442
0.123252
2
3.88829
0.790767
0.00833362
0.838683
0.164742
0.00488469
70
0.0163675
0.0854966
0.48781
54
2.50277
0.447943
0.00462835
0.808838
0.16301
0.00303036
46
0.0178057
0.0230845
0.0058249
80
2.92492
0.182342
0.00149475
0.946294
0.0673455
0.00749361
149
0.0197751
0.068538
0.469577
57
1.54754
0.645071
0.0071018
0.924706
0.0513738
0.00289329
84
0.0143511
0.0862333
0.38753
54
1.78774
0.0507169
0.0023865
0.931359
0.127732
0.00836805
53
0.0194284
0.0945606
0.044524
85
2.58054
0.548236
0.0043314
0.969935
0.13025
0.00649106
94
0.00724576
0.0934707
0.333034
95
3.52502
0.122769
0.00893033
0.936046
0.0401599
0.00631006
94
0.00866967
0.0220198
0.0834569
25
2.36104
0.283116
0.00660283
0.856655
0.176289
0.00941168
71
0.0039286
0.0106679
0.140111
15
3.83355
0.735965
0.00903397
0.860228
0.046321
0.00897879
17
0.0191471
0.0619033
0.0771426
89
1.44447
0.221719
0.00431304
0.909829
0.0356065
0.00708623
39
0.0155429
0.0734728
0.133646
45
0.895498
0.284828
0.00666141
0.984168
0.0793719
0.00865379
127
0.0178778
0.0163322
0.464513
86
3.77696
0.362181
0.00817555
0.966213
0.120183
0.00494181
8
0.01616
0.0378988
0.143228
54
0.63885
0.568843
0.00501536
0.911697
0.085626
0.00703971
128
0.0196956
0.0700083
0.361335
27
2.02633
0.142782
0.00176668
0.948251
0.0194988
0.00208015
61
0.0190794
0.0119095
0.0202342
36
1.19549
0.612072
0.00927671
0.915186
0.115834
0.00343002
42
0.0173499
0.0127992
0.252396
4
1.86978
0.0740089
0.00803888
0.891528
0.121271
0.00747224
66
0.0120181
0.0694007
0.424494
3
2.98356
0.25215
0.00574498
0.882915
0.0643786
0.00188157
89
0.0139306
0.0249349
0.0644947
85
0.574423
0.0854335
0.000677696
0.938013
0.0383693
0.00859146
79
0.0158739
0.0170383
0.155054
78
1.80795
0.0785155
0.00167185
0.908269
0.153986
0.00237443
38
0.00889771
0.0198307
0.00391395
50
1.11722
0.352587
0.00362875
0.807467
0.0664373
0.00975138
11
0.0095406
0.0590884
0.288243
59
3.9566
0.484297
0.00591997
0.881682
0.143025
0.00763023
23
0.0192685
0.029061
0.1302
17
3.04097
0.356441
0.000169536
0.859938
0.131898
0.00893833
112
0.0150088
0.0962395
0.040565
75
2.11499
0.572
0.000845889
0.93026
0.0190435
0.00247525
62
0.00404882
0.0570766
0.283134
91
3.0793
0.138479
0.00244605
0.936761
0.0829349
0.00716018
132
0.00113374
0.0634914
0.062435
87
1.12284
0.204508
0.00244768
0.907166
0.0235656
0.008703
143
0.0153632
0.0347654
0.149624
72
3.7705
0.431189
0.00573438
0.887128
0.0699652
0.0023883
13
0.018739
0.0871331
0.17064
98
3.37101
0.333054
0.00597731
0.923535
0.0839738
0.00297711
89
0.0065747
0.0897234
0.167399
30
2.29659
0.421866
0.00616677
0.853061
0.052392
0.00130949
55
0.00987402
0.0854163
0.17435
8
2.54806
0.195519
0.00899651
0.913471
0.109111
0.00839236
22
0.0155582
0.0177776
0.116219
92
0.988715
0.776981
0.000523261
0.890506
0.198176
0.00559582
80
0.0120228
0.0264177
0.358663
47
0.611449
0.546738
0.00406967
0.922092
0.190587
0.00987847
129
0.0121141
0.0717532
0.307765
49
2.46792
0.656267
0.0035539
0.843421
0.0938494
0.00845033
10
0.00763571
0.0456122
0.37714
50
2.68463
0.461652
0.00402116
0.849515
0.165307
0.0094396
108
0.01992
0.0952486
0.375427
14
2.78663
0.287659
0.00137587
0.83169
0.19634
0.00765003
129
0.00487341
0.0897764
0.0793255
27
3.4575
0.224164
0.00493899
0.905255
0.0759484
0.00738494
54
0.0170319
0.0865681
0.278918
60
0.877105
0.421021
0.00236569
0.925338
0.197199
0.00273081
104
0.00446604
0.0903606
0.39745
25
1.89536
0.731241
0.00174776
0.950539
0.134138
0.00225058
57
0.011136
0.0440463
0.0705641
29
3.04709
0.74619
0.00907742
0.949507
0.02568
0.00110047
84
0.0185374
0.0407731
0.0159546
77
0.856895
0.575762
0.000619024
0.815766
0.0749252
0.00483428
66
0.0156123
0.0257552
0.390895
57
0.727987
0.382625
0.00540995
0.867521
0.0557415
0.00816705
130
0.00564265
0.0542382
0.104623
5
0.608414
0.687786
0.00649706
0.840318
0.0799626
0.00408935
41
0.0146033
0.0430349
0.236256
79
1.16486
0.464687
0.00886963
0.845639
0.19165
0.00155829
87
0.0138182
0.0628059
0.03399
20
1.31952
0.680895
0.00116939
0.981919
0.172708
0.00950496
137
0.00743094
0.0315536
0.409118
28
3.442
0.155185
0.000554026
0.989331
0.0241938
0.00789746
47
0.00103214
0.0867791
0.145204
88
3.58316
0.40917
0.00154819
0.857718
0.186536
0.00391824
112
0.0131009
0.0808162
0.401452
72
0.26998
0.515606
0.00813556
0.908004
0.190305
0.00957743
28
0.0141807
0.0625987
0.433555
89
2.99074
0.458082
0.00136484
0.816761
0.165562
0.00319883
149
0.00199845
0.0599388
0.147142
38
2.68999
0.789962
0.00839906
0.967578
0.027685
0.0093164
129
0.00785006
0.0739201
0.453338
59
2.48777
0.0763883
0.00532712
0.899278
0.0935727
0.00834084
47
0.00955744
0.021155
0.0253566
70
1.82782
0.700151
0.0020518
0.807666
0.0529289
0.00357425
21
0.0137271
0.0326365
0.00843971
5
2.57012
0.354877
0.0068423
0.852713
0.130775
0.00913289
121
0.00671677
0.0807331
0.0516118
31
1.76208
0.552916
0.000334046
0.845961
0.112096
0.00524442
115
0.0190492
0.0110542
0.210302
87
0.476471
0.587523
0.00563362
0.932966
0.0683131
0.00902535
135
0.0073204
0.020325
0.344266
45
2.72831
0.198856
0.00276207
0.972328
0.0957014
0.00583861
52
0.00496014
0.024081
0.253068
63
0.538835
0.118475
0.00127077
0.864604
0.133667
0.00147153
99
0.0159278
0.0637121
0.46009
42
3.70977
0.783058
0.000599996
0.805615
0.114393
0.00165227
129
0.0142533
0.0486011
0.395616
50
2.00038
0.580132
0.00389295
0.841383
0.114101
0.00435712
60
0.00713849
0.0568699
0.300758
61
2.93707
0.065037
0.0093379
0.956039
0.166693
0.00139231
112
0.00746458
0.0521768
0.0814183
12
0.311831
0.281851
0.00258535
0.811194
0.112531
0.00449289
69
0.00701616
0.0513871
0.498307
1
0.337808
0.464032
0.00530866
0.963169
0.0862352
0.00473986
33
0.00931319
0.0483042
0.431763
9
1.5217
0.428207
0.00345512
0.973869
0.166083
0.00848514
38
0.00328701
0.0496873
0.495928
27
0.739405
0.595228
0.00779322
0.811066
0.192524
0.00217806
138
0.0017159
0.0675259
0.328105
3
3.46029
0.26483
0.00305637
0.8514
0.187182
0.00139744
20
0.00777764
0.0840214
0.324699
56
1.73046
0.0214545
0.00773887
0.961881
0.135932
0.00546781
146
0.00873962
0.0138881
0.0160449
29
2.69799
0.370291
0.00200099
0.849049
0.189567
0.00773484
59
0.0169075
0.0992092
0.362228
71
1.10305
0.41444
0.0071479
0.907034
0.0292947
0.0012443
121
0.0181224
0.0725426
0.144924
66
1.63848
0.131966
0.000444451
0.985569
0.104722
0.00230034
51
0.0174279
0.0467155
0.188089
43
0.420778
0.0810613
0.00513134
0.994851
0.0147493
0.00694041
120
0.0175574
0.0104866
0.117037
19
3.86272
0.768484
0.00636995
0.989857
0.0154437
0.00702709
13
0.0021767
0.0113454
0.372161
90
2.80811
0.280575
0.00347424
0.837513
0.104417
0.00803328
132
0.0136356
0.0335648
0.0294258
28
3.39744
0.184786
0.00768549
0.844457
0.171276
0.00250624
30
0.0174866
0.081485
0.320096
26
1.97727
0.43401
0.0033557
0.80336
0.0967947
0.0075273
50
0.00822912
0.0788815
0.426202
52
1.07888
0.723656
0.00352957
0.818334
0.18977
0.00476914
51
0.00442796
0.0908012
0.302362
6
2.66115
0.467406
0.00664048
0.837826
0.0247136
0.00436913
93
0.0144406
0.0283168
0.457134
48
0.900174
0.737424
0.00937371
0.888028
0.153415
0.00955761
57
0.0155098
0.0676229
0.371947
33
3.6473
0.788746
0.00298046
0.815295
0.17815
0.00739311
21
0.00582635
0.0509618
0.126106
8
3.38588
0.148132
0.00544085
0.832678
0.14011
0.00418738
125
0.00506821
0.031023
0.14109
28
2.42091
0.387706
0.00950376
0.890066
0.124338
0.00959009
61
0.0124844
0.0437849
0.0345476
67
2.51637
0.0586469
0.00890074
0.879072
0.107606
0.00291634
25
0.011155
0.0894719
0.122333
24
3.69487
0.0187644
0.00942455
0.863505
0.186921
0.0071131
14
0.0172034
0.0823017
0.476679
11
0.795091
0.0745567
0.00157912
0.832357
0.0693466
0.00201934
82
0.00990359
0.0493059
0.160762
37
0.2114
0.721465
0.00615694
0.910327
0.109508
0.00983823
53
0.00592879
0.0727119
0.396365
33
1.33116
0.71306
0.001028
0.942629
0.188233
0.0075938
130
0.0164173
0.0790249
0.022023
52
0.925147
0.303725
0.00464841
0.880245
0.178464
0.00103666
26
0.0136094
0.0759045
0.318843
63
3.37506
0.48992
0.000898429
0.809397
0.0811692
0.00143538
41
0.0139943
0.0966821
0.437283
10
3.52022
0.49059
0.0026181
0.913368
0.13094
0.00126811
145
0.00438818
0.0596393
0.349494
41
1.84463
0.498489
0.00764393
0.852442
0.181012
0.00689821
38
0.00608527
0.0415584
0.176837
21
0.332788
0.196231
0.00985358
0.960795
0.191217
0.00196592
10
0.0165305
0.0404885
0.189306
81
1.18596
0.264073
0.00843371
0.801256
0.0493123
0.00146743
83
0.0173814
0.0527706
0.286548
61
1.24429
0.322
6.86725e-05
0.89257
0.182203
0.002428
147
0.0184136
0.0143873
0.299165
74
0.787632
0.0868155
0.00415909
0.817904
0.0946876
0.00726823
30
0.00233497
0.0218123
0.406973
23
1.05196
0.208207
0.00901005
0.984694
0.0338868
0.00674019
141
0.0157323
0.034131
0.0663671
42
3.63313
0.327392
0.0084778
0.812089
0.0300142
0.00648124
137
0.0144671
0.0307593
0.0694781
32
3.9159
0.571127
0.0014252
0.956513
0.187545
0.00598735
111
0.00261397
0.0208472
0.450104
24
2.40642
0.53371
0.00028232
0.829273
0.168688
0.00621795
38
0.00601226
0.0578303
0.357462
100
2.52418
0.605463
0.00606803
0.814396
0.0161379
0.00829805
110
0.0191679
0.0809205
0.225662
17
2.23571
0.423756
0.00177538
0.987193
0.0215531
0.0096462
67
0.00345212
0.0244999
0.325547
90
0.408575
0.596312
0.00438384
0.917759
0.0763612
0.00876566
28
0.0191193
0.0562516
0.100449
56
1.57297
0.502617
0.00671632
0.873002
0.12363
0.00911155
140
0.00569324
0.068756
0.351061
74
2.9493
0.564661
0.00337204
0.980201
0.0769359
0.00500107
61
0.0193043
0.0277222
0.0853847
42
3.92853
0.460299
0.00188162
0.963459
0.124827
0.00355984
71
0.00385904
0.0352608
0.271196
44
0.174676
0.492348
0.00379452
0.976487
0.156791
0.00384367
36
0.00640496
0.0868709
0.385781
13
2.77457
0.753991
0.00695499
0.871879
0.11353
0.00459726
30
0.010938
0.0254056
0.345754
11
0.184937
0.456261
0.00701688
0.920918
0.174077
0.00344956
91
0.00804237
0.0566322
0.329646
18
3.75196
0.188134
0.00339545
0.865695
0.0360042
0.00495946
75
0.0051874
0.0936505
0.31153
75
0.373815
0.701436
0.00647379
0.986677
0.169309
0.00193913
20
0.00936494
0.0297554
0.419883
99
0.748451
0.713735
0.00310829
0.957093
0.156275
0.00715583
146
0.00635551
0.0769674
0.304182
83
3.22314
0.140775
0.00390864
0.87559
0.11669
0.00960751
136
0.0151334
0.0174271
0.137411
53
0.529024
0.116802
0.00594026
0.944196
0.173043
0.00770386
31
0.012643
0.0392537
0.394693
71
2.25197
0.698348
0.00273192
0.871558
0.0796024
0.0016906
36
0.0199461
0.0396894
0.181783
44
1.61778
0.205706
0.00828823
0.809975
0.189041
0.00203055
28
0.00547628
0.0446175
0.429955
30
3.34435
0.592526
0.00944418
0.898825
0.18882
0.00480479
72
0.00587853
0.0321313
0.240839
84
2.81828
0.00857976
0.00489913
0.926907
0.144035
0.00520149
15
0.0103716
0.020233
0.293734
82
1.60135
0.301253
0.00145623
0.952514
0.179407
0.00654641
78
0.00210039
0.0101511
0.153385
91
1.49033
0.00304857
0.000478222
0.896225
0.040831
0.00497622
63
0.0199702
0.0443546
0.376542
35
2.59535
0.0904427
0.00993476
0.993657
0.115185
0.00112149
109
0.00794543
0.0383071
0.0573064
21
1.34073
0.760027
0.00381959
0.833421
0.186213
0.00260228
18
0.0103961
0.0266673
0.244707
56
0.390389
0.649756
0.00487171
0.906075
0.0942493
0.00182408
114
0.0117142
0.0359178
0.00102235
26
1.98347
0.0341811
0.0098222
0.828034
0.106264
0.00274902
50
0.00627854
0.0142349
0.118722
20
2.18963
0.775106
0.0018887
0.998764
0.126918
0.00244911
65
0.00280049
0.0584526
0.197994
52
1.41389
0.683093
0.00268189
0.914846
0.0465939
0.00722795
62
0.0125177
0.0921387
0.432407
4
1.69273
0.12533
0.00918534
0.879738
0.192802
0.00543551
105
0.0195519
0.011195
0.462408
96
0.563628
0.405543
0.00921973
0.923169
0.118341
0.00628426
22
0.00687294
0.0469229
0.473099
83
0.665549
0.565901
0.00496479
0.80843
0.0180503
0.00510615
9
0.00472864
0.0516414
0.0147216
90
0.542591
0.27474
0.00978941
0.887309
0.0439917
0.0061421
19
0.00424892
0.0971009
0.21771
80
2.00877
0.1015
0.00674768
0.816336
0.163826
0.00570431
18
0.00378473
0.0672691
0.214584
64
2.90772
0.666385
0.00499715
0.829482
0.0288039
0.00456018
117
0.00836229
0.0902098
0.461957
83
2.1748
0.302282
0.00644393
0.880485
0.181794
0.00563083
113
0.00416935
0.0505484
0.139241
73
3.32033
0.644137
0.002261
0.920247
0.0835322
0.00732445
97
0.00581014
0.058301
0.050114
63
0.858971
0.233889
0.00579801
0.924295
0.0995345
0.00826782
52
0.00660417
0.0550022
0.171121
26
2.46029
0.175816
0.00740895
0.878683
0.126398
0.00254874
88
0.0016738
0.0131148
0.254416
89
3.27016
0.36898
0.00776774
0.826084
0.117309
0.0059083
95
0.00679054
0.0464741
0.0580278
78
3.68396
0.762559
0.00679228
0.870175
0.166234
0.00135611
113
0.00773842
0.0432768
0.102446
25
1.23175
0.05606
0.00801179
0.99694
0.0649742
0.00378933
10
0.0011557
0.0139801
0.185597
6
3.23445
0.577485
0.00166603
0.941321
0.0485712
0.00646803
106
0.0115634
0.0145124
0.425928
12
2.19647
0.324241
0.00160612
0.936974
0.0426853
0.00100765
86
0.00202896
0.0769456
0.232281
94
1.74595
0.443098
0.00815883
0.929738
0.170307
0.00415578
51
0.00276032
0.0932794
0.474477
84
2.95127
0.751496
0.000212215
0.909322
0.103775
0.00766716
43
0.0198341
0.0546591
0.389912
7
2.85307
0.138003
0.00980162
0.872432
0.0917784
0.00692132
9
0.00369076
0.0702661
0.251714
1
1.06291
0.330631
0.00795015
0.938342
0.148718
0.0041436
7
0.00139243
0.0262913
0.261172
30
2.50031
0.668852
0.00334616
0.819443
0.0879697
0.00850324
29
0.0126696
0.0481462
0.00974102
62
3.16235
0.245282
0.00692655
0.974889
0.0117968
0.00561096
87
0.0153105
0.0993117
0.480999
12
0.455684
0.00122921
0.00753524
0.901639
0.141773
0.0030127
146
0.0157473
0.0451469
0.159229
24
2.21269
0.0352248
0.00214072
0.984379
0.185729
0.00446072
97
0.0184709
0.0984408
0.128907
53
1.95397
0.558895
0.00743227
0.814291
0.184233
0.00215648
133
0.00318612
0.0240044
0.485965
86
2.29251
0.107826
0.00556123
0.950423
0.0548097
0.00542639
76
0.00797859
0.047393
0.0808848
44
2.33138
0.391143
0.00475207
0.980428
0.0130605
0.00973173
35
0.0183822
0.0779209
0.235667
53
2.18343
0.228978
0.00369259
0.988608
0.053961
0.0099807
91
0.00945204
0.0671409
0.0688066
65
0.833206
0.374219
0.0070316
0.877595
0.0626426
0.00697647
29
0.00136981
0.0184168
0.132999
62
0.241771
0.621432
0.00143943
0.895128
0.138079
0.00472202
33
0.0120715
0.0900202
0.484543
5
1.45706
0.231275
0.00867959
0.884348
0.119035
0.00118716
41
0.00495122
0.040871
0.248698
19
2.09133
0.193947
0.000411579
0.88989
0.0877199
0.00952608
143
0.00273133
0.0860276
0.0497422
15
1.71331
0.367461
0.00182779
0.82049
0.176955
0.00781981
24
0.015634
0.0738765
0.319695
88
0.470384
0.230555
0.00412599
0.857517
0.0140064
0.0025705
136
0.00832706
0.0618202
0.378145
58
0.951842
0.607181
0.00496684
0.800912
0.0468723
0.00636358
111
0.0180582
0.0913805
0.223703
53
3.81022
0.032839
0.000315173
0.889121
0.163275
0.00294336
77
0.00902737
0.0707779
0.0079241
13
2.75008
0.0106267
0.0049069
0.914081
0.0916686
0.00776243
45
0.0189104
0.0752888
0.321964
12
3.14119
0.306807
0.004472
0.968483
0.19598
0.00548932
74
0.00465107
0.0836794
0.105726
36
2.37795
0.259475
0.00584595
0.833465
0.0554223
0.00418553
139
0.0131552
0.0614605
0.0525721
72
2.64653
0.162519
0.000789646
0.964907
0.147095
0.00796904
63
0.0124444
0.0136469
0.365243
15
0.208527
0.556003
0.00122018
0.848856
0.101381
0.0016058
106
0.0125892
0.0427253
0.218997
97
0.649787
0.236412
0.00386817
0.877759
0.147434
0.00638821
35
0.00371295
0.0236903
0.198113
2
2.15161
0.372966
0.000261496
0.965242
0.0532097
0.00591688
65
0.0106957
0.0699288
0.0908504
46
1.94511
0.25362
0.000987009
0.830555
0.0952015
0.00142473
67
0.0151697
0.0545439
0.0946035
42
1.86849
0.164336
0.0085695
0.958378
0.185259
0.0096775
105
0.00375349
0.0502848
0.364369
58
2.65216
0.269468
0.00635832
0.969273
0.0817885
0.00855765
39
0.00644183
0.0194235
0.11991
75
3.59101
0.636189
0.00105461
0.899993
0.0344298
0.00268676
78
0.00433406
0.0730085
0.228656
61
2.22828
0.0636776
0.00417048
0.997186
0.162229
0.00197302
44
0.00577296
0.0652318
0.380634
93
0.937376
0.573779
0.00885038
0.992437
0.120821
0.00717482
31
0.0185975
0.0563429
0.238891
69
1.57938
0.623943
0.00323661
0.955079
0.0573155
0.00534814
60
0.0033326
0.0370203
0.301587
30
1.15558
0.128375
0.00720727
0.998346
0.0347304
0.00824121
64
0.00251102
0.0576757
0.411085
29
1.52289
0.725703
0.00521098
0.919305
0.0822817
0.00366847
63
0.014534
0.0950125
0.0713715
7
3.85725
0.480133
0.00424683
0.869255
0.0498081
0.00254531
7
0.0189921
0.052562
0.442403
8
0.219226
0.481734
0.00104893
0.921106
0.0599181
0.00820595
86
0.0160263
0.0232363
0.224019
44
1.60781
0.419674
0.00469203
0.884833
0.127188
0.00508585
6
0.0138032
0.0593841
0.308792
31
0.519036
0.771835
7.5596e-05
0.97981
0.13132
0.00601918
55
0.00286821
0.0983233
0.373789
73
3.0593
0.156629
0.00519908
0.947127
0.03644
0.00594384
87
0.0128537
0.0155769
0.18749
5
3.8692
0.504255
0.00961762
0.885656
0.0136141
0.00602709
67
0.00503625
0.0149073
0.053137
44
0.838561
0.710156
0.00976331
0.892915
0.143723
0.00795457
131
0.0181396
0.0552864
0.32625
38
3.21483
0.394645
0.0042288
0.942893
0.0949647
0.00928594
5
0.0146088
0.0757949
0.294247
76
1.2633
0.416074
0.00552361
0.846386
0.0818362
0.00314282
92
0.0107797
0.0680192
0.098164
38
2.63448
0.268647
0.00872222
0.915474
0.158921
0.00971429
83
0.0111878
0.0912614
0.0483777
51
2.82715
0.297224
0.00242568
0.868972
0.0722189
0.00521324
145
0.00160698
0.0885327
0.38427
25
2.32325
0.60344
0.00360292
0.904403
0.0790295
0.00394728
5
0.0088491
0.0340782
0.205385
15
0.972971
0.290756
0.00516852
0.861783
0.148559
0.00306094
80
0.00782974
0.0268216
0.1656
58
1.38236
0.551377
0.00331728
0.91987
0.140855
0.00615651
79
0.00517378
0.07196
0.315109
2
2.12942
0.271107
0.00202959
0.868037
0.0152892
0.00264001
131
0.00533399
0.0191957
0.34209
36
1.6323
0.608746
0.0065532
0.986229
0.0912808
0.00373242
50
0.0141054
0.0846464
0.332233
29
0.319193
0.0239288
0.000379552
0.947486
0.0173875
0.00998795
85
0.00939831
0.07817
0.0218299
50
0.750927
0.678456
0.00395239
0.971463
0.116123
0.00557698
99
0.00242623
0.0330215
0.47588
91
3.18993
0.215709
0.0079874
0.934119
0.0687314
0.00107606
43
0.00434503
0.0460408
0.4775
38
2.26627
0.379383
0.0084971
0.908695
0.0589258
0.00680603
58
0.0147715
0.0625133
0.0351868
94
3.13115
0.250512
0.00760325
0.936375
0.146376
0.00687455
37
0.0130698
0.0477989
0.466145
40
0.381522
0.586947
0.00561332
0.82387
0.0591013
0.00695906
85
0.0160486
0.0689636
0.243177
5
3.5733
0.261058
0.00457324
0.843277
0.100074
0.00122877
9
0.0176714
0.0102582
0.259387
22
3.20923
0.63426
0.00966523
0.939152
0.155151
0.00313603
14
0.0148827
0.0678015
0.196903
27
0.399001
0.0229745
0.00211797
0.847128
0.0737341
0.00153561
67
0.00179832
0.0293234
0.199914
99
3.98952
0.397355
0.000499834
0.894201
0.106791
0.00227239
108
0.00959283
0.0828055
0.284004
57
1.66294
0.41744
0.00216052
0.859093
0.168123
0.00325387
30
0.00819257
0.0980925
0.381558
65
2.76405
0.0100004
0.00705405
0.943842
0.193697
0.0022919
113
0.0101679
0.0303775
0.438431
39
3.70644
0.0936687
0.00666334
0.801636
0.0727409
0.00893777
46
0.0178587
0.0877276
0.0769478
67
0.703797
0.62918
0.00628827
0.955598
0.0614806
0.00730114
120
0.0134554
0.0791463
0.00627637
10
2.55369
0.705364
0.00017262
0.957468
0.0977206
0.00636956
101
0.011821
0.0457954
0.12927
68
0.366228
0.753529
0.00515045
0.812419
0.101819
0.00374033
69
0.0171858
0.0398048
0.443076
7
1.03941
0.523688
0.00299794
0.824672
0.145731
0.00386375
12
0.0139008
0.0158204
0.208637
86
0.279015
0.541679
0.00234208
0.995287
0.159549
0.00326834
26
0.00927838
0.0857002
0.0868272
84
0.598248
0.0991734
0.00868981
0.806267
0.0443368
0.00792213
29
0.00420056
0.0638972
0.417427
34
3.3335
0.388087
0.00618592
0.80821
0.0660032
0.00678835
19
0.00996279
0.0997524
0.323152
27
3.87744
0.0976915
0.000359243
0.926387
0.0628711
0.0077988
66
0.0196554
0.0581177
0.456267
89
2.04992
0.58236
0.00443719
0.927745
0.149337
0.00279215
52
0.00531065
0.0318459
0.168011
77
1.00113
0.383931
0.0046097
0.879531
0.18791
0.00462758
81
0.00179092
0.0579326
0.191851
94
0.645145
0.320563
0.00303849
0.873368
0.0784557
0.00883913
94
0.0175899
0.0904864
0.405311
11
0.237987
0.174845
0.00397762
0.951204
0.0536644
0.00705669
139
0.00144495
0.0664021
0.340437
88
2.21802
0.613107
0.00092993
0.88248
0.0393343
0.00751373
132
0.00758755
0.0280025
0.242404
55
3.56718
0.798501
0.00289491
0.981116
0.0766407
0.00328609
34
0.0150574
0.0962191
0.451346
80
1.93107
0.73991
0.00523276
0.90562
0.146765
0.00352389
27
0.00455238
0.0214476
0.258336
52
2.03243
0.339138
0.00975713
0.970441
0.105177
0.00700163
34
0.00310294
0.0713328
0.463497
35
0.701185
0.426693
0.00746982
0.900541
0.0324627
0.00515687
33
0.0110341
0.0375515
0.202035
35
2.57451
0.105424
0.00377114
0.858531
0.156656
0.00667914
95
0.0188424
0.0644276
0.212338
41
2.16165
0.278741
0.00268928
0.978048
0.0905959
0.00708184
72
0.00294205
0.0591456
0.352458
73
2.042
0.308118
0.00455172
0.866585
0.031153
0.00881548
106
0.014921
0.0774988
0.246684
47
0.804011
0.0451586
0.00420449
0.952433
0.122614
0.00670483
90
0.00489894
0.0360237
0.0173251
21
0.801391
0.293388
0.00736582
0.988064
0.045786
0.00808058
48
0.00604019
0.0160635
0.49958
65
2.74195
0.180539
0.00184671
0.996375
0.132969
0.00491142
119
0.00352125
0.0892184
0.154385
13
1.80072
0.526582
0.00434567
0.817241
0.031482
0.00880141
77
0.0152791
0.0410947
0.110897
9
0.766916
0.728536
0.00162624
0.917409
0.17041
0.00252316
109
0.00973391
0.0539308
0.374489
79
0.25971
0.454206
9.38918e-05
0.943287
0.0779239
0.00307753
76
0.0143179
0.0612886
0.0195451
10
2.30232
0.32896
0.00316383
0.93074
0.199401
0.00460885
134
0.00845293
0.0476088
0.15818
19
0.725448
0.458015
0.00827322
0.802994
0.142165
0.00663873
8
0.00897674
0.0873576
0.184169
89
0.682214
0.249861
0.00863922
0.800538
0.1327
0.00671028
37
0.00187301
0.0959235
0.222051
99
1.28066
0.136283
0.00258953
0.918613
0.074502
0.00427642
80
0.00768348
0.0324675
0.0439082
49
1.02344
0.399943
0.00909019
0.818833
0.151347
0.00640173
35
0.0100882
0.0755327
0.163761
45
1.79258
0.255468
0.0096243
0.902993
0.10852
0.00642436
92
0.0014593
0.0608493
0.0324481
34
3.78917
0.407299
0.00602297
0.834539
0.0504615
0.00479786
68
0.00365015
0.0623723
0.194612
2
0.664869
0.401662
0.00373546
0.873903
0.0319741
0.00831624
110
0.00662723
0.0954828
0.0247982
53
3.00611
0.0303861
0.000917486
0.898117
0.12624
0.00172657
130
0.0146926
0.0191206
0.0123432
45
2.84183
0.200536
0.00352285
0.869781
0.193344
0.00623216
126
0.00908316
0.0697136
0.182212
58
1.46684
0.345245
0.00238919
0.896692
0.177571
0.00170564
91
0.00336642
0.0373564
0.0783043
26
2.67826
0.347003
0.00341745
0.842338
0.0328719
0.00578734
36
0.0127939
0.048821
0.276583
31
1.23678
0.664554
0.00658155
0.962301
0.157887
0.00206598
108
0.00340228
0.0642007
0.230835
51
2.79754
0.313913
0.00441391
0.855289
0.0123303
0.00682049
70
0.00153536
0.0751044
0.339561
81
1.2916
0.641964
0.00139956
0.997838
0.121927
0.00676223
25
0.00398753
0.051525
0.255415
3
1.88739
0.129197
0.00282555
0.982285
0.0998988
0.00565144
103
0.00861274
0.0510606
0.0304769
97
3.53788
0.578449
0.00277657
0.921711
0.0227103
0.00768001
74
0.0110272
0.0271459
0.336769
99
0.582905
0.496644
0.00485613
0.954506
0.158292
0.00354273
101
0.00392007
0.0715379
0.229529
89
2.48407
0.403858
0.00484138
0.810625
0.150501
0.00861734
75
0.0134801
0.0716205
0.178731
13
1.30033
0.539758
0.00163808
0.857157
0.128238
0.00620093
19
0.0112385
0.0874348
0.402822
94
3.6646
0.529813
0.00429653
0.865048
0.173666
0.00281857
104
0.0152165
0.0542947
0.335415
91
2.27914
0.152075
0.00797259
0.951965
0.0612304
0.00783752
16
0.01043
0.0710705
0.44558
52
3.4762
0.771101
0.00375713
0.827119
0.0519619
0.00341028
59
0.0192295
0.0732748
0.120892
17
2.11634
0.326234
0.00915967
0.813399
0.0279871
0.00440142
122
0.00751388
0.072271
0.221716
74
0.417345
0.523202
0.00400403
0.928707
0.125852
0.00666577
87
0.00693638
0.0134669
0.439317
34
0.979967
0.537721
0.00343035
0.931054
0.0708064
0.00946598
125
0.0114048
0.0975013
0.0276575
61
2.45258
0.584556
0.00991603
0.902468
0.0707725
0.00365134
112
0.00690181
0.0778147
0.124858
49
3.02694
0.517914
0.00571094
0.837049
0.0385092
0.00452491
102
0.015191
0.0918947
0.0990745
20
2.3898
0.531112
0.00972842
0.83558
0.0867515
0.0051761
108
0.00800783
0.0425775
0.338179
60
2.73447
0.764941
0.00621681
0.978987
0.139531
0.0087422
73
0.0130353
0.0787185
0.310046
68
2.61891
0.149836
0.00318594
0.875723
0.135698
0.00466225
135
0.00910688
0.0436399
0.0475689
23
0.438746
0.511022
0.000642081
0.86636
0.0143961
0.00921703
84
0.0061745
0.0150631
0.0316336
42
1.59518
0.761405
0.00449916
0.902235
0.0930276
0.00579787
49
0.0126122
0.0157542
0.200569
97
0.948544
0.504402
0.000707677
0.823973
0.174972
0.00827555
77
0.019706
0.0382281
0.330672
98
3.79644
0.561057
0.00941869
0.884724
0.0307914
0.00129631
136
0.0194598
0.0523271
0.169575
38
3.68258
0.693585
0.00599099
0.934697
0.0596075
0.00939065
37
0.0171338
0.0362385
0.393122
77
0.157466
0.0965273
0.00109757
0.835416
0.012668
0.00448112
42
0.0100387
0.0917107
0.440401
66
3.03371
0.225198
0.00526199
0.929132
0.18517
0.00397068
89
0.0106609
0.0386497
0.280737
3
3.46997
0.109587
0.00791537
0.807017
0.180707
0.00505596
85
0.00816146
0.0988027
0.0188794
36
2.71332
0.050266
0.00733824
0.990269
0.151786
0.00856171
138
0.0177612
0.0600832
0.146902
41
2.3532
0.452815
0.00633339
0.957861
0.140594
0.00609669
14
0.0170618
0.0956527
0.370698
51
1.20506
0.686472
0.00928323
0.942378
0.144712
0.00540243
85
0.0127256
0.0630788
0.175589
81
2.67025
0.755291
0.00870255
0.813675
0.120362
0.0041134
121
0.0154157
0.0557912
0.135622
31
2.99739
0.42521
0.00479316
0.891631
0.0303611
0.0061161
149
0.00298254
0.0645525
0.49658
95
1.39197
0.440999
0.00412308
0.828559
0.0621719
0.00810211
7
0.0119029
0.0949064
0.379507
99
3.24829
0.102165
0.00185839
0.912611
0.0691022
0.00342843
77
0.0119353
0.0745637
0.383092
41
3.62904
0.227311
0.00362476
0.895694
0.0389939
0.00159288
18
0.0077125
0.0354462
0.471401
74
0.463932
0.393236
0.00147986
0.821529
0.155603
0.00188882
114
0.0194869
0.0863398
0.11421
3
3.41857
0.488102
0.00224279
0.927357
0.0872617
0.00814296
134
0.00538887
0.0196806
0.0607321
93
3.85007
0.695358
0.00536204
0.892295
0.124731
0.00298536
142
0.0161874
0.0402701
0.115673
4
1.70065
0.507398
0.00672942
0.964652
0.169896
0.00926061
111
0.00481972
0.0260105
0.113834
70
1.22773
0.272885
0.00688534
0.966913
0.0416724
0.00545646
47
0.00813021
0.0616304
0.481204
39
2.1003
0.538436
0.00807257
0.949961
0.102316
0.00284205
148
0.00867719
0.0859036
0.316452
8
2.10359
0.348689
0.00865838
0.880859
0.183464
0.00177534
32
0.0144073
0.0669226
0.260361
18
3.545
0.590698
0.00548739
0.861034
0.159791
0.00179806
103
0.00620973
0.0851114
0.317211
13
2.8711
0.144241
0.00584258
0.809872
0.144505
0.00805203
115
0.00736626
0.0368516
0.179079
48
1.72314
0.747834
0.00114967
0.954392
0.123585
0.00574744
149
0.0128906
0.0884648
0.125936
54
2.59084
0.619454
0.00358501
0.83677
0.164012
0.00733651
6
0.0131819
0.0327283
0.367138
68
1.49271
0.133603
0.00830247
0.825732
0.0751825
0.00755737
64
0.00544357
0.0879844
0.0238355
29
3.65387
0.412126
0.00294928
0.975711
0.0774209
0.00595472
32
0.0146641
0.0420059
0.0615048
72
2.00751
0.689648
0.000394945
