0.928924
0.0411338
0.00344312
15
0.00128679
0.0823924
0.20089
21
3.54535
0.514643
0.00395047
0.967825
0.113076
0.00823877
125
0.0185794
0.0711686
0.211566
59
2.1451
0.0769852
0.00717775
0.819792
0.178235
0.0099334
39
0.00792616
0.0931107
0.320772
91
2.63966
0.568182
0.00649534
0.960707
0.121295
0.00382153
37
0.00244041
0.0961049
0.0423702
62
3.70627
0.491172
0.00824342
0.824505
0.101129
0.0080079
131
0.00389807
0.074331
0.246401
84
2.5843
0.525831
0.00933528
0.918264
0.0561343
0.00348531
75
0.0165935
0.0148121
0.474309
43
0.507206
0.197123
0.00875541
0.843587
0.0723417
0.00463029
121
0.00224849
0.0432728
0.367266
27
1.11898
0.684896
0.0015031
0.875557
0.0818625
0.00717414
94
0.0168464
0.0130442
0.493808
71
0.263974
0.22472
0.00451966
0.848362
0.1511
0.00856309
95
0.012482
0.0768834
0.124919
75
0.779596
0.0530487
0.0022045
0.895778
0.156818
0.00821867
25
0.0147253
0.0754297
0.159531
24
0.596006
0.62801
0.00753757
0.924865
0.167821
0.00439512
119
0.019848
0.0835942
0.0578109
45
1.57052
0.152643
0.00797354
0.981834
0.112859
0.00703359
9
0.00839636
0.0856972
0.00869775
29
1.25918
0.489302
0.00309078
0.814646
0.0953034
0.00245939
74
0.00836037
0.0882913
0.173062
84
0.655434
0.553887
0.00207628
0.855274
0.0574213
0.0099633
96
0.0163112
0.067726
0.126683
4
1.35162
0.416064
0.00560297
0.865225
0.165059
0.00447998
70
0.00646036
0.0678166
0.399766
8
1.71248
0.286851
0.00440721
0.946609
0.0127103
0.00694255
50
0.0110818
0.0889712
0.187365
51
1.78025
0.671026
0.00262343
0.87421
0.175105
0.00896951
128
0.0163372
0.0387212
0.130342
39
2.17809
0.63826
0.000520175
0.808244
0.135326
0.00983947
86
0.0108005
0.075309
0.0289849
22
2.98115
0.11702
0.000913078
0.860308
0.140245
0.00250769
108
0.0185413
0.0630356
0.411389
2
2.54189
0.633984
0.000222456
0.955748
0.102618
0.00403716
14
0.0143837
0.0349515
0.0742398
28
3.81771
0.555626
0.00412886
0.935445
0.152298
0.00778218
53
0.0043854
0.0999517
0.0327041
89
3.74901
0.728013
0.00299033
0.942462
0.0808488
0.00313846
56
0.0193468
0.0845146
0.322935
61
3.16657
0.716401
0.0048143
0.861811
0.163851
0.00478116
18
0.00426951
0.0381591
0.167313
97
3.60591
0.00236582
0.00444135
0.883253
0.0177429
0.00763535
13
0.00920107
0.0150189
0.340934
43
0.645049
0.390479
0.00101559
0.848723
0.139731
0.00650714
38
0.0131361
0.0530765
0.231728
49
1.94975
0.205891
0.00821883
0.963655
0.148159
0.00376492
77
0.0130705
0.0215501
0.163216
87
1.91797
0.123454
0.00935488
0.883658
0.122638
0.00276794
118
0.00921256
0.0528661
0.160573
77
1.51862
0.588505
0.00876967
0.957529
0.041657
0.00908664
138
0.0107143
0.0509292
0.0882824
96
3.6394
0.386319
0.000821232
0.967316
0.185525
0.0034817
60
0.012018
0.0169435
0.331689
11
1.74921
0.611304
0.00220912
0.922237
0.182237
0.00775087
132
0.00138937
0.0850063
0.44163
90
0.530512
0.124357
0.00430965
0.839161
0.108691
0.00645925
29
0.0118912
0.0285821
0.221903
54
1.92899
0.277731
0.00831649
0.902153
0.0359168
0.00579839
70
0.0122949
0.0855691
0.0512476
31
1.34421
0.343057
0.00597229
0.893236
0.0117253
0.00611616
10
0.0185008
0.0579249
0.17133
52
2.42501
0.199393
0.00170426
0.857987
0.0888037
0.00643454
61
0.0184
0.0226597
0.0552926
45
0.657768
0.0632784
0.00502618
0.866325
0.140397
0.00841713
99
0.0136068
0.081929
0.0912427
88
1.08234
0.0571711
0.00436425
0.915796
0.185806
0.00428459
91
0.00345654
0.0339621
0.400721
37
1.10583
0.689349
0.00112549
0.968268
0.131145
0.00871479
126
0.0152422
0.0266314
0.498594
84
0.994603
0.243618
0.00389117
0.905765
0.197462
0.00339857
72
0.0145944
0.0154237
0.432487
20
1.97707
0.694424
0.00567374
0.983907
0.0753332
0.00999443
12
0.0181628
0.0362649
0.395164
11
1.19361
0.0185175
0.00526548
0.826993
0.0859775
0.00737425
75
0.00820355
0.0885715
0.146737
61
1.54727
0.283186
0.0058316
0.992902
0.0137738
0.00179026
89
0.00969376
0.0127814
0.114689
41
2.34988
0.533638
0.0034056
0.914822
0.045487
0.00473476
143
0.0180119
0.0211562
0.440776
51
2.47372
0.0637792
0.000557318
0.994044
0.178841
0.00110857
76
0.0147967
0.0751514
0.255651
86
2.53068
0.0336689
0.00854294
0.820259
0.0592992
0.00302655
18
0.0162227
0.0778692
0.268786
26
2.74966
0.304109
0.00515179
0.96226
0.0862125
0.00174455
93
0.0145437
0.0734793
0.0342978
51
3.52538
0.653247
0.00842735
0.868607
0.146517
0.00766397
134
0.019468
0.0452051
0.162543
7
3.91073
0.248131
0.00330992
0.953045
0.122414
0.00836978
57
0.00109536
0.0123461
0.431641
70
0.689818
0.188367
0.00733483
0.845897
0.063719
0.00380686
16
0.0111399
0.0977861
0.201042
85
1.82908
0.503017
0.00862135
0.871229
0.0867549
0.00755186
9
0.0108168
0.0224191
0.175078
17
2.95876
0.33437
0.000730547
0.823749
0.0667366
0.00948344
149
0.00665145
0.0335602
0.348795
35
2.83351
0.757749
0.00546074
0.985661
0.144702
0.00636083
76
0.00597227
0.0369766
0.00313102
17
1.66358
0.276454
0.00314231
0.991311
0.0424938
0.00549395
114
0.0133603
0.0159739
0.189797
6
2.72649
0.268028
0.00637232
0.950367
0.12688
0.00305435
61
0.00609362
0.0137696
0.183315
88
2.05841
0.681029
0.0095874
0.857499
0.111126
0.00955157
83
0.00832508
0.0599431
0.393247
15
1.32047
0.728157
0.00691115
0.883069
0.168689
0.00331833
115
0.00327641
0.0239433
0.488879
6
3.05029
0.601975
0.00107255
0.987315
0.0708898
0.00786935
86
0.0167301
0.0560871
0.37983
40
3.58795
0.0482096
0.00793435
0.825371
0.063115
0.00373419
144
0.0187916
0.0670494
0.0796622
91
2.8139
0.0962026
0.00634148
0.952496
0.0963139
0.00456621
86
0.0101465
0.0600448
0.170744
5
0.73618
0.40647
0.00579711
0.948582
0.0920738
0.00701279
76
0.00806795
0.0901492
0.4377
37
3.25699
0.449243
0.00819333
0.97242
0.0505562
0.00559045
12
0.0113378
0.0688883
0.366608
95
0.720394
0.629687
0.00788443
0.881526
0.0804311
0.00251903
69
0.0100507
0.046366
0.118113
13
0.911988
0.481825
0.00931798
0.974216
0.17389
0.00373875
15
0.0172287
0.0236603
0.178193
81
1.32763
0.666426
0.0066229
0.882072
0.0649328
0.00959622
112
0.00424692
0.0554109
0.386991
30
1.64249
0.204122
0.00414599
0.810762
0.154941
0.00680557
31
0.00871792
0.0862875
0.251269
55
0.523588
0.620794
0.00156425
0.842631
0.0707998
0.0082986
135
0.015765
0.0302148
0.0472133
30
1.59231
0.675794
0.00200464
0.932206
0.175573
0.00813172
66
0.0149211
0.0389656
0.0410533
19
2.29564
0.2111
0.0076175
0.879991
0.141801
0.00930197
102
0.00984034
0.0246878
0.0262492
82
3.48372
0.518225
0.00129412
0.821957
0.171551
0.00710894
23
0.011315
0.0404002
0.0646962
16
0.152733
0.156951
0.00500142
0.845435
0.173311
0.00975906
8
0.00989667
0.05052
0.378268
7
3.75348
0.0289724
0.00360507
0.866525
0.189176
0.00219155
124
0.00248287
0.0434202
0.496693
84
0.866009
0.604524
0.00624468
0.997636
0.0652387
0.00467968
42
0.00311175
0.0300896
0.303941
66
3.18532
0.36588
0.00973295
0.841221
0.132849
0.00982119
62
0.0166232
0.0404429
0.449708
60
2.21962
0.558436
0.00602484
0.959278
0.0258984
0.00440678
118
0.00640035
0.0472419
0.0658795
38
2.77458
0.0415753
0.00867031
0.993068
0.0466202
0.0073929
98
0.0119171
0.0842493
0.0769997
52
0.178709
0.30294
0.00837456
0.845219
0.16418
0.00333942
63
0.0019188
0.0970833
0.233379
76
1.07305
0.77887
0.0015322
0.925488
0.102313
0.00114008
65
0.0175457
0.0994549
0.485004
78
2.34748
0.669701
0.0072372
0.871956
0.159306
0.00523474
83
0.0114575
0.0332656
0.0311668
43
1.75438
0.468002
0.00217148
0.971618
0.0324179
0.00946399
100
0.018042
0.0202114
0.172044
6
1.27333
0.209542
0.00756342
0.95151
0.136228
0.00902679
21
0.00930575
0.0971215
0.207174
63
0.567868
0.394674
0.00595176
0.921155
0.0539448
0.00300466
135
0.0189824
0.0373427
0.310668
50
0.797797
0.709995
0.00495619
0.976168
0.128297
0.00899289
99
0.0056325
0.0807929
0.453002
72
3.44142
0.174867
0.00336722
0.939249
0.0850274
0.00564513
47
0.012187
0.0385229
0.0358425
70
1.41918
0.580184
0.000371912
0.914154
0.0673002
0.00637378
101
0.0127946
0.0411017
0.072722
46
2.86935
0.215676
0.00997052
0.93064
0.0607896
0.0025493
138
0.00860899
0.0810549
0.00966553
61
0.6226
0.732903
0.00303229
0.973311
0.161254
0.00524997
106
0.0172148
0.0766988
0.301927
73
2.14864
0.0373165
0.00513427
0.972313
0.196707
0.00764849
22
0.00196085
0.0454501
0.429436
76
1.98963
0.700465
0.0070834
0.920294
0.0992061
0.00808135
79
0.00563926
0.0221547
0.463798
8
0.580681
0.768925
0.00943771
0.97662
0.19122
0.0068951
101
0.01616
0.0460874
0.324926
65
1.05521
0.523287
0.00999582
0.800037
0.10038
0.00260521
130
0.0196065
0.083045
0.123328
85
0.397544
0.079093
0.00321663
0.806673
0.15518
0.00530645
129
0.0102627
0.0316365
0.406808
3
3.77704
0.442206
0.00776037
0.951889
0.0518175
0.00282797
136
0.00813468
0.0911846
0.0670621
9
0.440065
0.363947
0.00802333
0.983031
0.145559
0.00308758
55
0.0103698
0.0237645
0.181674
85
2.44156
0.695622
0.0003129
0.851897
0.131404
0.00687317
74
0.00779959
0.0344643
0.108475
93
1.29302
0.321157
0.00461459
0.802698
0.0824026
0.00229014
102
0.00903803
0.050007
0.0984174
77
2.17037
0.465006
0.00183649
0.944134
0.103752
0.00746203
63
0.0153903
0.0939048
0.35824
2
1.37413
0.529206
0.00293514
0.869121
0.16573
0.00532264
60
0.00181133
0.043035
0.238219
28
2.20235
0.0898119
0.00532007
0.943473
0.0602825
0.00810266
141
0.019759
0.0663556
0.450448
14
3.72267
0.565489
0.00851933
0.816966
0.0499405
0.00684967
137
0.00600812
0.096606
0.447922
27
0.915423
0.270831
0.00137318
0.859152
0.1392
0.00991772
143
0.00356553
0.0605734
0.365749
31
3.59499
0.26017
0.000123575
0.961472
0.18868
0.00789076
112
0.00449367
0.0928145
0.338627
97
3.49272
0.574533
0.00257076
0.871636
0.193313
0.00623565
8
0.0103179
0.0441568
0.444974
92
1.12056
0.730966
0.00814537
0.858553
0.166183
0.00498726
43
0.00301718
0.0183595
0.184762
78
2.84741
0.498338
0.00194016
0.833563
0.0300186
0.00773783
146
0.00731377
0.0378106
0.292867
61
1.85221
0.351495
0.00109135
0.993706
0.046974
0.00116633
83
0.0128742
0.0197791
0.389231
11
3.0745
0.736161
0.0069384
0.854477
0.0163657
0.00974595
111
0.0159383
0.0143651
0.190896
34
3.89453
0.672397
0.00701215
0.987919
0.0939991
0.00867321
24
0.0160801
0.0356862
0.44224
39
2.19376
0.336147
0.00698704
0.829999
0.10996
0.00563182
118
0.0106892
0.0666382
0.377189
93
0.447202
0.616402
0.00440056
0.893952
0.137362
0.00271815
49
0.00807628
0.0625526
0.297512
60
1.81274
0.113971
0.00763251
0.962864
0.143863
0.00820259
133
0.0142644
0.0761902
0.13943
69
2.70895
0.419131
0.00475362
0.881896
0.044548
0.00474648
21
0.0156605
0.0642958
0.497352
1
1.17816
0.0590442
0.00849071
0.978248
0.150616
0.00589854
19
0.0071965
0.0746714
0.0274995
12
1.8814
0.0246422
0.00298245
0.942085
0.0777572
0.00728984
37
0.0157884
0.058491
0.0545617
44
0.875884
0.463753
0.00643883
0.804699
0.0493026
0.0015358
104
0.00845189
0.0775648
0.405662
31
0.969638
0.662906
0.00663925
0.899724
0.0498689
0.00953699
104
0.0153327
0.0899657
0.458771
41
3.83679
0.368381
0.000410375
0.879539
0.0966969
0.00171224
22
0.0199644
0.0412558
0.0770488
15
3.00874
0.404377
0.0077278
0.9581
0.0266553
0.0033854
64
0.00470628
0.0200736
0.222198
83
3.08512
0.401302
0.0098559
0.802987
0.172526
0.00736519
142
0.00895169
0.0396052
0.0534924
95
0.430563
0.0497121
0.00805096
0.960042
0.149688
0.00560964
7
0.00669112
0.0213326
0.142318
18
3.4541
0.378775
0.00720471
0.937652
0.19734
0.007456
130
0.0170024
0.0130979
0.100083
4
3.31301
0.0801698
0.00231268
0.843026
0.0328962
0.0074152
123
0.00869578
0.0278562
0.427101
82
3.21528
0.462495
0.00938367
0.996104
0.0216501
0.00816011
102
0.0122398
0.0609843
0.438684
24
3.24375
0.66008
0.00088713
0.894514
0.02062
0.00254713
117
0.0060671
0.0675573
0.169621
90
3.65432
0.35613
0.00182293
0.948291
0.174481
0.00784576
145
0.0142566
0.017514
0.133529
68
1.78726
0.181667
0.00134354
0.807282
0.0364651
0.0052975
142
0.00532921
0.0685655
0.0804127
77
3.66729
0.219068
0.00179905
0.901333
0.0957695
0.00752958
73
0.0048082
0.0892777
0.177389
22
1.04136
0.651732
0.008735
0.898004
0.0853882
0.00552951
36
0.0100228
0.093761
0.381096
90
2.26783
0.719689
0.00195487
0.890688
0.157487
0.00284014
59
0.0147817
0.0118305
0.212879
85
2.01347
0.0815963
0.0034665
0.851261
0.109556
0.00577516
27
0.0101591
0.0583871
0.134816
53
1.73448
0.435708
0.00736884
0.803193
0.0895707
0.0093483
54
0.0112668
0.0907274
0.333534
96
2.30682
0.232313
0.0051782
0.909481
0.0386136
0.0076837
53
0.00680162
0.0229802
0.461639
13
1.66018
0.373761
0.00975128
0.964659
0.100031
0.00387186
137
0.0154076
0.0521609
0.0949071
51
1.28767
0.0397485
0.00795652
0.924415
0.0843164
0.00586675
127
0.0164435
0.0393053
0.283542
89
2.51005
0.762635
0.00350423
0.927407
0.0719017
0.00970669
26
0.0101051
0.0840461
0.0108915
75
3.44466
0.0563658
0.00148826
0.941493
0.0543476
0.00843979
134
0.0177104
0.0612319
0.168158
18
0.790312
0.409711
0.005115
0.920052
0.0270301
0.00426395
65
0.00360277
0.0312963
0.0523885
29
1.67265
0.704497
0.00243755
0.940286
0.188583
0.00240301
132
0.00648527
0.0247851
0.253316
87
3.3535
0.572717
0.00563833
0.932099
0.0748268
0.00725485
56
0.0141018
0.0282559
0.482136
32
0.818882
0.00555793
0.00965544
0.828116
0.14254
0.00682969
142
0.0151769
0.0445799
0.437
27
2.23006
0.536707
0.00287022
0.988363
0.02386
0.00517277
145
0.00939258
0.0719632
0.430868
9
0.243971
0.755023
0.00264542
0.89927
0.0419655
0.00310965
35
0.00887445
0.0459702
0.150481
75
2.13726
0.793982
0.00484289
0.889269
0.143344
0.0084928
27
0.0112226
0.0769815
0.434891
58
2.42912
0.0875059
0.00196878
0.968985
0.0610445
0.007903
21
0.004737
0.0491109
0.0609603
43
2.19265
0.280851
0.00425862
0.9901
0.0207706
0.00961126
87
0.0187253
0.0727333
0.117783
94
3.26447
0.486672
0.00249482
0.87481
0.181946
0.00645212
145
0.00511321
0.0564591
0.0493639
66
3.17621
0.478
0.000759027
0.877965
0.199366
0.00751255
40
0.00712554
0.0255827
0.0898859
60
2.0506
0.456458
0.00498461
0.880066
0.0902238
0.00719828
122
0.0186778
0.0828427
0.199955
80
2.35903
0.692114
0.00665905
0.978719
0.186751
0.00676854
41
0.0148978
0.0802839
0.448612
51
0.213524
0.679926
0.00554525
0.814917
0.033428
0.00511221
7
0.0105017
0.0490009
0.309913
56
2.92752
0.545459
0.00324282
0.817317
0.026322
0.00304441
96
0.00213366
0.0419265
0.225568
56
1.86369
0.307657
0.000393096
0.811707
0.184556
0.00444755
37
0.00559471
0.0578242
0.39843
18
0.895084
0.641869
0.000992502
0.873568
0.0241436
0.00907798
9
0.013536
0.0427896
0.244609
39
0.49665
0.796231
0.00141554
0.983113
0.0148179
0.00320842
52
0.0127093
0.0694534
0.0205851
9
0.94909
0.739633
0.00671784
0.965318
0.047837
0.00860003
119
0.00676216
0.0908926
0.141423
67
1.4406
0.791181
0.00369739
0.965972
0.0659604
0.00221979
67
0.00827986
0.0427201
0.257485
79
2.8866
0.397867
0.00238286
0.838736
0.0280758
0.00979176
146
0.00851613
0.0408158
0.477288
20
0.74792
0.7593
0.00467511
0.876388
0.0935941
0.0019122
149
0.00551028
0.0812124
0.0073193
4
0.415929
0.655418
0.00948502
0.873828
0.199761
0.00922564
89
0.0022148
0.0320332
0.494987
69
3.95784
0.328809
0.00397286
0.850578
0.178658
0.00771597
63
0.00101642
0.0123316
0.214881
15
1.76186
0.280073
0.00557229
0.821435
0.141206
0.00866469
49
0.00802081
0.0272015
0.0838013
65
2.83822
0.324593
0.00172809
0.816573
0.0989019
0.00861954
101
0.0173268
0.0374119
0.342409
66
2.40683
0.194825
0.00639002
0.949088
0.0226214
0.00290996
73
0.0176677
0.0397515
0.0444559
3
2.25895
0.437572
0.00540307
0.982016
0.0698506
0.00915695
59
0.0167762
0.0608724
0.371704
87
2.97404
0.348489
0.00522735
0.864388
0.027755
0.00486698
80
0.0141181
0.0963628
0.483561
56
1.09334
0.326549
0.00151111
0.884181
0.10061
0.0053984
91
0.00864951
0.0864258
0.219045
49
1.7696
0.339496
1.78904e-05
0.929387
0.153379
0.00173447
142
0.0013771
0.0214718
0.112149
76
1.30975
0.531833
0.00752071
0.851508
0.146198
0.00568859
101
0.007115
0.0736598
0.193439
58
1.53456
0.119659
0.00228641
0.836834
0.0907481
0.00495697
75
0.00905826
0.0927181
0.33096
38
0.82936
0.667726
0.00670156
0.838037
0.0486033
0.00209074
56
0.0062551
0.0567115
0.390128
80
3.26882
0.323109
0.00236669
0.909404
0.0527593
0.0087981
94
0.0133028
0.0259353
0.470827
54
2.50054
0.220455
0.00271577
0.954973
0.154764
0.00655113
71
0.00208438
0.0671725
0.0439024
59
0.488239
0.015694
0.00256685
0.910296
0.0625615
0.00723809
149
0.0118434
0.0227857
0.40247
57
0.218517
0.149074
0.00911096
0.941117
0.168228
0.00138648
128
0.01784
0.0622304
0.0185549
81
3.61515
0.359493
0.00453054
0.92845
0.0350732
0.00465577
66
0.00371028
0.0798628
0.0259378
72
1.37538
0.235652
0.00870622
0.903314
0.118444
0.00691484
91
0.0107426
0.0424431
0.403251
52
1.16253
0.560978
0.00188545
0.82246
0.152041
0.0042324
124
0.0126468
0.0817026
0.273428
17
0.204989
0.590145
0.00712787
0.94738
0.0755441
0.00827465
117
0.0172784
0.0232868
0.129101
99
1.02597
0.0105681
0.00057962
0.852307
0.0620807
0.00118829
67
0.00965246
0.0121022
0.454868
99
0.33267
0.150986
0.00493101
0.939366
0.0231143
0.0071441
141
0.00320588
0.063845
0.229899
69
3.86827
0.483357
0.00957259
0.820606
0.0761587
0.00963428
67
0.00518496
0.0955728
0.288434
23
2.0407
0.248963
0.00445467
0.913309
0.123784
0.00377552
112
0.00962338
0.0330621
0.204104
58
2.50665
0.264092
0.00605254
0.997408
0.127182
0.00199561
33
0.0132033
0.0833247
0.459354
47
1.79703
0.342426
0.00543744
0.876904
0.14996
0.00134509
88
0.0149757
0.0435339
0.376036
31
2.89814
0.015323
0.00282813
0.855713
0.0545753
0.00201585
28
0.0151365
0.0134179
0.148791
68
0.389319
0.479927
0.00173464
0.966723
0.117623
0.00662179
34
0.00654414
0.0342062
0.409076
35
1.93734
0.262327
0.00606631
0.80184
0.0491111
0.0061718
38
0.0163869
0.0488153
0.473067
48
1.89954
0.792423
0.00416994
0.80363
0.0737718
0.00181873
112
0.0036804
0.0662954
0.208326
34
0.545038
0.446817
0.0045973
0.980181
0.140803
0.00899155
57
0.0159821
0.032984
0.404081
27
2.80296
0.712202
0.00162768
0.985097
0.0784856
0.00550723
57
0.00734974
0.0112007
0.468585
83
1.86932
0.145467
0.00135533
0.842564
0.146951
0.00351666
123
0.0138684
0.0557614
0.263325
98
2.45111
0.472677
0.00686836
0.828569
0.0882693
0.00136235
130
0.0169336
0.0371196
0.144034
13
0.358996
0.265508
0.00923229
0.90896
0.0125493
0.00988101
48
0.018825
0.0233238
0.325078
52
1.35977
0.460628
0.0034734
0.880938
0.0381894
0.00344911
143
0.0118265
0.0572433
0.284957
72
1.43485
0.641344
0.00886849
0.9787
0.0657903
0.00121148
33
0.0140718
0.0360711
0.290563
44
3.22368
0.227426
0.00490609
0.825481
0.0835043
0.00522854
47
0.0134832
0.0935971
0.311054
73
0.282738
0.524885
0.00548251
0.872642
0.190253
0.00211127
90
0.00787311
0.0253842
0.0998492
6
3.60672
0.298866
0.00950683
0.814139
0.0290245
0.00502576
39
0.00935141
0.0707032
0.206012
25
3.12862
0.171972
0.00879079
0.806976
0.013254
0.00151012
78
0.0114198
0.0698272
0.339355
96
2.66804
0.506853
0.00746958
0.989549
0.0913404
0.00949668
110
0.0148626
0.0325663
0.489002
25
3.41504
0.59448
0.0065055
0.918666
0.114539
0.00620873
133
0.00588591
0.0859743
0.412172
65
2.48637
0.121054
0.00627989
0.974381
0.169745
0.00329443
115
0.0169098
0.0546463
0.314596
22
0.348978
0.753196
0.00953069
0.949719
0.0156537
0.00247877
126
0.0190873
0.0367662
0.279797
53
3.34615
0.441754
0.00306024
0.818785
0.16665
0.00913507
132
0.00567764
0.0358504
0.0876972
86
2.60374
0.714157
0.0055212
0.921863
0.0702937
0.00887463
95
0.00790857
0.074558
0.235045
26
3.30348
0.352772
0.00371414
0.886052
0.143453
0.00693695
137
0.0160163
0.0997076
0.0901122
39
0.258817
0.169761
0.0089961
0.878588
0.0690922
0.00185511
79
0.0182592
0.0581817
0.239642
23
2.12253
0.499915
0.00960215
0.885436
0.0981859
0.00128937
19
0.019578
0.0375528
0.328589
50
2.28704
0.639859
0.00381149
0.813314
0.121843
0.00394183
107
0.00231915
0.085389
0.291818
41
0.30813
0.420352
0.00355225
0.859639
0.153837
0.00658306
61
0.00892892
0.0982442
0.155995
8
1.63164
0.317728
0.000676912
0.823167
0.0252573
0.00639346
149
0.0198808
0.0786674
0.106983
37
0.195016
0.354278
0.00759594
0.831271
0.18952
0.00365689
40
0.0144599
0.0814643
0.116082
49
1.07841
0.190982
0.00458401
0.960995
0.195669
0.00359141
140
0.00505197
0.0303724
0.227139
16
1.47563
0.428194
0.00731154
0.869988
0.0912413
0.00264482
56
0.0137404
0.0637576
0.158488
40
0.842664
0.407021
0.00925442
0.956285
0.0601219
0.00927243
47
0.0100042
0.0825597
0.131011
25
2.67438
0.625783
0.0051928
0.812084
0.150403
0.00481436
109
0.00765819
0.040213
0.269588
92
2.02994
0.600918
0.00683194
0.919154
0.0801057
0.00666621
65
0.0126038
0.0932297
0.262449
24
2.80386
0.453133
0.00570595
0.934207
0.187192
0.00582603
38
0.00728552
0.0880665
0.261884
5
0.274817
0.622427
0.0056935
0.892607
0.120512
0.00759145
53
0.0143551
0.0179181
0.102187
54
2.48898
0.738906
0.00767673
0.902939
0.0644055
0.0045986
51
0.00286361
0.0439002
0.0486625
62
3.91666
0.376872
0.00749825
0.922686
0.0883135
0.00258088
96
0.00314203
0.0314519
0.202285
72
1.23881
0.0846214
0.00686035
0.870823
0.180454
0.00872391
6
0.00881093
0.0890857
0.362119
35
3.28749
0.443889
0.00486712
0.877535
0.187649
0.0088607
20
0.0170551
0.0732193
0.185109
21
1.56194
0.361617
0.00426852
0.953587
0.0396044
0.00453144
129
0.0177951
0.0205925
0.36045
24
1.30397
0.259529
0.00505715
0.944737
0.0197042
0.00627827
10
0.0041106
0.0508126
0.0390636
83
0.15946
0.749852
0.00946488
0.99209
0.175932
0.00204094
125
0.0117909
0.0470523
0.467977
83
3.36448
0.331544
0.00781502
0.969894
0.0739469
0.00324611
68
0.0119539
0.0846173
0.0159066
60
3.06427
0.574876
0.00653006
0.860639
0.0172191
0.00505589
19
0.00756892
0.0517518
0.304354
71
0.32329
0.16738
0.00904182
0.917154
0.126491
0.00670781
18
0.0126799
0.0414663
0.478575
69
2.59373
0.698404
0.0067606
0.912649
0.0871566
0.00355932
36
0.00725263
0.057624
0.203934
57
3.99014
0.256213
0.00260077
0.869325
0.0817617
0.00195963
118
0.0120375
0.0953416
0.296124
63
1.40799
0.00702347
0.00591192
0.954238
0.0309179
0.00103082
92
0.00240099
0.02428
0.0817747
91
3.34346
0.583893
0.00384033
0.891822
0.117223
0.0048806
87
0.00743886
0.0660539
0.138722
32
3.66973
0.708673
0.000343782
0.913598
0.116049
0.00631748
97
0.00637406
0.0632759
0.369235
74
3.30973
0.288972
0.00610733
0.917875
0.124522
0.00748437
76
0.00280765
0.0789712
0.0926591
79
2.09497
0.509263
0.00485054
0.930226
0.167265
0.00966418
116
0.0177237
0.0916954
0.217191
33
0.559642
0.734727
0.00982075
0.919665
0.0139668
0.00838903
85
0.0179602
0.063338
0.480996
63
3.3794
0.614548
0.00525475
0.867712
0.130654
0.00241119
49
0.0197903
0.0894312
0.278523
13
0.456822
0.266641
0.00986718
0.885657
0.177091
0.00874133
40
0.0173476
0.0543831
0.308823
47
3.56244
0.592673
0.00802099
0.805488
0.198417
0.00903323
11
0.0122844
0.0980115
0.294143
30
2.64861
0.697126
0.00352972
0.947244
0.0590028
0.00595894
20
0.00925703
0.03838
0.27545
20
1.05903
0.0214002
0.0036155
0.861683
0.138722
0.00325261
74
0.00332153
0.0150411
0.462994
35
3.9632
0.375582
0.0058807
0.9461
0.0680309
0.00936007
95
0.00706378
0.0813393
0.0191702
58
1.26014
0.193019
0.0053442
0.892296
0.0234013
0.00519106
105
0.0115078
0.0794318
0.293012
50
0.538471
0.0266096
8.40255e-05
0.809558
0.0153117
0.00997449
58
0.0116975
0.0443532
0.321914
49
2.57729
0.677786
0.0046907
0.875972
0.0192593
0.00165212
91
0.0181803
0.0224862
0.213355
28
1.24545
0.505065
0.00622522
0.886413
0.0351735
0.00369545
143
0.0189094
0.0871935
0.346998
94
0.514976
0.191769
0.000352112
0.858412
0.173008
0.00698949
43
0.00655084
0.0911411
0.059415
76
3.50449
0.776485
0.00659825
0.887984
0.129252
0.0095843
124
0.0161092
0.05603
0.313733
16
2.28368
0.756805
0.00329205
0.910134
0.167411
0.00484374
48
0.0138864
0.0345477
0.417182
44
1.32897
0.410734
0.000188826
0.895432
0.0893782
0.00780192
20
0.0058231
0.0241446
0.128929
22
3.43594
0.399462
0.00365034
0.885057
0.155951
0.00263085
48
0.0151284
0.0951462
0.166899
31
0.231857
0.649836
0.00454872
0.957638
0.0367435
0.00115011
135
0.00884011
0.0501675
0.295129
15
2.95167
0.32818
0.00894688
0.905328
0.0727862
0.00191932
144
0.00547731
0.0180601
0.476498
74
0.608826
0.412929
0.0038652
0.945334
0.144951
0.00352686
31
0.0131825
0.0866492
0.456434
89
3.92409
0.253933
0.00534509
0.865805
0.198938
0.00287572
115
0.00476855
0.059566
0.499278
95
1.39234
0.459135
0.00159857
0.998284
0.125312
0.00791654
15
0.00201388
0.0250491
0.097414
36
1.28046
0.474998
0.00410279
0.853729
0.134367
0.00109772
89
0.0154491
0.07317
0.0854715
7
3.09357
0.293799
0.00326357
0.844169
0.145885
0.00556775
25
0.0105778
0.0260952
0.104039
10
2.15506
0.176251
0.0043363
0.925829
0.0375435
0.00940877
85
0.00422778
0.0650774
0.0503835
80
3.56985
0.393948
0.0034412
0.940853
0.177427
0.00600519
44
0.00284905
0.0535572
0.274424
64
2.11471
0.434168
0.00706223
0.85313
0.0433815
0.00293219
73
0.00460837
0.0574631
0.388578
45
3.95112
0.466775
0.00890698
0.982667
0.0106781
0.00425387
11
0.0130122
0.0476224
0.341295
73
2.98882
0.585371
0.00577282
0.844399
0.195179
0.00667995
46
0.0129333
0.0924765
0.17607
10
0.57773
0.395975
0.00327762
0.839528
0.0974313
0.00158462
32
0.00613326
0.0681579
0.25879
62
1.91259
0.10341
0.00386826
0.911356
0.0506901
0.00103904
108
0.00155774
0.0188974
0.354206
54
3.15053
0.128039
0.00601017
0.975728
0.0554198
0.00140743
7
0.0053618
0.0264213
0.420413
14
3.80948
0.0116835
0.00640688
0.857091
0.179465
0.00436349
6
0.0150595
0.0784919
0.495617
32
1.58008
0.513045
0.00144515
0.927221
0.166105
0.00905169
42
0.0071699
0.0275958
0.394879
53
1.46236
0.0760103
0.00593603
0.87882
0.0274157
0.00543496
92
0.00190354
0.0540979
0.075178
79
3.42573
0.00264308
0.00185681
0.832019
0.177756
0.00217553
24
0.0170945
0.0352557
0.145008
23
3.41086
0.240915
0.00139652
0.827136
0.15737
0.00968735
18
0.0061891
0.0309966
0.153088
47
2.10471
0.745925
0.00657314
0.863037
0.0879
0.00977476
23
0.0152803
0.0722607
0.452565
33
3.39893
0.710948
0.00430131
0.9299
0.0245916
0.00489185
121
0.0104429
0.0390431
0.0134026
87
3.7407
0.184142
0.0067756
0.990349
0.105868
0.00270018
120
0.00450293
0.0444259
0.0636644
71
2.06998
0.11233
0.00274437
0.817683
0.128049
0.00223967
106
0.00958763
0.0700107
0.250118
88
1.4482
0.100801
0.00614295
0.827582
0.115984
0.00652218
136
0.0132693
0.0723565
0.147116
42
3.02668
0.402873
0.00269371
0.995619
0.180129
0.00915183
114
0.00542213
0.0526828
0.00155472
19
2.68686
0.0260028
0.00566411
0.944922
0.0839638
0.00145221
108
0.00944927
0.062632
0.164358
67
3.47145
0.586711
0.000662401
0.990741
0.0473198
0.00619221
113
0.0184197
0.0740853
0.370621
34
0.71149
0.346783
0.00479739
0.91759
0.0524233
0.00888806
85
0.0176439
0.0512507
0.0783912
46
0.810114
0.68551
0.00882666
0.866976
0.0188086
0.00920637
114
0.00431781
0.0607048
0.136955
61
1.38304
0.592119
0.00719751
0.979226
0.0641183
0.00314761
113
0.0141625
0.0704398
0.152076
19
2.88903
0.608101
0.00541719
0.855902
0.192194
0.0031853
30
0.00255151
0.0729027
0.31551
50
3.1381
0.774674
0.000720532
0.895014
0.10129
0.0016084
109
0.00404282
0.05512
0.240879
82
2.54922
0.2582
0.000952177
0.932864
0.0324465
0.00613238
8
0.0165381
0.0980712
0.0734959
28
0.921661
0.163761
0.00252399
0.812469
0.191452
0.00408002
134
0.00364792
0.025235
0.317789
32
2.85517
0.230765
0.00292346
0.91256
0.0780377
0.00854141
148
0.00414625
0.099629
0.416948
89
3.29667
0.0996777
0.00828707
0.826376
0.16241
0.00259807
84
0.00913475
0.0298072
0.232941
96
0.888377
0.186373
0.0016407
0.846935
0.0733836
0.00727802
107
0.019114
0.0532252
0.380538
33
2.90564
0.77108
0.00363851
0.968381
0.0688912
0.0080488
52
0.00123525
0.0207525
0.35519
21
0.929126
0.646811
0.00970971
0.983503
0.0317783
0.00361568
89
0.0059121
0.0949871
0.0400617
65
2.9407
0.308556
0.00488564
0.898731
0.137707
0.00675277
66
0.0150941
0.0823414
0.265112
29
0.61349
0.0984363
0.00574379
0.954759
0.169415
0.00535881
58
0.0124096
0.0542355
0.428919
89
3.68245
0.429399
0.0027646
0.872116
0.0403873
0.00274033
148
0.00114236
0.0171649
0.256884
50
3.53145
0.535126
0.00225678
0.904467
0.0446084
0.00418642
9
0.012389
0.0922046
0.299909
40
1.81663
0.369768
0.000495667
0.810361
0.193647
0.00146858
46
0.0108484
0.0336241
0.0701257
91
2.94963
0.717357
0.00241748
0.996415
0.190095
0.00538836
54
0.014632
0.0759294
0.0860939
3
3.37029
0.766326
0.0076576
0.83289
0.113972
0.0062548
125
0.0159097
0.0737772
0.298707
47
2.3801
0.787126
0.00404654
0.835812
0.0826115
0.00911692
10
0.0181
0.0934783
0.418729
57
2.63234
0.539344
0.000930291
0.906183
0.120159
0.0018346
128
0.007826
0.0654247
0.451025
35
1.22712
0.508918
0.00278686
0.931156
0.186637
0.00835052
11
0.0014774
0.0903836
0.260384
44
3.93945
0.783683
0.00966295
0.958976
0.127595
0.00883523
123
0.0129847
0.0568247
0.0167574
23
0.707829
0.497339
0.00841293
0.935008
0.0812627
0.00819707
116
0.0162701
0.0146241
0.410947
12
0.67758
0.320029
0.00745585
0.951119
0.0389413
0.00442426
44
0.00120198
0.092312
0.188581
73
3.71896
0.414706
0.00377056
0.822857
0.104709
0.00569842
97
0.0165459
0.089907
0.0233141
66
2.92056
0.392164
0.00813241
0.903714
0.0183445
0.00108356
28
0.0134086
0.0873625
0.046809
94
3.8405
0.417564
0.00807423
0.802128
0.161178
0.00686401
105
0.0182326
0.0322479
0.387699
59
1.40203
0.177174
0.0091309
0.820757
0.115527
0.00101187
22
0.019208
0.0109306
0.40105
36
1.70466
0.47718
0.00562159
0.936123
0.133449
0.00528086
15
0.00352991
0.0479511
0.351567
38
3.38737
0.311705
0.00994492
0.840634
0.18261
0.00708704
130
0.00685024
0.0640516
0.469048
95
3.73591
0.0134993
0.00290675
0.891108
0.0355895
0.00609915
44
0.00166334
0.0964177
0.397487
87
1.18418
0.300419
0.00422458
0.963333
0.0464303
0.00460657
25
0.0181376
0.0257265
0.19437
71
3.98418
0.110356
0.000192085
0.957205
0.170057
0.00832406
99
0.0191556
0.0658832
0.421857
99
2.79297
0.743592
0.00399195
0.850158
0.0202408
0.00629644
107
0.00386447
0.0551939
0.195985
67
2.43854
0.161215
0.000108091
0.846426
0.156502
0.00869026
144
0.0116027
0.0709645
0.156603
93
2.74085
0.273247
0.00103618
0.974897
0.188188
0.00125501
71
0.0161669
0.0172066
0.343487
94
0.591566
0.291959
0.00472408
0.824216
0.158778
0.00328148
147
0.00552759
0.0467235
0.113611
82
3.10405
0.495941
0.00648228
0.949629
0.162121
0.00572262
92
0.00442822
0.0273171
0.423843
45
3.57752
0.115993
0.00865787
0.933563
0.106601
0.00245111
94
0.0069909
0.0318553
0.157472
59
3.02919
0.13062
0.00202272
0.956778
0.181084
0.00207597
35
0.0143101
0.0714076
0.35684
49
2.24614
0.725292
0.00378922
0.84812
0.0371141
0.0015003
45
0.00523003
0.029747
0.000181858
28
0.2513
0.721658
0.000898114
0.829162
0.0596784
0.00987365
126
0.0049235
0.0107127
0.179861
97
2.40184
0.687249
0.00786556
0.81848
0.0294489
0.0091766
93
0.00691555
0.0494212
0.0617731
88
1.09786
0.741733
0.000147451
0.824676
0.0765169
0.0037165
113
0.00264891
0.0276562
0.422554
42
3.79243
0.20175
0.00114317
0.938311
0.194271
0.00512477
17
0.0197058
0.0312013
0.490813
52
2.31242
0.432312
0.00859657
0.888985
0.105299
0.00573965
32
0.0090986
0.0483025
0.363851
57
1.21094
0.665137
0.00954711
0.906546
0.170373
0.00237047
29
0.00403712
0.0139642
0.182321
54
1.54003
0.246876
0.00940441
0.937056
0.116755
0.00236609
50
0.00276002
0.0185843
0.18024
58
0.751684
0.471806
0.00585962
0.880629
0.155627
0.00431063
93
0.00816885
0.0918721
0.0060984
77
1.49756
0.0190313
0.00403599
0.921442
0.125894
0.00416456
122
0.0174152
0.0455244
0.210035
56
1.03252
0.707266
0.00714992
0.900491
0.0921324
0.00893642
60
0.0155387
0.099179
0.419526
67
1.47462
0.745518
0.00554344
0.916784
0.113527
0.00657737
105
0.00349236
0.0839
0.276517
98
0.420813
0.643677
0.00835253
0.806337
0.119101
0.00732256
27
0.0179276
0.0782553
0.415031
41
3.78415
0.722388
0.00423897
0.829031
0.0870906
0.00604194
77
0.00823246
0.0363803
0.345005
46
2.97308
0.00831841
0.00892323
0.841943
0.0530138
0.00167614
127
0.00953458
0.077802
0.228837
62
2.75976
0.541104
0.00909524
0.907269
0.124005
0.00188097
58
0.00160511
0.0701574
0.115416
2
2.87671
0.596889
0.00769544
0.945766
0.0439529
0.00877139
43
0.00842172
0.0465891
0.45567
36
2.33739
0.243928
0.00157417
0.800833
0.142866
0.00342574
102
0.0108894
0.0380388
0.357974
70
3.10475
0.424352
0.00264841
0.916538
0.183428
0.00500252
78
0.00117873
0.0499205
0.245089
10
2.12849
0.238565
6.41754e-05
0.958757
0.031556
0.00797774
39
0.014677
0.026219
0.218007
55
0.312328
0.516871
0.00167808
0.809402
0.190781
0.00482772
121
0.0145276
0.0620334
0.192627
98
2.65324
0.0701836
0.00791951
0.964309
0.159757
0.00497725
31
0.018303
0.0874941
0.443948
7
3.03677
0.494339
0.00728526
0.816159
0.0930365
0.00454831
120
0.00761315
0.0327094
0.3001
78
0.478192
0.284613
0.00508015
0.833273
0.0302118
0.002792
82
0.0199216
0.0667673
0.230093
97
1.65161
0.732258
0.00755353
0.833844
0.118127
0.00706581
139
0.00153179
0.0690861
0.384858
24
3.12549
0.799765
0.00992442
0.862489
0.0580794
0.00162157
30
0.0033947
0.0877316
0.318351
72
3.76788
0.229204
0.00654725
0.801342
0.0457406
0.00938639
87
0.00772999
0.0696777
0.335756
21
0.450047
0.541738
0.000701496
0.813811
0.112436
0.00972113
69
0.0039272
0.0831645
0.307871
80
0.17433
0.157856
0.00211572
0.896286
0.133923
0.00226603
109
0.00271771
0.0168136
0.33463
5
0.368866
0.0606574
0.00622018
0.811239
0.066494
0.00855323
50
0.0199464
0.0518584
0.161829
8
0.981819
0.782251
0.00902908
0.908432
0.0168303
0.00385129
48
0.00377637
0.0870252
0.0625818
38
0.346319
0.380133
0.00616806
0.926428
0.0831547
0.00297116
55
0.00507384
0.0194884
0.435567
26
0.237626
0.0913721
0.00927041
0.847407
0.160267
0.00845528
91
0.00661339
0.0762896
0.49119
38
3.71051
0.212866
0.00619077
0.920637
0.0412163
0.0064801
136
0.0166583
0.0587782
0.247073
60
1.83686
0.521061
0.000834878
0.830933
0.0346494
0.00142703
23
0.00171159
0.011653
0.37253
75
3.32272
0.198871
0.00817766
0.897365
0.0993259
0.00521191
82
0.0117302
0.0919514
0.484025
3
1.13743
0.645973
0.00340978
0.947928
0.0399693
0.00799043
84
0.0110555
0.0906321
0.24828
19
2.45691
0.450816
0.00166572
0.912032
0.0437522
0.00593302
104
0.00986924
0.0217255
0.00294197
86
0.140598
0.203262
0.00771802
0.84005
0.0337389
0.00275773
68
0.013959
0.0514394
0.242208
63
2.99988
0.581541
0.00921395
0.889732
0.136692
0.00404625
131
0.0120773
0.0338815
0.267578
57
1.96302
0.656386
0.00316332
0.867471
0.0792999
0.00805845
139
0.00516409
0.0545788
0.286193
25
1.9073
0.605832
0.00278797
0.832427
0.148521
0.00157599
139
0.0155708
0.0480619
0.349349
5
1.5278
0.118078
0.00478415
0.893738
0.138266
0.0022438
24
0.00527269
0.028022
0.408851
9
1.60325
0.222239
0.00206118
0.805138
0.158116
0.00391772
13
0.0193029
0.0190031
0.0210246
98
1.95443
0.767882
0.00125134
0.818122
0.0970509
0.00943102
87
0.0018427
0.0988539
0.0141336
32
2.61662
0.68985
0.00450341
0.864613
0.0184073
0.00298764
41
0.0102011
0.0781374
0.143322
100
3.85338
0.760437
0.00213883
0.863849
0.0675022
0.00463663
52
0.00853945
0.0289456
0.382397
4
2.07222
0.237112
0.000861944
0.969457
0.120682
0.00699467
129
0.00437346
0.0985618
0.135683
29
1.67926
0.297791
0.00976765
0.890136
0.0306576
0.0095315
98
0.00751079
0.0712538
0.39243
56
2.78388
0.142226
0.00190006
0.892851
0.0565882
0.00469206
16
0.00575163
0.0549104
0.361199
94
3.5091
0.217848
0.00735673
0.989211
0.10972
0.00602561
123
0.00574993
0.0519854
0.0041384
30
3.3297
0.624097
0.00132345
0.925306
0.161982
0.00895109
82
0.00227501
0.0836219
0.0221088
48
1.61565
0.309834
0.00915883
0.932938
0.19181
0.00756722
81
0.00453743
0.014234
0.0564301
53
2.23928
0.130019
0.00645738
0.984286
0.184137
0.00882257
80
0.0135573
0.0220227
0.287841
48
0.382754
0.223547
0.00698146
0.914371
0.147229
0.00476777
110
0.0183378
0.0157658
0.464977
66
2.74859
0.0519403
0.00375278
0.849938
0.185078
0.00389643
35
0.00130988
0.0806103
0.306391
10
1.94635
0.316873
0.00863269
0.834929
0.121432
0.00131424
78
0.00538447
0.0765939
0.209205
15
0.286826
0.502032
0.00372928
0.979653
0.196456
0.00213537
26
0.00383918
0.0462477
0.0953553
68
0.469579
0.135672
0.00248607
0.906749
0.152537
0.00606642
32
0.00996624
0.0646598
0.36877
92
3.69094
0.287443
0.00254009
0.815136
0.075745
0.00321934
97
0.00499801
0.0848165
0.154788
33
1.14371
0.784187
0.00845708
0.942977
0.179539
0.0079599
7
0.0158366
0.0153349
0.0965735
79
1.04761
0.0859528
0.00944909
0.904017
0.108004
0.00515729
38
0.0110277
0.0796925
0.0829098
3
0.191954
0.27215
0.00464727
0.875025
0.176358
0.00398546
147
0.0175144
0.0850983
0.426007
14
3.88589
0.564855
0.00679897
0.904781
0.0174087
0.00890323
6
0.00400012
0.0878838
0.445431
17
3.24192
0.240266
0.00968132
0.882468
0.152907
0.00673975
28
0.0164739
0.020926
0.0249041
77
3.07268
0.702266
0.0063138
0.837433
0.0583215
0.00163218
122
0.0164174
0.0603185
0.237674
92
1.88534
0.426648
0.00884169
0.837186
0.159667
0.00290454
128
0.0014371
0.0161529
0.433338
7
1.58468
0.421512
0.00901764
0.887942
0.130156
0.00923581
35
0.0125253
0.0686938
0.332402
100
3.77454
0.17318
0.00688805
0.819128
0.0798965
0.00413343
132
0.0190294
0.0883665
0.0171587
75
1.69331
0.527278
0.000466559
0.83634
0.0961427
0.00242344
44
0.0147044
0.0102509
0.191153
71
3.46026
0.382194
0.000782262
0.959673
0.101911
0.00193858
50
0.00977346
0.0115204
0.093694
40
1.45761
0.750463
0.000789493
0.924098
0.107191
0.0041274
29
0.00328621
0.0417807
0.15146
16
2.36736
0.304746
0.00473335
0.902317
0.104423
0.004929
85
0.0133419
0.0647925
0.165359
29
1.42718
0.146978
0.00702469
0.830568
0.0219324
0.00176172
133
0.00176808
0.0287628
0.302574
90
0.626545
0.141351
0.00800049
0.97681
0.123029
0.00143502
147
0.0192695
0.0597722
0.460311
88
0.701041
0.10758
0.00839244
0.987748
0.0428149
0.0018941
77
0.0158654
0.0867599
0.336532
34
2.82318
0.337509
0.00446621
0.896431
0.14786
0.00384301
14
0.0115556
0.0800789
0.323639
1
3.20833
0.252241
0.0033491
0.980333
0.194997
0.0081787
55
0.0125842
0.0914855
0.00544285
78
2.03386
0.105031
0.00240384
0.942768
0.151694
0.00216167
79
0.0138051
0.0193251
0.110701
15
2.62058
0.627391
0.00616167
0.86538
0.129964
0.00547626
12
0.0109631
0.0945759
0.220989
14
2.56158
0.126727
0.00776503
0.915205
0.132646
0.00924663
150
0.00949766
0.0650858
0.249407
21
2.09151
0.570994
0.00234616
0.998748
0.0343122
0.00367333
103
0.00317855
0.0308698
0.033923
69
1.35839
0.530452
0.00366874
0.977564
0.172157
0.0045168
100
0.01422
0.0284019
0.125515
6
1.71653
0.551545
0.00978445
0.888613
0.0248341
0.00812767
83
0.0048714
0.0165446
0.18631
44
2.52123
0.0680119
0.00015165
0.955526
0.165018
0.00794701
109
0.0171206
0.056434
0.28164
22
2.27635
0.51132
0.00223071
0.846996
0.0550263
0.00364499
51
0.00214165
0.0974946
0.0363659
90
2.71175
0.159829
0.0050868
0.901801
0.0899614
0.0023424
81
0.0174348
0.0796009
0.119365
63
0.665411
0.747464
0.00778267
0.971043
0.164393
0.00450937
127
0.00749405
0.0103703
0.101543
68
1.98005
0.440127
0.00302137
0.886837
0.194542
0.0067914
72
0.0186601
0.0195473
0.103805
2
0.483592
0.576449
0.00549936
0.856731
0.163215
0.00432887
116
0.0121586
0.0182176
0.259722
88
2.41513
0.350956
0.00897779
0.996825
0.115106
0.00965486
13
0.00797473
0.0473642
0.0128407
91
2.02018
0.290263
0.00725334
0.9775
0.110766
0.00359336
111
0.0157256
0.0134788
0.0842671
54
1.0166
0.0829979
0.00610275
0.863647
0.0483591
0.00770859
51
0.0129228
0.0617789
0.277824
43
1.99341
0.363262
0.00097547
0.962589
0.12502
0.00179974
14
0.008569
0.0804252
0.364733
38
1.72383
0.0227157
0.00334603
0.994392
0.0516455
0.00127834
26
0.00244801
0.0948145
0.375557
73
0.821598
0.599154
0.00918317
0.878234
0.0558482
0.00542779
81
0.0176003
0.0420605
0.196797
86
1.00753
0.455188
0.000300894
0.800592
0.133529
0.0026808
82
0.0115818
0.0448585
0.27022
81
1.61449
0.632427
0.00393143
0.994885
0.0713322
0.00316686
33
0.00498776
0.0969074
0.109374
76
2.32833
0.358306
0.00738715
0.980874
0.135983
0.0041092
137
0.0139396
0.0270931
0.174652
42
2.39196
0.682797
0.00827403
0.900777
0.0742651
0.00584788
66
0.0134543
0.0705481
0.396996
81
1.55703
0.214901
0.00209534
0.849135
0.0619701
0.00285788
100
0.00307667
0.0636206
0.316683
68
2.7211
0.447564
0.00064745
0.984782
0.0980494
0.00399094
105
0.0121023
0.0821782
0.374191
99
3.90118
0.780746
0.00917238
0.884525
0.135671
0.00575233
99
0.0103963
0.0365477
0.0381618
45
3.5372
0.614895
0.00400942
0.927999
0.0288941
0.00212996
59
0.0105515
0.0187955
0.254884
85
0.899572
0.389069
0.00352609
0.923027
0.195854
0.00295755
71
0.00901245
0.0680898
0.383801
26
2.21551
0.0657633
0.00121937
0.84497
0.106464
0.00834283
33
0.0194768
0.0957354
0.344028
41
1.50866
0.0941116
0.00308586
0.891345
0.104165
0.00609112
31
0.0188728
0.0524019
0.391028
4
1.7405
0.789338
0.00599972
0.952168
0.186159
0.00232575
64
0.00738711
0.0590282
0.111888
13
3.23163
0.181227
0.00124659
0.997814
0.0406384
0.0078322
42
0.0169668
0.0748224
0.446979
67
3.51577
0.133333
0.000255718
0.911012
0.0145279
0.00938953
97
0.00585172
0.05948
0.127493
24
0.55616
0.608395
0.00116678
0.896723
0.0938317
0.0043784
98
0.0155144
0.0457181
0.414191
37
0.834848
0.16456
0.00680751
0.862136
0.0770237
0.00401941
17
0.00161648
0.0138311
0.14985
96
3.28192
0.425796
0.0031075
0.970347
0.137295
0.00472432
5
0.00943221
0.0628537
0.329475
97
2.47037
0.543695
0.000622737
0.815849
0.160722
0.00852119
103
0.015299
0.0305587
0.407116
19
2.76923
0.102545
0.00296519
0.991668
0.134838
0.00545625
37
0.0195213
0.0407696
0.457875
42
2.16622
0.208308
0.000436544
0.98885
0.192701
0.00204591
147
0.00632968
0.0483407
0.466365
99
0.936065
0.723586
0.00694581
0.809135
0.193034
0.00758437
106
0.0185956
0.0350366
0.289983
33
0.378084
0.547491
0.00581077
0.970209
0.0213779
0.00553921
146
0.010629
0.0107251
0.107039
97
3.05513
0.703461
0.00146216
0.872895
0.14439
0.00730162
12
0.0196216
0.0990643
0.266369
64
0.977397
0.491824
0.00852513
0.908201
0.0721523
0.00708098
17
0.0109263
0.0656306
0.475653
44
2.86383
0.548848
0.00907311
0.928965
0.154347
0.00504724
22
0.0144194
0.0511245
0.280232
8
0.68705
0.0690264
0.00358417
0.937792
0.0634462
0.00841029
20
0.00673298
0.055707
0.241253
99
0.409488
0.0721497
0.00823272
0.973896
0.171144
0.00230435
25
0.00489483
0.0693514
0.0682757
17
2.91441
0.77401
0.00989036
0.859791
0.16889
0.00421145
148
0.0037373
0.0791472
0.350828
70
2.59612
0.554484
0.00437611
0.973125
0.0847305
0.00663418
6
0.00971483
0.0896918
0.319117
74
2.07941
0.788107
0.00810665
0.995189
0.18311
0.00863254
69
0.00338921
0.0959851
0.305998
67
1.48701
0.166974
0.00937209
0.964911
0.105415
0.007172
110
0.00464147
0.0774326
0.105426
62
3.9378
0.562317
0.00868494
0.943796
0.0449609
0.00390573
51
0.0131098
0.0616543
0.439851
5
3.20033
0.345569
0.00215901
0.935969
0.138988
0.00309754
69
0.00261597
0.0942287
0.0665069
93
3.19132
0.0927746
0.00880688
0.911658
0.0378655
0.00508668
126
0.0179073
0.0474788
0.479111
12
1.69026
0.371231
0.00285084
0.835208
0.110678
0.00599398
72
0.0127787
0.0291024
0.425433
14
3.63711
0.386093
0.0053684
0.813096
0.198652
0.00877858
88
0.00293448
0.0684703
0.312554
55
3.80268
0.550592
0.00706593
0.887447
0.181739
0.00416907
63
0.0155959
0.0716025
0.32705
82
3.69511
0.486871
0.00782688
0.807842
0.0682883
0.00803177
90
0.00696587
0.0887358
0.353763
12
1.49953
0.5684
0.0017585
0.93871
0.176691
0.00491847
17
0.00103883
0.0416128
0.0291494
26
1.22041
0.372488
0.00203566
0.966944
0.198066
0.00626315
42
0.00701727
0.0156201
0.121225
25
2.37853
0.771768
0.00711402
0.939951
0.0926492
0.00722221
26
0.0124582
0.0772813
0.37303
58
3.11284
0.0327771
3.03944e-05
0.849728
0.174892
0.00535265
131
0.0196747
0.0570385
0.271665
60
0.952497
0.0542701
0.0023004
0.936878
0.103474
0.00781373
34
0.0136773
0.0125505
0.272841
33
0.783686
0.0452496
0.0050111
0.98121
0.0569891
0.00713235
79
0.016754
0.043712
0.0373962
16
0.294735
0.144678
0.00127237
0.82165
0.128617
0.0013295
120
0.0116751
0.0113526
0.49264
95
3.99634
0.648973
0.00406931
0.835992
0.149361
0.00654345
138
0.0178296
0.0100391
0.385604
52
3.82295
0.312772
0.00673481
0.838262
0.022436
0.00336786
95
0.0136323
0.0394471
0.326768
46
3.16261
0.631053
0.00282124
0.841515
0.123503
0.0061536
45
0.0149948
0.0354988
0.0713374
82
1.16855
0.66146
0.00728033
0.856458
0.170851
0.00123519
121
0.0156844
0.0946544
0.205937
92
0.33913
0.470476
0.00267661
0.898643
0.111846
0.00106358
54
0.00235122
0.045073
0.122607
46
1.80488
0.039066
0.00462739
0.876663
0.158227
0.00281353
141
0.0102777
0.0494073
0.25231
39
1.84396
0.179242
0.00054497
0.931573
0.0111818
0.00170025
55
0.0193879
0.0655205
0.198298
18
0.639434
0.10872
0.000484744
0.971179
0.184027
0.00981569
62
0.0075744
0.0293872
0.282065
9
3.55469
0.154006
0.00809032
0.861152
0.180729
0.00826918
74
0.0138269
0.0717492
0.215642
5
3.15471
0.340966
0.00529706
0.868351
0.0692971
0.00592356
135
0.0111677
0.0755821
0.481023
73
2.00388
0.0734926
0.00117331
0.915853
0.117043
0.00506856
116
0.0193975
0.0536985
0.0696687
11
0.166734
0.597201
0.00785704
0.870194
0.162863
0.00697154
84
0.0184663
0.0422669
0.0113065
65
2.53497
0.0430228
0.00418656
0.986912
0.107494
0.0039643
46
0.00977875
0.0324069
0.472679
36
1.15409
0.184863
0.00245211
0.934808
0.148995
0.00121779
62
0.0140028
0.0672462
0.337021
30
3.47574
0.155941
0.00576283
0.965812
0.0788174
0.00640271
72
0.00417177
0.0524977
0.28595
11
0.999885
0.67446
0.00192215
0.854035
0.109175
0.00743342
68
0.0104675
0.0176472
0.347711
64
3.39736
0.578595
0.00981357
0.992392
0.0943857
0.0058083
111
0.0113859
0.0539077
0.413344
27
0.767872
0.658196
0.00832971
0.805932
0.14202
0.00944759
58
0.00631232
0.0163109
0.471361
55
2.25073
0.0307275
0.00962918
0.808527
0.0536804
0.00669057
60
0.00299095
0.0858329
0.0587921
20
0.861969
0.138341
0.00589228
0.804223
0.111789
0.00762103
70
0.0123375
0.098386
0.223616
47
2.69404
0.617854
0.000242291
0.831786
0.173649
0.00660706
139
0.0060215
0.0619879
0.0309811
21
0.764648
0.559377
0.00741244
0.95063
0.0577487
0.00198636
140
0.0191893
0.0245607
0.197269
93
3.64706
0.332314
0.00857374
0.826149
0.119054
0.00597735
140
0.00876391
0.0739897
0.48746
64
3.84654
0.797415
0.000273036
0.834534
0.12952
0.00446851
36
0.0112126
0.0589523
0.120669
78
0.960619
0.611716
0.00105941
0.8549
0.131754
0.00354695
14
0.00467379
0.0267516
0.465886
41
1.62653
0.433023
0.00991634
0.98658
0.102972
0.00557726
80
0.0128204
0.0974195
0.132644
36
2.66271
0.233371
0.00743309
0.907652
0.0285461
0.00567185
119
0.0189381
0.048697
0.234662
70
2.32049
0.251072
0.00846776
0.840213
0.0119987
0.00858919
68
0.0068798
0.0202711
0.35943
78
0.85509
0.0457805
0.000602047
0.953893
0.126155
0.00990777
46
0.00257138
0.0788346
0.0455038
2
1.13523
0.764543
0.00320557
0.923745
0.108385
0.00155136
107
0.0187684
0.0757064
0.224341
48
3.01405
0.454718
0.00667143
0.852717
0.0160397
0.00267248
29
0.00204414
0.0643774
0.236316
81
2.69845
0.382957
0.00629456
0.810179
0.0100218
0.00434211
30
0.00623159
0.0614538
0.352263
18
1.20362
0.139456
0.00928122
0.829567
0.114495
0.00733924
115
0.00772254
0.0592767
0.264262
79
1.86115
0.519101
0.00178596
0.975491
0.132217
0.00407007
117
0.00173483
0.0295689
0.226601
48
3.86965
0.133741
0.00119331
0.93411
0.0109712
0.00847567
104
0.0168367
0.0347686
0.486231
10
3.97267
0.0358136
0.00316685
0.899909
0.0947863
0.00334043
88
0.0171792
0.0503991
0.216464
84
1.23178
0.296439
0.00889889
0.897888
0.0510449
0.00588266
146
0.00268517
0.0724927
0.243759
83
3.87878
0.636691
0.00522361
0.926827
0.0613913
0.00929172
40
0.0174588
0.0399714
0.137799
74
0.731828
0.275626
0.00412418
0.985946
0.077609
0.00932182
64
0.00297112
0.0943768
0.140173
35
3.62632
0.315466
0.00391049
0.961882
0.119548
0.00633743
41
0.0136941
0.0496076
0.424105
12
2.56861
0.484831
0.00635403
