0.789716
0.0186853
0.196752
82
0.00317067
0.026518
0.0729064
90
1.51125
0.594554
0.00629462
0.766153
0.0472277
0.146786
97
0.00726499
0.044937
0.36638
77
3.50056
0.784105
0.00111821
0.976039
0.0228987
0.306108
62
0.00164546
0.0587657
0.486597
16
3.18243
0.333552
0.00219642
0.806846
0.0767669
0.454569
75
0.0073546
0.0369283
0.104213
27
3.31224
0.633791
0.000531951
0.889967
0.0843999
0.463868
82
0.00722882
0.0362633
0.326476
20
0.699503
0.519586
0.00104134
0.746856
0.0335271
0.182866
7
0.00123317
0.0607131
0.331245
15
2.74118
0.629081
0.00639958
0.839188
0.0871769
0.318405
56
0.0027276
0.079886
0.360531
86
2.17221
0.557962
0.00740604
0.896136
0.0863252
0.146575
14
0.00068231
0.0972826
0.156648
29
1.85781
0.450065
0.000280986
0.855672
0.087264
0.400316
50
0.00781834
0.0804037
0.472022
13
0.567472
0.243524
0.00919232
0.901017
0.0139474
0.11485
75
0.00441789
0.0434572
0.0585263
72
1.1627
0.246613
0.00334401
0.861605
0.0197436
0.105431
27
0.00447337
0.0875988
0.108752
13
1.9293
0.671758
0.00826418
0.704603
0.0666064
0.181717
53
0.000123935
0.0271024
0.260399
15
2.36471
0.315085
0.00908206
0.807442
0.0838448
0.430567
19
0.00641729
0.0156014
0.309596
56
1.32357
0.285099
0.00572108
0.946967
0.020765
0.466699
89
0.00429828
0.0178635
0.27311
2
0.638362
0.79349
0.00466975
0.700974
0.0856971
0.237101
27
0.0036633
0.0855987
0.122864
90
0.583112
0.239208
0.00250272
0.785172
0.0745422
0.119767
92
0.00184668
0.0949801
0.31716
3
2.4146
0.235797
0.00351967
0.729006
0.0531676
0.0885207
14
0.00237857
0.0504248
0.0604125
59
3.48306
0.405593
0.00166175
0.937103
0.0591117
0.288223
33
0.00370199
0.0239582
0.400321
41
0.721674
0.237386
0.00352767
0.840078
0.073385
0.0799857
90
0.00919239
0.074433
0.105091
51
0.852321
0.764056
0.00337363
0.94789
0.0572006
0.199154
82
0.0041216
0.037831
0.221348
31
2.13051
0.638707
0.00158945
0.706483
0.0959686
0.357428
29
0.00286817
0.0180961
0.119922
2
3.54157
0.681529
0.00965291
0.886842
0.0598837
0.325028
79
0.00897152
0.0791301
0.00110648
38
1.82595
0.0391924
0.00875968
0.942453
0.0547802
0.396086
62
0.00910537
0.0193852
0.483748
63
3.29296
0.437631
0.00606078
0.959112
0.0214105
0.173665
91
0.00817197
0.052485
0.302168
72
0.36782
0.469271
0.000167267
0.749991
0.021085
0.446798
52
0.00313379
0.0324333
0.193425
77
2.86366
0.140433
0.00416446
0.993116
0.0540412
0.492628
10
0.00821591
0.0943021
0.445843
59
2.69103
0.0091505
0.00792819
0.743592
0.0384057
0.4153
46
0.00416707
0.0556074
0.335136
42
2.42324
0.416296
0.00217701
0.801399
0.0148096
0.473687
3
0.00345573
0.042227
0.484044
11
2.76672
0.218634
0.00888655
0.753566
0.0199047
0.027016
31
0.00767009
0.0939027
0.111313
68
1.47779
0.146479
0.00191402
0.992276
0.0687839
0.33922
44
0.00362676
0.0757674
0.202401
69
3.62984
0.157462
0.00385292
0.970546
0.0851702
0.202371
99
0.00647829
0.0813959
0.487583
76
1.2227
0.20891
0.00329976
0.839434
0.0285628
0.132343
15
0.00127534
0.0250959
0.18174
58
2.77847
0.707855
0.00787848
0.773818
0.0192381
0.476403
41
0.00109476
0.024278
0.0778736
47
3.1637
0.0466473
0.00489786
0.9488
0.0969787
0.488248
64
0.00791398
0.0426303
0.475565
90
0.475451
0.522634
0.00538297
0.938807
0.0911116
0.0921347
85
0.00808039
0.0129219
0.278376
83
2.14713
0.552461
0.00833406
0.951485
0.0890007
0.442077
25
0.00778148
0.0488382
0.382787
65
3.66257
0.631287
0.00583269
0.990177
0.034614
0.190996
69
0.00889328
0.0899091
0.0162943
11
2.89711
0.366714
0.00200904
0.789578
0.0792437
0.387514
43
0.00130068
0.0319914
0.148466
69
0.43552
0.328017
0.00593316
0.854667
0.076331
0.110227
37
0.000610941
0.0464033
0.0610819
90
1.65531
0.304971
0.0059657
0.856275
0.0229852
0.100164
22
0.00686443
0.0714916
0.291304
21
3.24638
0.584552
0.00129846
0.973973
0.0815978
0.487936
20
0.00524614
0.0620816
0.196329
44
1.35573
0.548802
0.00891967
0.726515
0.0840624
0.201375
59
0.00304977
0.0354296
0.155687
100
3.26902
0.188235
0.00439619
0.760693
0.0747847
0.263326
69
0.000368654
0.0859824
0.0670447
32
1.72197
0.131896
0.00966676
0.7945
0.0119815
0.42281
35
0.00191876
0.0657112
0.0339851
94
2.3993
0.797847
0.000651403
0.952147
0.0919863
0.172615
49
0.00680809
0.0408052
0.399337
20
3.65653
0.186176
0.0085565
0.816446
0.061418
0.471246
6
0.00740989
0.072526
0.172388
23
2.04793
0.339705
0.00262796
0.867857
0.042874
0.0688391
28
0.00331079
0.0611405
0.303953
12
0.915625
0.26942
0.000520884
0.718227
0.0482089
0.242094
59
0.00865444
0.0762734
0.441316
73
3.17743
0.54526
0.00981131
0.760255
0.0233694
0.272542
28
0.00153584
0.0829716
0.0809899
57
2.49145
0.537302
0.0056824
0.989982
0.0995673
0.128658
19
0.00262434
0.0374163
0.386902
3
0.356331
0.238589
0.00175914
0.922612
0.0896241
0.410217
42
0.000108528
0.0993002
0.181203
98
1.42585
0.396737
0.00196311
0.705756
0.0201648
0.141625
51
0.00382042
0.0873004
0.176067
79
2.07023
0.428287
0.000688034
0.88498
0.0620346
0.414713
88
0.00170962
0.0991058
0.436121
87
2.92071
0.0165093
0.00959663
0.870062
0.0473927
0.314343
96
0.000434558
0.0130666
0.167208
6
0.782517
0.775921
0.00722996
0.864722
0.0275908
0.285115
43
0.00212755
0.0429718
0.438612
53
0.290114
0.121916
0.00932397
0.918585
0.068512
0.365897
8
0.000631907
0.035895
0.149537
65
0.196718
0.345882
0.00411982
0.866204
0.0845655
0.309122
100
0.0095313
0.0990766
0.118362
25
3.01478
0.617261
0.00532644
0.891579
0.0502027
0.207403
80
0.00548804
0.081604
0.285297
87
0.668173
0.474989
0.00203123
0.734994
0.0906798
0.341167
87
0.00683282
0.0172177
0.136919
70
0.272383
0.511306
0.00313648
0.730628
0.0894055
0.230994
35
0.00736756
0.093356
0.197867
82
0.660624
0.712502
0.00663969
0.886274
0.0142854
0.498838
10
0.00827842
0.0590413
0.446709
58
3.74391
0.578784
0.00512762
0.972111
0.0769645
0.0647383
86
0.00358252
0.044867
0.128691
48
1.54091
0.664023
0.00570261
0.752274
0.0171772
0.327292
43
0.000767512
0.0236464
0.339977
43
0.54674
0.628944
0.00465937
0.937818
0.0252302
0.475772
60
0.00104479
0.0673289
0.489434
96
2.96017
0.66756
0.00912506
0.926465
0.0743932
0.490525
52
0.00167041
0.0701599
0.107331
40
1.63018
0.0269614
0.00139459
0.957965
0.0935314
0.381718
29
0.0061508
0.0560053
0.132967
28
1.19735
0.399822
0.00118579
0.893389
0.0933438
0.421606
76
0.00659329
0.097797
0.379456
63
2.65123
0.0951231
0.00525754
0.733164
0.091441
0.20275
23
0.00927501
0.061071
0.371727
42
3.96569
0.697081
0.00266042
0.763206
0.0740827
0.276589
62
0.00661371
0.0708059
0.239443
85
1.23216
0.652475
0.00802388
0.759589
0.0715072
0.489165
17
0.00494884
0.0479791
0.0180897
54
3.80609
0.741695
0.00151285
0.786461
0.0161156
0.260719
13
0.00636891
0.0346747
0.177593
3
3.25374
0.496249
0.00319596
0.998329
0.057146
0.266516
72
0.00218584
0.0173851
0.385371
33
2.09736
0.416996
0.0070155
0.763921
0.0567567
0.210696
65
0.00697336
0.0651861
0.0804069
54
3.12283
0.172736
0.000872143
0.821082
0.0737108
0.467395
92
0.00121084
0.0201702
0.203489
76
1.1362
0.556785
0.00292402
0.807889
0.02636
0.195627
96
0.000578539
0.0806962
0.363831
27
3.90411
0.418122
0.00228371
0.70161
0.0494271
0.331553
17
0.00401306
0.086737
0.413436
65
2.80863
0.283563
0.0035804
0.905867
0.0377792
0.0363283
83
0.00713437
0.0735114
0.321615
88
2.61764
0.127524
0.00458627
0.939953
0.0496477
0.21805
29
0.00534184
0.0447292
0.183613
30
1.03488
0.602113
0.00887324
0.949522
0.0776141
0.0351866
63
0.00281044
0.0647933
0.359679
39
0.490451
0.724597
0.00342828
0.935759
0.0426078
0.0601932
99
0.00760516
0.0578771
0.353424
48
1.21939
0.560525
0.00901414
0.931654
0.0235147
0.293185
37
0.00682494
0.0624213
0.498717
10
1.95411
0.752585
0.00106219
0.87891
0.0679619
0.012992
92
0.00480998
0.0645098
0.482369
37
0.424742
0.350898
0.00437393
0.845801
0.0440985
0.315613
54
0.00186921
0.0460671
0.470077
29
2.67087
0.215862
0.00469666
0.826142
0.0190579
0.215132
26
0.00072743
0.0619413
0.0552155
61
0.960561
0.0796733
0.00921023
0.710034
0.0943032
0.257488
88
0.00596621
0.0688876
0.0466825
86
3.13243
0.330836
0.00183432
0.969942
0.0516639
0.117575
16
0.0028282
0.0680291
0.0759747
68
0.934721
0.253469
4.80436e-05
0.737299
0.0605486
0.0908279
56
0.00196348
0.0771698
0.113153
2
2.19162
0.47921
0.00376485
0.884661
0.0801869
0.493268
88
0.00556919
0.0683145
0.231657
98
2.21782
0.162405
0.00581635
0.73186
0.0800176
0.258656
64
0.00125903
0.0511795
0.213794
56
0.737071
0.612732
0.00498104
0.754978
0.0522046
0.357182
44
0.000179749
0.0419072
0.187955
83
2.32619
0.214757
0.00561668
0.794154
0.070417
0.244189
28
0.00315954
0.0245307
0.362918
81
2.29273
0.742801
0.00272397
0.70854
0.0805446
0.0890203
78
0.005301
0.0871184
0.166232
99
3.97663
0.407096
0.00864664
0.975214
0.0312642
0.360022
7
0.00937219
0.0646242
0.251599
35
3.20296
0.745623
0.000958373
0.810324
0.0724064
0.491426
56
0.00932756
0.0240444
0.215409
17
1.31147
0.582725
0.000760132
0.953922
0.0842107
0.237908
41
0.00406219
0.0567632
0.158638
95
2.99654
0.287844
0.000630192
0.908539
0.0808733
0.352421
67
0.00967576
0.0372192
0.292886
60
1.01217
0.379472
0.00993005
0.719438
0.0665024
0.380604
71
0.00577762
0.0970591
0.280178
6
1.84258
0.144692
0.00766891
0.723434
0.0783896
0.166833
100
0.00894502
0.055148
0.450228
60
1.75474
0.669673
0.00346293
0.834259
0.0729268
0.479952
75
0.00901067
0.0739248
0.175192
18
0.999974
0.286576
0.00309567
0.795776
0.0243234
0.175461
36
0.00264544
0.0698505
0.439492
29
2.37951
0.7231
0.00586142
0.874223
0.0520533
0.158704
23
0.00424048
0.0789845
0.358291
97
1.59218
0.0916774
0.00363024
0.876723
0.0705797
0.0851121
95
0.00566256
0.0854157
0.276874
44
3.40914
0.645308
0.00481623
0.796655
0.075004
0.358426
90
0.00333466
0.0819693
0.333581
45
3.70186
0.3674
0.00312351
0.894773
0.0837178
0.289565
70
0.00935387
0.0468985
0.00234626
55
3.86609
0.0473661
0.00689589
0.703251
0.0462392
0.229779
13
0.00526063
0.0844198
0.397985
22
3.81703
0.421146
0.00619432
0.856679
0.0778713
0.0466659
87
0.00484037
0.0640028
0.209295
19
3.61635
0.648925
0.0039259
0.873973
0.0371545
0.136723
20
0.00378586
0.0348777
0.288391
22
2.75945
0.19255
0.00882417
0.863765
0.0597595
0.178533
71
0.00207311
0.0599679
0.23422
89
2.53218
0.430289
0.00907157
0.803387
0.0266126
0.209689
98
0.00832883
0.0836293
0.309053
69
3.89217
0.466916
0.0029039
0.828791
0.0111171
0.151487
17
0.00491194
0.0733138
0.160281
21
3.98196
0.751078
0.00275335
0.806217
0.014464
0.319973
22
0.000859545
0.0912357
0.0639857
41
2.97873
0.210905
0.00815537
0.975066
0.0551878
0.409438
40
0.00538461
0.0489026
0.109474
44
1.99597
0.425394
0.00258696
0.950779
0.0578252
0.0336798
30
0.000272192
0.0406352
0.147442
63
2.96743
0.335165
0.00535602
0.896453
0.0952145
0.039861
28
0.00834747
0.0413202
0.462392
53
1.75093
0.294418
0.00325649
0.815218
0.0460301
0.00852472
48
0.00300166
0.0295217
0.253026
85
2.17886
0.523763
0.00962014
0.959716
0.0527123
0.253293
12
0.00410674
0.0816634
0.231331
5
0.189581
0.00860517
0.00554038
0.752749
0.050583
0.00692323
89
0.00194346
0.0202867
0.035995
9
1.89116
0.104809
0.00231881
0.817323
0.0787751
0.153624
84
0.00321174
0.0627251
0.279059
95
3.46995
0.231651
0.00384587
0.723027
0.0165713
0.249739
84
0.00763841
0.0523841
0.00408497
49
0.271066
0.542845
0.00110352
0.980114
0.0322533
0.342181
57
0.000348242
0.0364609
0.49901
60
2.10091
0.0252933
0.00852639
0.819689
0.035008
0.403188
33
0.00823233
0.0777064
0.0685757
80
0.224071
0.302186
0.00743342
0.739493
0.0759251
0.394198
93
0.00883285
0.0862943
0.240356
4
1.91086
0.492178
0.00259723
0.990979
0.0828078
0.497841
37
0.00956776
0.0930646
0.19005
59
2.08899
0.481377
0.00729648
0.799783
0.0397057
0.275417
44
0.000659502
0.0454352
0.144522
95
1.21091
0.254936
0.00727663
0.944561
0.03097
0.385635
53
0.00825352
0.0540406
0.0223554
42
2.3428
0.295357
0.00642057
0.719837
0.0683967
0.256402
58
0.00115529
0.053275
0.251205
54
1.18658
0.611052
0.0022582
0.941549
0.0898339
0.140409
11
0.0073938
0.0553141
0.328683
13
0.454221
0.174843
0.00108775
0.769295
0.0296493
0.0694865
20
0.00436047
0.0516066
0.151895
63
0.446724
0.354445
0.00428704
0.818156
0.0487681
0.321791
58
0.000745845
0.0280264
0.208045
91
2.01557
0.491178
0.00678832
0.722508
0.0649056
0.494215
66
0.00651282
0.0982097
0.401904
46
1.47365
0.587768
0.00829928
0.994418
0.0295853
0.348395
41
0.00147147
0.0906776
0.467712
71
0.890113
0.15905
0.00790222
0.925759
0.0712266
0.377917
61
0.000905007
0.029394
0.448348
88
0.649712
0.324544
0.0083069
0.898117
0.0381073
0.270699
61
0.00980018
0.0847467
0.0418976
67
3.78744
0.447565
0.00035518
0.744579
0.0290181
0.218748
32
0.00611225
0.074199
0.314573
10
1.49969
0.138458
0.000825583
0.829277
0.0565523
0.184822
33
0.00468906
0.025502
0.00514716
46
2.54164
0.0220634
0.00544502
0.853531
0.0139625
0.388772
49
0.00542929
0.0706542
0.468459
7
3.62665
0.68594
0.00736768
0.767729
0.030239
0.194652
92
0.00859355
0.0411503
0.411707
54
0.985231
0.34175
0.0033076
0.932791
0.0642674
0.0848101
79
0.00620346
0.0828781
0.495077
47
1.41578
0.233526
0.00440762
0.945999
0.0832138
0.00432245
95
0.00584275
0.013993
0.223391
26
2.27804
0.0892912
0.00652805
0.782198
0.0117269
0.291978
90
0.00703385
0.09158
0.23599
97
3.89003
0.615915
0.00405304
0.991336
0.0307092
0.254807
4
0.00868069
0.0583803
0.0338438
27
1.20351
0.768178
0.00499474
0.983586
0.0623179
0.288745
8
0.00208567
0.0910176
0.215775
76
1.3459
0.379828
0.00485905
0.911345
0.0835844
0.109712
10
0.00991233
0.0210304
0.419425
27
2.04255
0.271318
5.45942e-05
0.947062
0.078518
0.236326
22
0.00668769
0.0683734
0.216764
34
1.1257
0.0451839
0.00789817
0.702573
0.0580699
0.326333
73
0.00982134
0.0121596
0.184196
25
1.23788
0.489493
0.000997287
0.955413
0.097848
0.241009
58
0.000647745
0.0145364
0.0258424
9
0.176663
0.591169
0.00171631
0.911983
0.0988377
0.364769
94
0.00829963
0.0518457
0.324533
59
1.57304
0.653114
0.00381395
0.784513
0.0764774
0.0380566
64
0.000457256
0.0288133
0.430262
33
2.84854
0.691462
0.00879121
0.789075
0.0787129
0.27546
7
0.00290209
0.033635
0.345204
98
2.64299
0.00592559
0.00233168
0.729693
0.0388374
0.48613
80
0.00617193
0.0716649
0.0747462
82
3.82573
0.120479
0.00323232
0.966471
0.0773848
0.0874554
94
0.0059305
0.0893326
0.038729
66
0.943607
0.733819
0.00745496
0.834832
0.0819508
0.188678
6
0.00959181
0.0398862
0.228174
80
3.45806
0.241969
0.00321439
0.892729
0.0259981
0.106835
30
0.00514262
0.0594125
0.13426
1
1.07604
0.108995
0.00101716
0.714056
0.0618786
0.113788
21
0.00183635
0.0186573
0.492392
97
2.0687
0.441294
0.00282189
0.859822
0.0891817
0.330104
69
0.00745402
0.0143054
0.248815
75
3.5651
0.786793
0.00769355
0.844078
0.0227691
0.0552258
98
0.00132063
0.0795492
0.0324946
37
3.06861
0.247439
0.00711803
0.913727
0.0304249
0.0565393
66
0.00702297
0.0402829
0.264877
21
2.14893
0.0754569
0.00763661
0.808656
0.0373705
0.343721
59
0.00507673
0.0737029
0.437082
37
3.79362
0.197404
0.0051761
0.809129
0.0853608
0.423804
32
0.00521034
0.0967962
0.207378
27
2.38959
0.153327
0.000434547
0.95282
0.0483949
0.047484
95
0.00754606
0.0376457
0.0629651
47
0.995007
0.536211
0.00471674
0.744132
0.0481233
0.0597515
25
0.00863762
0.0724462
0.346867
55
0.519825
0.291042
0.00365194
0.702317
0.0113341
0.285749
11
0.00733811
0.0885817
0.180422
45
0.627071
0.454132
0.00682901
0.885826
0.0833152
0.431293
59
0.00293065
0.0168598
0.294336
32
1.14751
0.642509
0.00996346
0.748018
0.0525706
0.46843
14
0.0084798
0.0103692
0.405419
92
3.91225
0.107398
0.00451615
0.79079
0.0272953
0.157303
10
0.00220158
0.0649622
0.34886
17
3.27608
0.700785
0.00586909
0.932209
0.0437064
0.478626
19
0.0050357
0.0863851
0.0836134
15
3.03448
0.637289
0.00579289
0.757653
0.071687
0.368035
12
0.000933348
0.092347
0.37743
62
3.56949
0.409434
0.0021428
0.775459
0.0880042
0.42043
42
0.00913364
0.0171999
0.269277
12
0.457831
0.281901
0.00644805
0.871701
0.0337444
0.216879
45
0.00817971
0.0224046
0.466435
3
3.23605
0.649812
0.00180929
0.767528
0.0341272
0.0631133
76
0.00162061
0.0351428
0.456633
90
0.898587
0.525299
0.000972137
0.882319
0.025305
0.0199034
99
0.00644184
0.0290635
0.101168
61
3.17042
0.0394748
0.00132651
0.866598
0.0875759
0.0222467
39
0.0010606
0.0359816
0.0713964
20
3.42132
0.625483
0.00938599
0.710401
0.0813198
0.00564442
47
0.00838731
0.0835096
0.017918
28
2.12155
0.165756
0.00756417
0.998758
0.0136128
0.295222
39
0.00641457
0.0728951
0.287254
76
1.40603
0.687556
0.000240113
0.820502
0.0246297
0.0510002
37
0.0039845
0.0636368
0.24704
2
2.74458
0.728234
0.00746392
0.837952
0.0434732
0.304859
18
0.00257367
0.0850127
0.140603
71
0.330572
0.387218
0.00173644
0.958918
0.0940887
0.383723
27
0.00688815
0.0254074
0.331583
7
3.1148
0.497695
0.00374572
0.935593
0.0674003
0.0185811
97
0.000815602
0.0781534
0.0595651
74
0.378886
0.595646
0.00243069
0.82509
0.0803112
0.203902
55
0.00753198
0.038153
0.496619
73
1.81826
0.292266
0.00914691
0.791966
0.0177187
0.180093
79
0.00802447
0.089694
0.192326
77
1.8997
0.347321
0.00612996
0.927482
0.0695018
0.0504194
78
0.00541504
0.0135828
0.46204
58
2.88082
0.763104
0.00239671
0.988043
0.0351193
0.127101
50
0.00384011
0.0613787
0.432292
14
1.67283
0.745842
0.00680899
0.7561
0.0584176
0.168715
98
0.00254081
0.0922344
0.263585
59
3.8728
0.799973
0.00635196
0.831192
0.0514537
0.130467
54
0.00730231
0.0345211
0.095967
49
3.43809
0.276568
0.00893838
0.721414
0.0825597
0.375866
54
0.0061376
0.0463482
0.428131
40
0.2308
0.0235559
0.00860762
0.750803
0.0489281
0.38019
70
0.00230088
0.0491794
0.351635
99
3.48155
0.248825
0.00426987
0.748843
0.0492092
0.298265
6
0.00370783
0.0546032
0.318735
15
2.60464
0.658953
0.00631873
0.874632
0.0358931
0.0522129
86
0.00966299
0.0164475
0.0895672
61
1.26585
0.439835
0.0064778
0.88814
0.0115059
0.238984
21
0.00711236
0.030772
0.296285
42
0.311058
0.0875
0.00209153
0.894235
0.0920972
0.170882
31
0.00951541
0.0521273
0.364433
35
3.55784
0.0866498
0.00519593
0.833536
0.0409045
0.297068
82
0.00743969
0.0149675
0.0432718
75
2.20857
0.69856
0.00287229
0.912629
0.0412907
0.404418
91
0.00308584
0.05692
0.131215
14
3.39017
0.531071
0.00119901
0.904086
0.0150369
0.345375
62
0.00709595
0.0220054
0.117183
40
0.727163
0.459995
0.00360782
0.916309
0.0726622
0.144564
45
0.00176209
0.096471
0.193914
78
2.55441
0.118426
0.00189735
0.85305
0.0352741
0.0328621
38
0.00457567
0.0749577
0.381843
56
3.32101
0.761494
0.00781799
0.9381
0.0244805
0.225825
76
0.000252751
0.0658072
0.0996706
18
1.97155
0.374165
0.00116593
0.758133
0.0105473
0.134213
31
0.0089176
0.0841966
0.47397
9
1.68756
0.410131
0.00410333
0.85373
0.0820151
0.0792421
36
0.0054743
0.0258294
0.0141306
31
2.94192
0.0529868
0.00677209
0.712943
0.0217376
0.458126
84
0.00678869
0.0946277
0.340937
73
0.417402
0.392388
0.001938
0.730093
0.0507101
0.265887
84
0.00727576
0.0579898
0.444572
72
3.33845
0.311805
0.00776517
0.784139
0.0967609
0.404089
74
0.00885577
0.0607807
0.0521105
73
3.44715
0.640325
0.00156577
0.961169
0.049955
0.138186
83
0.00155389
0.0623673
0.0940619
31
2.91833
0.0152197
0.00554702
0.981854
0.0938178
0.406701
87
0.00395945
0.0513175
0.449382
36
2.82855
0.124624
0.00253649
0.717082
0.025675
0.371871
13
0.000998325
0.0996822
0.260645
44
1.01871
0.228493
0.00669251
0.804123
0.0999187
0.327685
41
0.00626162
0.0914081
0.319719
32
1.28146
0.057396
0.00477531
0.996714
0.0648958
0.170232
89
0.00338301
0.0720594
0.0204654
4
0.644771
0.540597
0.00495627
0.700469
0.0373059
0.0700655
75
0.00284771
0.031908
0.317394
6
0.573417
0.623244
0.00695957
0.925206
0.0945101
0.224667
25
0.00928752
0.0310902
0.114086
8
2.06167
0.360287
0.0050068
0.9396
0.0882917
0.428183
86
0.00986894
0.0313013
0.0534158
66
3.1109
0.358159
0.00932034
0.788026
0.0645323
0.222118
16
0.00942152
0.0366535
0.0379161
24
3.303
0.0615532
0.00622076
0.742439
0.0399512
0.229024
23
0.00751225
0.0537218
0.197471
94
0.258255
0.199662
0.00038868
0.87577
0.0606586
0.227805
66
0.00574074
0.0122659
0.130566
86
2.1095
0.790811
0.00799318
0.724079
0.0265087
0.0449957
47
0.00252396
0.0341717
0.257509
6
1.46215
0.06415
0.00127183
0.892483
0.0860465
0.0436726
93
0.00277975
0.0986312
0.203967
22
2.31611
0.422773
0.00982938
0.781597
0.0153974
0.0749265
1
0.00899553
0.0895463
0.141751
4
3.83581
0.674132
0.00704489
0.797692
0.0332917
0.499422
39
0.00606048
0.0802209
0.479937
5
1.96848
0.0628685
0.00388362
0.716182
0.091317
0.439248
43
0.00694162
0.0528031
0.0859329
26
0.208302
0.0435276
0.000344174
0.707642
0.0223547
0.329188
24
0.00692165
0.0996393
0.337729
56
2.58013
0.0658765
0.00941933
0.988409
0.0967223
0.277467
50
0.00581118
0.0851364
0.222021
8
3.37082
0.375984
0.00141105
0.851455
0.044575
0.149702
15
0.00995926
0.0875503
0.116693
2
3.41681
0.0214431
0.00691194
0.732724
0.067559
0.0982535
52
0.00266413
0.0564453
0.497294
36
0.808549
0.528965
0.00509174
0.711097
0.0126317
0.135145
42
0.00906316
0.075932
0.395966
60
1.37921
0.322724
0.00845903
0.942071
0.0169552
0.00993344
15
0.00629542
0.0988213
0.0825188
3
2.87897
0.356305
0.00948027
0.708367
0.0997036
0.190564
74
0.00944228
0.0548427
0.392811
48
1.70881
0.181657
0.00937872
0.798872
0.0611984
0.0298386
94
0.00670908
0.0730938
0.39649
25
1.62994
0.514735
0.00654576
0.755359
0.0156127
0.0124554
68
0.00691003
0.018498
0.376905
97
2.28534
0.765803
0.0075077
0.791211
0.0542904
0.262104
38
0.00173584
0.0339976
0.10033
26
1.83754
0.72631
0.00163022
0.968421
0.0327665
0.43769
38
0.00201187
0.0208039
0.374876
93
2.65942
0.604439
0.00672784
0.749416
0.0678782
0.131016
65
0.0082691
0.0385939
0.199765
19
1.55392
0.411744
0.00462705
0.787107
0.0362322
0.123078
92
0.00975775
0.0697157
0.297818
84
1.17023
0.132685
0.00808521
0.900695
0.0209505
0.0109926
56
0.00872595
0.0704638
0.326275
67
2.0813
0.5706
0.00394445
0.832552
0.0654694
0.263725
96
0.000322754
0.0480462
0.477331
28
2.95603
0.704993
0.0021494
0.922157
0.0529655
0.242686
77
0.00931982
0.0314934
0.312047
81
2.15722
0.732565
0.00948888
0.736315
0.0887854
0.0537021
98
0.00918635
0.0751876
0.283274
49
1.31643
0.0812582
0.00397826
0.774478
0.0445563
0.418
83
0.00497481
0.0205936
0.262514
17
0.86676
0.308813
0.00612186
0.888866
0.0532734
0.356092
3
0.00598791
0.0768705
0.417675
30
0.161647
0.150605
0.00211974
0.797339
0.0574872
0.260075
36
0.009979
0.0979933
0.299671
33
1.86573
0.590417
0.00846634
0.915342
0.0797864
0.408871
27
0.00652848
0.0975324
0.365718
93
2.1322
0.727043
0.00868178
0.980551
0.0960707
0.373035
5
0.00368218
0.0908515
0.384967
17
1.05097
0.201125
0.00565432
0.777567
0.0430368
0.459674
20
0.00985261
0.0327541
0.244894
62
2.31961
0.224687
0.00431538
0.903288
0.0950756
0.0671325
54
0.0060504
0.0616842
0.129146
24
3.53501
0.577533
0.00530884
0.883429
0.0708523
0.39025
75
0.00837091
0.0961451
0.0909788
47
0.537342
0.217001
0.00059338
0.811237
0.0592285
0.0621308
1
0.00487167
0.0199461
0.2009
24
1.15538
0.609285
0.00609304
0.802032
0.0242118
0.199798
18
0.00568447
0.0881673
0.248084
65
0.144553
0.0703396
0.0097223
0.943056
0.0587575
0.435966
69
0.00192164
0.0127289
0.40768
80
2.57313
0.320068
0.00842004
0.833202
0.0778274
0.485247
81
0.00520289
0.0188525
0.143439
98
2.5206
0.499141
0.00369531
0.76676
0.0925714
0.268276
24
0.0040557
0.042196
0.00305962
46
1.9614
0.0517306
0.0078485
0.804932
0.0380723
0.382445
5
0.00666371
0.0985206
0.0853779
91
2.63814
0.115059
0.00316861
0.907462
0.0551764
0.333887
47
0.00749585
0.0541798
0.275487
7
3.21275
0.682477
0.0015464
0.965543
0.0250613
0.32429
37
0.00854601
0.0458381
0.0293941
35
0.74367
0.372719
0.00820151
0.920571
0.079083
0.178934
20
0.00500151
0.0494249
0.0563021
56
0.562067
0.320884
0.00603242
0.737814
0.0224668
0.0141061
24
0.00215531
0.0662043
0.102203
61
0.301548
0.0843744
0.00872491
0.973591
0.0299034
0.173187
23
0.00773265
0.0440023
0.225315
25
2.56622
0.343884
0.0030053
0.870996
0.0184378
0.161974
65
0.000845222
0.0866144
0.00692702
22
3.06192
0.260573
0.00179335
0.734595
0.0479208
0.474799
61
0.00181898
0.0709444
0.42959
64
2.75215
0.126744
0.00307207
0.915066
0.0869051
0.118472
19
0.0096935
0.050244
0.306127
16
1.24567
0.229597
0.00870986
0.822947
0.0884055
0.346957
85
0.00554529
0.012511
0.168963
87
3.43472
0.61331
0.000696126
0.838262
0.0751821
0.21392
67
0.00354371
0.0920132
0.226106
71
2.25078
0.299347
0.0083784
0.840718
0.0339558
0.335002
48
0.00594743
0.0451405
0.0845037
70
3.93293
0.401848
0.000712029
0.861445
0.0601222
0.456081
35
0.00251221
0.0634342
0.242627
71
2.94565
0.0595183
0.00843414
0.906344
0.0232877
0.231795
61
0.00622273
0.0231103
0.259407
11
3.35059
0.171617
0.00407561
0.782944
0.0732054
0.197811
96
0.00962261
0.0831559
0.28597
16
2.24255
0.300048
0.000505574
0.831938
0.0278052
0.24624
32
0.0024674
0.0198274
0.399106
81
0.942448
0.384804
0.00340754
0.981264
0.0284287
0.149277
26
0.00567709
0.0944538
0.172728
16
3.5505
0.351279
0.00627068
0.754083
0.0637499
0.496063
21
0.00887378
0.016026
0.243842
39
0.170857
0.464605
0.005043
0.805674
0.0424862
0.412913
40
0.00454848
0.0821204
0.425193
5
2.99338
0.655595
0.00366917
0.884139
0.0499634
0.384624
30
0.00168874
0.0508245
0.106453
98
2.83769
0.781304
0.00643183
0.812545
0.0151002
0.155795
47
0.0031126
0.0602051
0.389903
83
0.96721
0.178988
0.000133946
0.841585
0.0464196
0.24872
4
0.00462747
0.0801417
0.308059
10
3.14491
0.592686
0.0039914
0.869305
0.0104322
0.124708
86
0.0026074
0.0531157
0.335883
74
2.40858
0.384434
0.00247063
0.880665
0.0639213
0.482773
5
0.00873975
0.0474321
0.219097
95
0.468044
0.494656
0.00556886
0.824514
0.012351
0.495515
55
0.00240373
0.0879701
0.0355795
42
1.48702
0.0307845
0.000213198
0.745994
0.0163411
0.0949949
34
0.00476311
0.0270359
0.229361
91
0.514754
0.518315
0.00601641
0.912964
0.0692537
0.460264
60
0.00976594
0.0761806
0.0869118
21
1.78149
0.693031
0.00455739
0.737075
0.0700341
0.142677
30
0.00158389
0.0316258
0.0101566
30
0.486411
0.435368
0.00804397
0.717867
0.0219916
0.354203
83
0.00444718
0.0999023
0.0754633
73
0.884275
0.48554
0.00917148
0.742758
0.0904697
0.448659
88
0.00998655
0.081012
0.0305016
93
2.16855
0.788367
0.00403914
0.72574
0.0145244
0.311345
22
0.00765739
0.0925543
0.206025
38
0.407181
0.398492
0.00377834
0.862955
0.0908491
0.188431
74
0.000511625
0.0483853
0.440689
12
3.52802
0.509755
0.00177333
0.917572
0.01616
0.303147
68
0.00779925
0.0125312
0.283964
13
0.509396
0.251783
0.00836094
0.923378
0.0948864
0.137485
46
0.000955249
0.0953237
0.488351
58
3.46468
0.275538
0.00904762
0.96938
0.0447989
0.363231
31
0.00117646
0.0119653
0.30464
70
3.57565
0.315834
0.000408448
0.995122
0.0662608
0.184451
97
0.00276602
0.0605305
0.112618
66
2.79565
0.159653
0.00539644
0.902444
0.074967
0.347432
88
0.00877892
0.079353
0.01967
84
0.980357
0.436622
1.0838e-05
0.986969
0.0754481
0.392595
16
0.0070099
0.0592875
0.0625465
62
0.552649
0.208226
0.00125976
0.735297
0.0805709
0.472572
63
0.00449776
0.0278555
0.464761
33
3.37679
0.0828656
0.00025636
0.739227
0.0576193
0.252143
59
0.00853337
0.0309993
0.44383
26
1.43708
0.533879
0.00123981
0.984658
0.0656422
0.0281643
48
0.00392889
0.0416551
0.161458
45
3.92479
0.225811
0.00548565
0.74159
0.0973659
0.477485
77
0.00433569
0.0509401
0.356345
20
3.49569
0.255212
0.00858479
0.989164
0.0830331
0.322528
29
0.00301523
0.0899861
0.391329
41
3.19182
0.735077
0.00200663
0.721892
0.069202
0.434184
81
0.00495746
0.0227822
0.0319254
35
3.01135
0.274181
0.00670711
0.809998
0.0127471
0.481679
85
0.00511366
0.0711843
0.255786
19
1.66223
0.257749
0.00991476
0.846483
0.0377113
0.126255
87
0.00538954
0.0756465
0.124552
69
3.28635
0.755331
0.00661314
0.997296
0.0393385
0.101451
80
0.00188309
0.0676094
0.0449863
46
2.9104
0.00342466
0.000195331
0.887759
0.0902096
0.0265827
26
0.00328107
0.0667648
0.315773
53
2.56209
0.368623
0.00666992
0.934065
0.0659149
0.148488
5
0.00132857
0.0220905
0.474734
60
0.338328
0.165049
0.000867054
0.962029
0.0557198
0.0730111
48
0.00135253
0.0370743
0.269954
52
0.954566
0.660004
0.00261117
0.91095
0.0698811
0.246562
9
0.00992136
0.0154768
0.465436
20
3.13904
0.010691
0.00196884
0.776517
0.0756381
0.192486
68
0.00696519
0.0303519
0.378805
86
2.26848
0.102139
0.00241452
0.800938
0.0884973
0.407272
44
0.0071758
0.0389121
0.373236
7
1.53548
0.137687
0.00269847
0.919557
0.0316607
0.399581
60
0.00335245
0.0883067
0.323605
8
3.32031
0.720812
0.0093494
0.976992
0.0186171
0.0480652
34
0.00152064
0.0492472
0.24957
82
0.820438
0.451757
0.00760704
0.933235
0.0449996
0.299221
8
0.00664693
0.0425555
0.380356
67
0.255048
0.771484
0.00483379
0.871061
0.0740017
0.129696
50
0.00814677
0.0137047
0.044004
96
1.91746
0.0737072
0.00984971
0.792733
0.0549449
0.0218999
80
0.00111583
0.0595219
0.217927
33
0.689034
0.180566
0.00529772
0.709002
0.0892432
0.418582
22
0.00674569
0.0788646
0.390411
32
1.93116
0.111739
0.00686567
0.795601
0.0360964
0.18755
2
0.00813846
0.026606
0.171642
73
2.68031
0.520993
0.00424645
0.90371
0.017204
0.0832946
9
0.00374599
0.0410536
0.322442
6
1.07169
0.449729
0.00876333
0.98712
0.0929661
0.181527
2
0.00856509
0.0727644
0.292146
99
2.25876
0.414843
0.00349336
0.85817
0.095521
0.251101
28
0.00939348
0.029812
0.0130864
50
3.76602
0.582241
0.00326741
0.948316
0.0435691
0.0306585
79
0.00775468
0.0712571
0.127703
17
3.73517
0.353966
0.00738919
0.703836
0.02795
0.345146
73
0.00925561
0.0693847
0.195331
100
0.282279
0.795778
7.59341e-05
0.962942
0.0721335
0.443673
45
0.00811131
0.0807885
0.332641
28
0.923055
0.0725502
0.00522107
0.77014
0.0793444
0.3366
49
0.00340969
0.0678563
0.35488
81
2.69575
0.361893
0.00881934
0.724726
0.0672287
0.120964
63
0.00248137
0.0856181
0.139222
43
1.59122
0.554967
0.00246279
0.953281
0.0849843
0.0962071
57
0.00921476
0.015207
0.412323
39
0.21466
0.266097
0.00136352
0.972846
0.0519029
0.215946
2
0.00528242
0.0153772
0.134923
54
3.60662
0.187309
0.00884216
0.917674
0.0696174
0.374274
15
0.00429605
0.0700519
0.434182
91
0.715685
0.136048
0.000832734
0.846623
0.066158
0.333156
56
0.00638548
0.0811827
0.229684
26
2.53636
0.0199613
0.00559634
0.858619
0.0939894
0.480589
99
0.000278585
0.0773318
0.389082
43
1.25395
0.395092
0.00764389
0.87809
0.0401463
0.405206
25
0.00020749
0.0573657
0.342642
4
1.73837
0.471611
0.00703711
0.821416
0.025606
0.020901
34
0.00397518
0.0738484
0.455943
38
2.89441
0.483716
0.000796781
0.983101
0.0268977
0.464962
87
0.00385667
0.0282434
0.211853
30
0.617149
0.0991848
0.00523337
0.751044
0.0386341
0.0582879
82
0.00896335
0.0663678
0.149989
7
3.9871
0.0780143
0.00772399
0.827631
0.0181903
0.122686
77
0.00163589
0.0784731
0.371062
12
1.6786
0.759045
0.0081682
0.715058
0.0261476
0.239949
2
0.00489095
0.0887832
0.42253
46
0.675032
0.750278
0.00120985
0.842176
0.0281776
0.212762
52
0.00719266
0.0588153
0.428967
56
1.81356
0.461606
0.00749589
0.905172
0.0757866
0.440941
64
0.000805794
0.057585
0.407165
82
2.01626
0.432995
0.00987045
0.740532
0.0283342
0.369028
83
0.00225653
0.0162669
0.39488
34
3.07779
0.0761396
0.00372062
0.985969
0.099098
0.102424
3
0.00807201
0.0639345
0.271528
52
3.36452
0.701366
0.0061489
0.781027
0.0546293
0.282283
8
0.00571345
0.0674478
0.0927631
96
1.03987
0.423747
0.00316462
0.756314
0.0439789
0.139129
7
0.00972282
0.0108936
0.416571
38
1.30233
0.129789
0.00928583
0.967369
0.0824283
0.206553
87
0.00796138
0.0904788
0.281438
53
2.44601
0.504592
0.00396376
0.800364
0.0465407
0.451924
32
0.00421337
0.0184324
0.369602
68
1.5233
0.626924
0.00866957
0.879869
0.0953403
0.106068
71
0.00343821
0.0687246
0.0977925
74
1.90258
0.203584
0.0055177
0.897162
0.0645671
0.205376
70
0.00510089
0.0334198
0.352484
66
1.56648
0.338124
0.00457381
0.966793
0.0402905
0.0726975
47
0.00296871
0.0537972
0.141151
1
1.09938
0.579878
0.00236966
0.771656
0.0985541
0.0663619
15
0.00421847
0.0553604
0.174361
84
3.60409
0.774273
0.00444162
0.705131
0.0474971
0.0573026
48
0.00748192
0.077048
0.369114
28
1.55221
0.161135
0.00574531
0.957412
0.0510939
0.157774
95
0.00861318
0.045773
0.12571
60
3.09945
0.262035
0.00279574
0.971039
0.0711491
0.436565
18
0.00267685
0.0103567
0.337312
55
0.346324
0.220286
0.001614
0.822326
0.0618212
0.108196
15
0.00880045
0.0159139
0.0500243
8
2.0355
0.647416
0.00347079
0.873238
0.0855219
0.317391
72
0.00800439
0.0973662
0.416052
19
2.63087
0.706775
0.00594464
0.899303
0.0718673
0.301456
42
0.00232726
0.0110681
0.463448
33
2.92927
0.142071
0.00149662
0.867333
0.0118432
0.0170435
17
0.00575729
0.0305282
0.42394
75
3.77779
0.622475
0.00811728
0.762367
0.0862481
0.45016
32
0.00962783
0.0602866
0.167767
66
1.36239
0.175912
0.00856876
0.996153
0.0442605
0.293657
26
0.00655885
0.0226304
0.290173
93
0.596747
0.226774
0.00998808
0.904781
0.0615623
0.312374
24
0.00455561
0.0287167
0.433859
36
2.3072
0.73791
0.00718705
0.827303
0.0419398
0.316658
74
0.00716734
0.0303328
0.350231
12
2.71436
0.606033
0.0062366
0.775308
0.0720296
0.161494
53
0.00625474
0.0262666
0.0153887
45
0.610211
0.573365
0.00492031
0.956369
0.0513037
0.26997
45
0.00289143
0.0269053
0.491563
99
3.96013
0.516998
0.000926657
0.773412
0.0344679
0.1682
53
0.00297222
0.0841227
0.121123
69
3.40513
0.151737
0.00230133
0.847788
0.0624229
0.0428676
54
0.0056156
0.0467007
0.478425
2
0.84289
0.403094
0.000938287
0.943626
0.0563606
0.00102949
78
0.00235917
0.0718414
0.410889
52
3.68134
0.44318
0.00418289
0.81108
0.0417829
0.41342
71
0.00924063
0.0891913
0.296862
80
2.85123
0.6777
0.000315904
0.725614
0.0155034
0.115995
31
0.00563795
0.0401525
0.236651
51
0.708672
0.50107
0.00447432
0.746431
0.0983516
0.208248
62
0.00108345
0.0786072
0.153724
79
0.836713
0.0545638
0.00795583
0.984112
0.0668791
0.227233
86
0.000223374
0.0631501
0.246458
32
3.59108
0.0292771
0.00577646
0.882908
0.0602596
0.234142
21
0.00882269
0.0570835
0.0569684
64
2.19485
0.0411836
0.00927544
0.878674
0.0204131
0.269263
53
0.0053151
0.0825685
0.327981
85
1.09693
0.258303
0.00492651
0.757256
0.0108411
0.273863
36
0.00229278
0.0824198
0.358002
16
2.67292
0.445521
0.00335906
0.713727
0.0131949
0.312933
61
0.00785947
0.0902412
0.0125071
9
1.43124
0.730885
0.00168717
0.727566
0.0332068
0.0903189
9
0.00391053
0.0783708
0.0884523
53
3.72532
0.363601
0.00731245
0.909228
0.0338059
0.342327
27
0.00535806
0.0691729
0.295251
55
3.33191
0.370194
9.06054e-05
0.978466
0.0625606
0.279799
30
0.00330206
0.02494
0.301304
92
0.35223
0.198273
0.00813984
0.890735
0.085832
0.00786207
3
0.00955788
0.0932316
0.310792
25
1.40836
0.684137
0.00434645
0.862617
0.0632
0.462823
38
0.000987429
0.0444744
0.210551
94
1.49136
0.568025
0.00487687
0.844432
0.0980963
0.0257931
82
0.00403767
0.0177395
0.405028
63
3.9481
0.100165
0.0013345
0.779984
0.0216206
0.432745
72
0.00945393
0.0217656
0.0232893
52
0.23843
0.664483
0.00649671
0.776631
0.0394233
0.044147
13
0.000781248
0.0300123
0.453596
72
1.06411
0.0674669
0.00422433
0.865074
0.0238872
0.192856
14
0.00545711
0.0283978
0.418841
81
3.22371
0.502609
0.00665803
0.761086
0.081229
0.247741
20
0.00031563
0.0276729
0.226868
86
3.52061
0.348199
0.00294334
0.740806
0.0557905
0.314427
5
0.00971876
0.0744924
0.350344
29
0.7691
0.619822
0.00616438
0.843508
0.06361
0.351037
39
0.00515377
0.043709
0.0932514
45
2.22801
0.690859
0.00658965
0.816643
0.0653353
0.370176
98
0.00505209
0.0953017
0.177921
31
3.64566
0.568355
0.00188023
0.926837
0.0133155
0.222791
90
0.00671616
0.0167589
0.151621
43
2.453
0.0330173
0.000460207
0.780469
0.0737493
0.439046
85
0.000916775
0.0181107
0.345837
57
1.80293
0.456754
0.000471779
0.850344
0.054271
0.219927
34
0.00348506
0.0542954
0.16558
78
1.11188
0.527574
0.0071232
0.994204
0.0633838
0.397406
44
0.00354613
0.0397282
0.298809
18
3.02279
0.634157
0.00301688
0.758918
0.0386094
0.0866224
4
0.00340081
0.0497148
0.367413
41
1.45299
0.245119
0.0015821
0.859301
0.0985835
0.212319
40
0.0027442
0.0117187
0.343469
23
3.0419
0.71642
0.00234945
0.726977
0.0923821
0.337463
97
0.00788688
0.0147793
0.493259
81
2.35642
0.719428
0.00656734
0.92132
0.0629301
0.264708
39
0.00618159
0.0546593
0.125916
40
0.319125
0.303995
0.00505074
0.961778
0.0188733
0.0991762
41
0.00948509
0.0190209
0.447969
31
2.00209
0.711881
0.00686108
0.769737
0.078184
0.145685
34
0.00759414
0.0981866
0.145947
62
3.67482
0.167971
0.007222
0.889521
0.0688605
0.209436
8
0.00448159
0.0387215
0.122468
79
1.3417
0.601558
0.00962517
0.979648
0.0877778
0.0935657
26
0.00320383
0.0418536
0.0514298
75
2.70482
0.542688
0.0095143
0.9409
0.0927741
0.394395
51
0.00600977
0.0637601
0.00714345
57
1.02489
0.0183823
0.00434413
0.877115
0.0946104
0.049277
78
0.00770354
0.0275213
0.459452
50
0.812285
0.779211
0.00298575
0.936214
0.0768975
0.310092
45
0.00907567
0.0477319
0.156885
17
3.04346
0.280415
0.00897891
0.880014
0.0459351
0.469617
2
0.00419852
0.0343837
0.458924
92
0.761777
0.547199
0.00354959
0.914415
0.0431391
0.0343265
81
0.000173617
0.0938189
0.0272648
22
1.08764
0.134861
0.000557101
0.830119
0.0420934
0.452654
46
0.00309473
0.0326473
0.240775
40
1.36949
0.67606
0.00516028
0.718747
0.0610285
0.0020253
62
0.00180251
0.0529162
0.443015
14
3.8536
0.575549
0.00145809
0.772796
0.0706644
0.224222
70
0.00471342
0.062987
0.0905869
7
2.50245
0.205263
0.00707993
0.921247
0.0204416
0.155425
69
0.00149274
0.0767049
0.0694056
64
0.15292
0.340762
0.000116309
0.919133
0.0476411
0.429319
55
0.00222716
0.0671879
0.162059
39
0.795748
0.455158
0.00424425
0.929785
0.0724899
0.339335
99
0.00372479
0.0483222
0.0407467
10
3.35767
0.183411
0.00360632
0.849813
0.0470572
0.444318
58
0.00409633
0.0441954
0.0775147
77
1.26819
0.382477
0.00546522
0.785887
0.0585054
0.111334
76
0.0098991
0.0615362
0.235024
96
2.46339
0.310462
0.00590293
0.945615
0.0365464
0.41123
74
0.0098321
0.0506163
0.452246
35
1.38946
0.318007
0.00975985
0.972063
0.0135008
0.0810099
19
0.000151515
0.0393165
0.233481
8
2.78333
0.695967
0.0060768
0.995518
0.0101525
0.119684
78
0.00053673
0.0926728
0.110476
70
0.594423
0.47735
0.00507701
0.828316
0.0956841
0.0975451
24
0.00792781
0.09175
0.383538
89
2.43909
0.780314
0.00979289
0.849359
0.0509786
0.0655173
9
0.00840393
0.0259741
0.24168
13
3.63909
0.0687293
0.00453408
0.950338
0.0456108
0.162852
57
0.00705534
0.0330243
0.0479323
48
1.04496
0.473533
0.00724332
0.764787
0.0237381
0.457093
51
0.00481748
0.0212587
0.490947
29
1.64246
0.597168
0.00475946
0.85232
0.028842
0.445829
95
0.00578521
0.0514982
0.329875
40
0.801927
0.661286
0.00698018
0.768313
0.0580199
0.424586
93
0.0036164
0.0353622
0.0723793
72
3.92091
0.533048
0.00734038
0.826556
0.0848744
0.016313
55
0.00470847
0.0206973
0.35566
36
3.15472
0.389157
0.00771224
0.909954
0.0220719
0.0940592
73
0.00732028
0.0597273
0.426692
92
1.11873
0.48785
0.00168899
0.778101
0.0272533
0.163844
39
0.00258564
0.0499378
0.254036
79
2.37385
0.56207
0.00923764
0.968961
0.0701844
0.278689
99
0.00798817
0.0225652
0.0655916
9
2.49825
0.0932736
0.00709133
0.715624
0.0175384
0.152475
6
0.00294069
0.0877886
0.205105
52
2.62094
0.71749
0.00977999
0.898972
0.01586
0.0760889
46
0.00591555
0.0428063
0.00887492
67
3.75758
0.463027
0.00718026
0.783594
0.0538623
0.299863
51
0.0038663
0.0139527
0.432082
43
1.77225
0.124017
0.0056306
0.764109
0.0319768
0.307994
94
0.00389278
0.043276
0.191547
64
3.58733
0.766886
0.0082557
0.954163
0.041647
0.351556
35
0.00435684
0.0967026
0.0789951
78
2.86901
0.036063
0.00895887
0.813667
0.0681439
0.453808
91
0.00633106
0.0330685
0.457854
19
1.69657
0.549951
0.0090373
0.876062
0.0608075
0.102999
81
0.000696197
0.0661006
0.132508
51
2.51421
0.30645
0.00474361
0.934418
0.032536
0.0100683
67
0.00517367
0.0560837
0.376124
84
0.858144
0.656795
0.00736098
0.85536
0.0269392
0.0784965
74
0.00768991
0.058426
0.119316
77
3.08389
0.169471
0.00207851
0.955079
0.0561628
0.0711143
66
0.00795739
0.0520815
0.163047
88
1.94496
0.600184
0.0075327
0.714448
0.0414176
0.0738669
33
0.00489822
0.0947946
0.338552
30
0.624631
0.769711
0.0025526
0.811952
0.0317841
0.36222
40
0.0047809
0.0435015
0.256588
34
1.29136
0.667111
0.00480062
0.842674
0.0795447
0.364001
38
0.00876538
0.0391538
0.312913
71
2.73255
0.713925
0.00062346
0.79372
0.0354714
0.303849
64
0.00217175
0.0955862
0.420351
92
2.20897
0.689035
0.00957207
0.761987
0.0932861
0.378986
12
0.00144824
0.0686361
0.199423
91
1.85097
0.0498057
0.00988404
0.930772
0.0993155
0.396821
94
0.00427207
0.0115457
0.480605
49
3.05122
0.155215
0.00971399
0.706963
0.0866792
0.023973
33
0.00662761
0.086861
0.472111
99
0.388459
0.0566561
0.00755342
0.836379
0.0931072
0.456641
97
0.00466668
0.0936347
0.0666066
89
1.72296
0.467865
0.00637972
0.97925
0.091785
0.335619
11
0.00438987
0.0113123
0.388019
94
0.24578
0.222546
0.00954613
0.907616
0.0903683
0.0610004
63
0.0043995
0.0765764
0.469917
96
0.773579
0.789017
0.00221038
0.89744
0.0396523
0.38652
90
0.00844403
0.0888511
0.212649
65
1.17811
0.00575815
0.00969574
0.901718
0.0568043
0.465869
64
0.00120629
0.0404639
0.481547
49
0.910648
0.793766
0.00943682
0.787608
0.0300258
0.0402012
14
0.00804146
0.0557781
0.219689
78
0.501066
0.195475
0.00839693
0.964359
0.0102825
0.176156
58
0.00608235
0.0100344
0.454316
88
3.93929
0.586409
0.000769396
0.982288
0.0167371
0.186594
91
0.00177492
0.0628971
0.0473223
51
0.52827
0.213026
0.00849045
0.733763
0.097605
0.0159693
35
0.00722625
0.0443505
0.169702
24
2.47162
0.776829
0.00820271
0.712386
0.0818069
0.483142
67
0.0084612
0.0454832
0.0948709
47
0.754517
0.313257
0.00626048
0.929131
0.0867371
0.484389
4
0.00349724
0.0903158
0.00981864
83
2.2353
0.117482
0.000309363
0.819591
0.0180894
0.306853
2
0.000405549
0.0722765
0.415005
19
2.48154
0.672976
0.00378745
0.798301
0.0178507
0.1046
18
0.00647473
0.0143409
0.13846
77
2.33575
0.0128646
0.00449906
0.928687
0.0367053
0.143503
40
0.00842666
0.0251992
0.262195
89
1.73232
0.678993
0.00282799
0.77888
0.0628985
0.425987
60
0.00475066
0.0380696
0.184764
84
3.75121
0.329103
0.00401928
0.891328
0.0213377
0.124927
55
0.00271051
0.0133001
0.102847
50
0.305875
0.0367536
0.0075898
0.850949
0.0493545
0.165447
43
0.00915618
0.0322117
0.476699
24
2.30059
0.508273
0.00186431
0.747492
0.0669804
0.442294
84
0.00635256
0.011212
0.485587
37
2.72129
0.754347
0.00412874
0.992862
0.0676033
0.271748
93
0.00676048
0.0339304
0.0547571
34
2.35025
0.113019
0.00541137
0.751461
0.0291175
0.461547
57
0.00114355
0.0292231
0.451534
51
2.79964
0.458272
0.00224254
0.803484
0.0306871
0.391672
11
0.00654699
0.0845272
0.186604
37
3.50864
0.503235
0.00715583
0.965451
0.0467499
0.389657
11
0.00603425
0.0929674
0.145057
48
1.87803
0.26432
0.00303263
0.91704
0.0534463
0.349992
80
0.00234462
0.0475307
0.321139
36
1.60025
0.506129
0.00632742
0.8643
0.0810127
0.426676
49
0.00245172
0.0642858
0.267995
95
1.33428
0.783342
0.00699668
0.985465
0.0900054
0.374047
66
0.00787514
0.0261956
0.408597
4
1.60867
0.565163
0.00251197
0.845082
0.0404792
0.320528
65
0.00139601
0.0669866
0.0428338
85
2.46506
0.0957768
0.00543397
0.728177
0.0330371
0.232548
89
0.00226204
0.0832644
0.255193
87
2.81242
0.00128923
0.00274662
0.770739
0.0978375
0.295417
29
0.00143654
0.0958995
0.27393
64
1.39671
0.404903
0.00527504
0.963664
0.0760978
0.256601
67
0.00552313
0.0573298
0.0498002
5
3.23537
0.36436
0.00304837
0.860265
0.0536709
0.419362
72
0.00137434
0.0653806
0.224154
94
3.09327
0.476717
0.00800236
0.924009
0.0390965
0.283491
23
0.000486576
0.0382651
0.0282149
86
3.84924
0.110907
0.00994727
0.900081
0.0196005
0.0236356
6
0.00783912
0.05813
0.36219
93
1.70378
0.177812
0.000589394
0.823492
0.0452474
0.377106
60
0.00325448
0.0469435
0.189553
68
3.87869
0.736775
0.0095388
0.792249
0.0423881
0.33114
4
0.00305659
0.0534553
0.163684
50
1.58217
0.289999
0.00944893
0.744991
0.0364422
0.433555
13
0.00583896
0.0857966
0.267039
14
3.838
0.145722
0.00911648
0.931264
0.0823338
0.00300525
72
0.000382777
0.0297675
0.424855
58
2.59171
0.739394
0.00775382
0.814434
0.0194007
0.354489
71
0.00205753
0.0940963
0.153693
21
1.98908
0.205777
0.00798048
0.815925
0.0456936
0.13309
12
0.00911646
0.0562826
0.0119398
41
0.179649
0.297407
0.00388649
0.964258
0.0314881
0.0776167
26
0.00377757
0.0165541
0.024065
11
2.42983
0.192901
0.00090392
0.881364
0.0965376
0.235097
93
0.00904157
0.0216564
0.347991
99
2.02645
0.564325
0.00925994
0.765329
0.0991349
0.0823363
18
0.00756625
0.0357151
0.0398779
96
1.87435
0.393265
0.00512421
0.847218
0.0962639
0.398852
35
0.00323981
0.0754083
0.27485
87
2.82342
0.148594
0.00294785
0.813047
0.087732
0.113719
77
0.00461158
0.0231699
0.373384
78
1.79657
0.636622
0.00278545
0.872237
0.0368264
0.371042
57
0.0085089
0.078038
0.306985
70
1.76295
0.444015
0.00041886
0.818935
0.0731689
0.0313233
76
0.00452189
0.0656101
0.13626
67
3.99669
0.2671
0.00823278
0.868775
0.0503739
0.300769
12
0.00589318
0.0500593
0.159588
18
1.64767
0.106283
0.00462271
0.924561
0.0347048
0.280698
69
0.00501976
0.0749946
0.18715
88
0.384043
0.757917
0.00143368
0.720466
0.0640554
0.177524
80
0.00360433
0.0395714
0.422026
76
3.8124
0.0316866
0.00599146
0.835363
0.0593333
0.220988
16
0.00465234
0.0963805
0.313625
80
2.59707
0.618169
0.00445583
0.823948
0.0406056
0.25433
72
0.00559766
0.0394425
0.403297
75
1.12859
0.513272
0.0014689
0.868107
0.0595929
0.041137
8
0.00350561
0.0237207
0.460298
10
3.2075
0.269653
0.00782434
0.895496
0.0109956
0.470515
78
0.00950406
0.0665916
0.210821
23
0.830652
0.42638
0.000172279
0.978011
0.091558
0.0546738
52
0.00553425
0.0958029
0.341958
37
3.69644
0.644196
0.00285047
0.85732
0.0292601
0.447963
9
0.00243475
0.036327
0.0699947
68
0.681708
0.703484
0.00574167
0.944674
0.077254
0.245434
91
0.0070815
0.0695421
0.302736
39
1.44685
0.55183
0.00851503
0.779058
0.0411106
0.416819
17
0.000556635
0.0823083
0.409722
14
0.400533
0.538178
0.00650682
0.928338
0.0311731
0.366285
73
0.00142472
0.0746918
0.402799
11
1.28301
0.277954
0.00862906
0.830711
0.0554799
0.427194
68
0.00210387
0.019302
0.0212743
82
0.425881
0.0980917
0.00694065
0.738374
0.0324818
0.449212
21
0.00415424
0.033327
0.0261653
50
1.78556
0.332528
0.00591439
0.976488
0.0130477
0.111878
65
0.00198819
0.0214979
0.270825
74
3.26244
0.482679
0.00780136
0.848769
0.0485801
0.361185
4
0.000516495
0.0797891
0.437155
62
3.68872
0.326389
0.00675853
0.909378
0.0652
0.40163
96
0.000439478
0.0246053
0.23781
23
2.98627
0.189779
0.00899509
0.711484
0.0249215
0.28244
47
0.0010232
0.0106655
0.115284
90
3.70679
0.748427
0.00137734
0.772278
0.0972803
0.0372558
10
0.0058634
0.0472158
0.394047
15
1.61935
0.571907
0.00420264
0.960594
0.0453446
0.287396
70
0.00869801
0.0775474
0.266
55
3.38951
0.558754
0.00340218
0.837089
0.0524727
0.290812
50
0.002021
0.0234457
0.0980416
24
1.52114
0.376941
0.00113909
0.731275
0.0122666
0.194167
89
0.000888794
0.0195939
0.494931
57
1.98489
0.607765
0.00205169
0.802553
0.0357051
0.160251
45
0.00159167
0.048618
0.281761
62
3.7184
0.710416
0.0080747
0.836167
0.0560738
0.166259
51
0.00862868
0.0839552
0.288987
45
3.77258
0.390585
0.000734403
0.956969
0.058851
0.153805
49
0.00631502
0.027331
0.178823
83
0.879763
0.432327
0.00267484
