0.965265
0.048779
0.495537
40
0.00469053
0.0607611
0.0414121
0.28103
69
0.000188907
0.38954
0.951324
0.0214694
0.333731
71
0.000481833
0.0431029
0.0357688
0.270849
80
0.00478483
0.0529332
0.995728
0.0937314
0.221416
23
0.00742083
0.0151793
0.0448761
0.135254
34
0.00298005
0.189416
0.900115
0.0745152
0.356975
77
0.00268306
0.0728946
0.0367444
0.265552
13
0.00470733
0.382615
0.936506
0.0939562
0.102167
79
0.0053104
0.0785879
0.0324698
0.433689
81
0.00461942
0.109989
0.976643
0.0202507
0.0270736
43
0.00941068
0.0896293
0.0223926
0.121883
26
0.00463521
0.350311
0.933852
0.0237872
0.106309
8
0.00157022
0.00462731
0.0425974
0.1583
8
0.00398008
0.276396
0.925677
0.0388403
0.0498616
15
0.00680786
0.00779271
0.0253216
0.153137
20
0.00273426
0.240609
0.916829
0.0955566
0.112561
53
0.0095449
0.0593632
0.0433101
0.46764
19
0.00343264
0.0155414
0.931982
0.047159
0.486538
31
0.00197006
0.0950012
0.0341938
0.076176
40
0.00419433
0.262435
0.981283
0.0806266
0.115313
59
0.00599977
0.0114176
0.0377725
0.27752
19
0.00296295
0.231907
0.969586
0.0963039
0.00992396
25
0.00885655
0.00768179
0.0241124
0.291148
38
0.00161895
0.116629
0.929478
0.00235031
0.32299
87
0.00690948
0.0190548
0.0207009
0.423002
85
0.000182257
0.215818
0.978686
0.097599
0.0629048
57
0.00619675
0.0476573
0.0311359
0.0344846
26
0.00134128
0.224069
0.919143
0.0925124
0.241358
72
0.00257919
0.0288843
0.0474264
0.106362
21
0.0003236
0.0522911
0.997911
0.0145027
0.334176
76
0.00655488
0.0229792
0.03063
0.234868
4
0.00453065
0.0887732
0.956367
0.0917488
0.475498
65
0.00338319
0.0448463
0.0318896
0.398878
77
0.000120921
0.30901
0.93561
0.0428567
0.0186994
34
0.00935988
0.0680024
0.0210882
0.296725
60
0.000917086
0.0153205
0.951949
0.0134185
0.113757
34
0.00830534
0.0568135
0.0185703
0.130933
99
0.00447483
0.196983
0.931682
0.0187066
0.215048
56
0.00311129
0.05699
0.0421335
0.455769
82
0.00313068
0.103971
0.929002
0.0608714
0.136584
97
0.0084752
0.034118
0.0128855
0.31475
52
0.000517842
0.0610296
0.933505
0.0967953
0.159158
49
0.00719895
0.0159357
0.0272638
0.0890855
66
0.00118286
0.255189
0.95347
0.0259726
0.48846
94
0.00192264
0.038612
0.0355702
0.209196
15
0.00496806
0.243953
0.964548
0.0384055
0.0435936
17
0.00246206
0.0133467
0.0286661
0.328689
91
0.000901151
0.353726
0.935996
0.00161438
0.382454
99
0.00280611
0.0142249
0.0292595
0.042475
23
0.00155443
0.316866
0.907087
0.0274681
0.350032
2
0.00715747
0.0965095
0.0498676
0.0841003
31
0.00306362
0.227755
0.929969
0.0277923
0.300656
54
0.00373822
0.0275469
0.048345
0.190152
8
0.00339977
0.397794
0.990679
0.095293
0.388139
65
0.00204148
0.097308
0.0237649
0.372053
56
0.000376131
0.0309531
0.94931
0.0971911
0.0667162
70
0.00733666
0.0451021
0.0449741
0.394246
22
0.00221808
0.293054
0.96692
0.0898068
0.431838
5
0.00191108
0.0278319
0.0236075
0.355338
94
0.00258136
0.306893
0.919763
0.0218926
0.297793
33
0.00253073
0.0393373
0.0177752
0.221401
62
0.00490111
0.21504
0.91821
0.0488533
0.0652469
14
0.00236577
0.00838047
0.0370155
0.0267366
86
0.00233057
0.283064
0.922241
0.0160255
0.275764
22
0.00231627
0.0674001
0.0479546
0.140471
75
0.00240524
0.347484
0.917084
0.0166213
0.0378414
54
0.00939503
0.0525724
0.0130873
0.349662
93
0.002999
0.0130126
0.979124
0.0253838
0.399215
85
0.00478178
0.0759598
0.0247001
0.438994
97
0.00207808
0.26721
0.903258
0.010763
0.369933
95
0.00718723
0.00359943
0.0314844
0.0805417
58
0.00206406
0.0762622
0.988839
0.0351152
0.0619504
93
0.000335664
0.00120142
0.0245604
0.45913
24
0.00266887
0.336558
0.906243
0.0468576
0.493467
91
0.00608428
0.0782488
0.01794
0.118305
11
0.00113211
0.152023
0.979292
0.0464084
0.409616
3
0.00418583
0.0532122
0.0454718
0.220501
74
0.00449467
0.288657
0.911863
0.0314642
0.162804
7
0.0084459
0.0966767
0.0185131
0.429998
40
0.00122005
0.187492
0.946752
0.00598304
0.481667
26
0.00771026
0.073794
0.04012
0.184864
46
0.00490492
0.383589
0.96279
0.0285873
0.0503671
68
0.000266404
0.061367
0.0340022
0.472966
90
0.00259469
0.131881
0.975338
0.0284119
0.152102
69
0.00739627
0.0102236
0.0310673
0.0153846
73
0.00255124
0.280071
0.972484
0.0863422
0.314565
15
0.00482401
0.08891
0.0492176
0.114387
33
0.000222443
0.210856
0.943991
0.0267799
0.100585
29
0.00600976
0.0125497
0.016547
0.492027
22
0.00364285
0.323912
0.990834
0.0217772
0.367427
43
0.00947504
0.00500438
0.0288097
0.32381
89
0.00265222
0.311027
0.971833
0.0972994
0.161248
82
0.00165403
0.0168715
0.0110584
0.322887
33
0.00300097
0.274673
0.994184
0.0192994
0.0798281
86
0.0088034
0.0512185
0.0359522
0.0163967
90
0.00176295
0.239156
0.931678
0.05896
0.0352901
71
0.00888149
0.0941443
0.0380627
0.133005
52
0.00327396
0.195141
0.928018
0.0162063
0.253389
20
0.00905795
0.06627
0.0379902
0.428958
33
0.00253453
0.0856134
0.931151
0.0338779
0.265772
45
0.00072104
0.00311819
0.0287305
0.357122
73
0.00444853
0.314612
0.955481
0.022542
0.479134
9
0.00745844
0.0328015
0.0394286
0.411578
96
0.00349922
0.230146
0.955971
0.0137803
0.383747
61
0.00644022
0.0764466
0.0167613
0.493897
10
0.00338099
0.301697
0.977748
0.0545163
0.257044
40
0.00372193
0.0428949
0.0153704
0.0861954
82
0.0044157
0.168858
0.923709
0.00719777
0.498276
80
0.00926047
0.0403962
0.0194499
0.252493
88
0.00403159
0.188312
0.985524
0.0461644
0.274397
61
0.00854627
0.0846605
0.0331764
0.0651082
18
0.00025132
0.22515
0.979621
0.0758099
0.118876
11
0.0098921
0.0401831
0.0154461
0.145302
18
0.0026175
0.355895
0.947425
0.0758741
0.311081
37
0.00342082
0.0609296
0.0181413
0.407326
90
0.00254745
0.0404503
0.910666
0.0420471
0.172543
28
0.00122043
0.0823088
0.0442198
0.391194
65
0.0045432
0.0208876
0.904269
0.0731757
0.157509
80
0.000944842
0.0109252
0.0463349
0.49091
9
0.00436191
0.0269735
0.917563
0.0664391
0.24848
77
0.00459662
0.0808556
0.0289179
0.27396
84
0.00461149
0.101669
0.909031
0.0571324
0.424322
3
0.00289603
0.025671
0.0135195
0.132096
30
0.00446028
0.394369
0.945139
0.0257555
0.19114
87
0.00895361
0.0778684
0.0342447
0.201628
20
0.00186966
0.146634
0.933055
0.0114874
0.478773
90
0.00610103
0.0507046
0.0271889
0.376542
61
0.00220538
0.394668
0.914495
0.0667274
0.429516
96
0.00240214
0.0681248
0.0497483
0.430341
24
0.000505841
0.378127
0.926938
0.0434621
0.0996838
73
0.00410409
0.0555324
0.0455411
0.146633
12
0.00342987
0.364312
0.979453
0.0793425
0.0037784
86
0.00350125
0.0881731
0.044798
0.41983
22
0.00373109
0.0919811
0.991176
0.0928322
0.453369
90
0.00994095
0.0153024
0.0260136
0.393754
9
0.00467943
0.319238
0.937565
0.00214167
0.0967754
64
0.00903182
0.0358286
0.0157245
0.225242
21
0.00405353
0.133943
0.961555
0.0293687
0.273628
92
0.00664368
0.0446486
0.0406199
0.159689
84
0.000575302
0.326148
0.994954
0.028781
0.138792
42
0.00853001
0.0981325
0.0312034
0.0239042
69
0.00115229
0.120929
0.974323
0.0711411
0.0818489
80
0.000354948
0.00873923
0.041108
0.361849
56
0.000167744
0.119988
0.90985
0.0063788
0.283527
62
0.00625384
0.0936341
0.0257914
0.136712
7
0.00103285
0.0764527
0.972925
0.0477524
0.243912
98
0.000832858
0.0989334
0.0479131
0.0828324
44
0.00308386
0.344035
0.949891
0.0588179
0.338748
85
0.00210977
0.0863748
0.0404316
0.0393078
78
0.00252802
0.278221
0.961226
0.0659726
0.337679
13
0.00255707
0.00608446
0.0136521
0.0617295
86
0.00396885
0.34013
0.965674
0.0599981
0.121593
45
0.00564169
0.0377083
0.0281537
0.344381
1
0.000905078
0.261661
0.92475
0.0564331
0.446576
69
0.00276896
0.0928346
0.0229025
0.00326585
100
0.00484051
0.162247
0.957142
0.0753349
0.0484495
68
0.00984882
0.0509601
0.0151249
0.462987
77
0.000954581
0.19085
0.986428
0.0061653
0.423218
19
0.00129676
0.0112736
0.0171349
0.42527
73
0.00345616
0.072304
0.94238
0.0625408
0.217932
78
0.000553826
0.0614479
0.0152285
0.200567
38
0.000668235
0.198301
0.977258
0.0978394
0.151716
17
0.00274207
0.0517414
0.0298498
0.329476
51
0.00458536
0.112322
0.94611
0.0101165
0.405848
73
0.00227816
0.00859766
0.0409041
0.00918552
70
0.000447123
0.242371
0.985276
0.0150879
0.111232
42
0.00693739
0.0399377
0.0125954
0.196521
28
0.00104781
0.108851
0.957741
0.0554485
0.343421
44
0.00520299
0.0814064
0.0133858
0.36293
35
0.0040486
0.223656
0.958429
0.0751662
0.404539
8
0.00987192
0.0802544
0.0458112
0.0431023
59
0.000313847
0.369515
0.972771
0.0986793
0.318757
89
0.00558703
0.0263381
0.0323706
0.208163
34
0.00469821
0.270428
0.940128
0.0332357
0.402337
53
0.00511292
0.025828
0.0322279
0.44673
41
0.00183122
0.183206
0.992456
0.053
0.229694
77
0.000621748
0.0440625
0.0491828
0.443377
50
0.000206299
0.171582
0.953065
0.0448702
0.426667
7
0.00552494
0.0915174
0.027041
0.10904
84
0.00427483
0.108026
0.960821
0.0907402
0.494711
35
0.00170416
0.0859244
0.0148495
0.0130386
60
0.00124807
0.370369
0.903106
0.0220982
0.406096
56
0.00686329
0.026795
0.0295441
0.232401
36
0.0026214
0.0338978
0.945769
0.0869488
0.0284375
60
0.00703642
0.022691
0.0265726
0.178127
99
0.00377752
0.104968
0.99152
0.00918718
0.207782
23
0.00990356
0.0653227
0.0470837
0.161232
67
0.00236188
0.135792
0.900938
0.0813672
0.387449
47
0.00328539
0.0617943
0.0409747
0.11977
81
0.00401981
0.211887
0.948072
0.0561734
0.291783
56
0.00802921
0.0739092
0.0265105
0.116735
29
0.00155018
0.0860625
0.915303
0.050611
0.0149679
78
0.00441928
0.0242049
0.0429874
0.240133
71
0.00488229
0.0820954
0.998681
0.0623294
0.254555
34
0.00524968
0.0104869
0.0362575
0.451248
89
0.00284999
0.241024
0.940992
0.049742
0.250387
47
0.00798152
0.0754049
0.0364997
0.422024
52
0.0012771
0.326828
0.947886
0.0329769
0.270065
45
0.00357869
0.0146945
0.0432559
0.388596
77
0.0040069
0.172723
0.963879
0.0769277
0.0772391
27
0.0021715
0.0792712
0.0276742
0.00273548
74
0.00126253
0.174272
0.937913
0.0637436
0.315952
14
0.00147571
0.00905347
0.0191626
0.263023
8
0.00164502
0.380043
0.925178
0.0861881
0.281514
28
0.0086526
0.0417984
0.0349862
0.260622
36
0.00305707
0.0110928
0.976839
0.0297541
0.246392
11
0.00662364
0.0735587
0.0371649
0.198136
51
0.00150111
0.186916
0.992794
0.0947507
0.0168223
22
0.00303671
0.0017684
0.0170991
0.0607328
51
0.00377127
0.328574
0.916921
0.0479024
0.133511
93
0.00915385
0.0297935
0.0262585
0.197288
95
0.00465169
0.113627
0.942116
0.0773675
0.491572
53
0.00754847
0.0705378
0.0183698
0.253814
39
0.00442881
0.042061
0.961946
0.057774
0.124127
98
0.00681272
0.0932492
0.0160424
0.131962
68
0.0038391
0.200396
0.96769
0.00887683
0.0635197
64
0.00244291
0.0237263
0.0326401
0.374924
95
0.000477943
0.0941608
0.981174
0.0548106
0.370702
24
0.00742772
0.02549
0.0488012
0.0385441
23
0.00451781
0.244784
0.95058
0.0203807
0.447286
20
0.00956511
0.0310096
0.0297781
0.0198913
44
0.0024148
0.202309
0.911933
0.0517877
0.21692
44
0.00272615
0.0654461
0.0118499
0.486386
37
0.000370672
0.0623716
0.960989
0.0531854
0.43726
3
0.00840247
0.0583059
0.0301702
0.453902
3
0.00413742
0.0342675
0.978469
0.0801375
0.359718
75
0.00242477
0.0648989
0.021527
0.311646
94
0.00351993
0.35994
0.979873
0.0976505
0.244601
67
0.00760035
0.0865626
0.0269707
0.20541
48
0.00237191
0.35104
0.923234
0.0893116
0.292335
50
0.00397549
0.0414736
0.0436889
0.326347
67
0.00325935
0.0647418
0.941264
0.0123079
0.272214
32
0.00997624
0.046833
0.0486263
0.340519
57
0.00375054
0.331969
0.955764
0.00443298
0.461569
57
0.00353989
0.0944092
0.0414816
0.320772
63
0.00210988
0.0178912
0.944868
0.0275034
0.204331
82
0.00708349
0.0490295
0.0117021
0.278862
88
0.00408545
0.221019
0.935811
0.0900631
0.0851942
87
0.00417243
0.0709297
0.0478305
0.288525
16
0.00187661
0.100442
0.988934
0.0457114
0.393186
61
0.00698207
0.0225517
0.0203269
0.341842
48
0.00146274
0.258913
0.985043
0.00563387
0.20157
97
0.00788979
0.0362397
0.0383115
0.22345
51
0.00434193
0.0477993
0.935067
0.00105984
0.319249
46
0.0010355
0.00722231
0.029001
0.421036
27
0.00341056
0.24784
0.917416
0.0342656
0.262127
16
0.00425871
0.0900549
0.0290624
0.098102
24
0.000772883
0.281411
0.922489
0.0981748
0.309675
26
0.00783016
0.0792026
0.0356069
0.289222
7
0.00190782
0.247097
0.952253
0.076656
0.0837258
4
0.0025963
0.043476
0.020838
0.0871734
13
0.00251159
0.36664
0.96736
0.0688828
0.445367
58
0.00125351
0.0660607
0.0375174
0.0880351
5
0.000669405
0.284037
0.984102
0.0522977
0.126979
81
0.00270845
0.0833573
0.029303
0.42479
68
0.00181974
0.03728
0.952353
0.0118369
0.364787
8
0.00161132
0.0724056
0.0381334
0.401885
74
0.000102703
0.102574
0.987729
0.0968343
0.215537
83
0.00804264
0.0437219
0.0251756
0.371888
86
0.00474852
0.217884
0.936658
0.0647503
0.23384
30
0.00414793
0.0321686
0.023266
0.321752
47
0.00455593
0.34629
0.993402
0.0951017
0.316653
2
0.00574985
0.0536512
0.0471287
0.435667
50
0.000680005
0.302396
0.931393
0.0634872
0.415617
58
0.0049657
0.0162966
0.0263803
0.154035
12
0.00165339
0.0943688
0.921014
0.0255605
0.401545
37
0.00294469
0.051907
0.0389833
0.469911
62
0.00276159
0.186085
0.912817
0.0304581
0.449602
64
0.00993893
0.0296498
0.0352894
0.157637
78
0.00473462
0.390993
0.998495
0.0590511
0.120737
32
0.00580384
0.00451579
0.0157865
0.313538
45
0.00119984
0.0829438
0.977037
0.0775775
0.428051
21
0.00943951
0.0597644
0.0462881
0.191159
58
0.00245974
0.207854
0.920657
0.0825063
0.442153
93
0.00767109
0.0749083
0.0346757
0.0174168
94
0.00420088
0.14448
0.964331
0.0927947
0.411508
3
0.00292097
0.019727
0.0354606
0.337032
87
0.000350516
0.237388
0.948498
0.0651352
0.0384663
16
0.00963379
0.0611523
0.0303962
0.0905782
53
0.00201151
0.307442
0.976373
0.0410284
0.323887
95
0.000180427
0.0778022
0.0337256
0.400899
25
0.00112662
0.285905
0.990938
0.0593559
0.363872
28
0.00970228
0.069865
0.0456877
0.298129
36
0.00422815
0.0386619
0.942813
0.00296425
0.149585
88
0.00189163
0.0219071
0.0395942
0.427881
3
0.00042762
0.234565
0.941754
0.0697701
0.267691
96
0.00391519
0.0395908
0.044248
0.358986
16
0.000264141
0.178719
0.972098
0.0413586
0.235475
80
0.00978158
0.0374571
0.0480116
0.482497
31
0.00286919
0.300155
0.995972
0.0182132
0.116868
58
0.00780671
0.0885098
0.0468451
0.1566
90
0.00407427
0.0715028
0.915847
0.0153218
0.43204
23
0.00541883
0.0562411
0.0385461
0.19967
84
0.00485635
0.061861
0.989297
0.0118969
0.381547
88
0.00974617
0.0591872
0.0467627
0.335391
14
0.00174021
0.238494
0.956077
0.087617
0.239426
89
0.000819974
0.0181106
0.0390869
0.347594
56
0.000266626
0.312501
0.908127
0.0639605
0.160087
20
0.00973673
0.0209064
0.0168649
0.033575
11
0.00102871
0.311114
0.909912
0.0643855
0.294077
76
0.00440474
0.0167518
0.0102038
0.0440245
49
0.000408234
0.25599
0.911333
0.0378979
0.0340172
53
0.00154773
0.0712263
0.0398639
0.202289
78
0.00163181
0.0784321
0.950323
0.0140387
0.237489
29
0.00778747
0.0898537
0.0350786
0.445107
97
0.000743789
0.396066
0.94183
0.00979469
0.477173
29
0.00333754
0.00975128
0.0255375
0.420431
10
0.00428847
0.388036
0.962086
0.00189889
0.0326257
52
0.000909496
0.0622237
0.0484405
0.48064
99
0.00417945
0.111689
0.901972
0.0582987
0.410235
33
0.00583302
0.0707695
0.0496412
0.0547331
92
0.00398185
0.0562821
0.925026
0.0377552
0.0810099
7
0.00122953
0.0985693
0.0176082
0.027709
37
0.00106186
0.357249
0.907795
0.0874969
0.227643
81
0.0076245
0.0993824
0.0368892
0.0494188
59
0.00147625
0.0847451
0.915658
0.0834703
0.36109
84
0.00592732
0.0140014
0.0306915
0.185181
63
0.0011423
0.13437
0.922122
0.0534147
0.00887341
57
0.00622076
0.0733018
0.0431432
0.283104
5
0.00463941
0.193806
0.914411
0.0849292
0.107352
66
0.00586492
0.0479064
0.0194019
0.113169
47
0.00355813
0.0690003
0.996771
0.051371
0.45762
87
0.000671032
0.028648
0.0334062
0.363052
12
0.00156718
0.352985
0.987134
0.0491371
0.269909
48
0.00907849
0.014986
0.015549
0.0682282
36
0.00131002
0.0666117
0.928816
0.0514908
0.130424
8
0.00797498
0.0237957
0.0469297
0.333699
17
0.00379929
0.158282
0.944441
0.0157079
0.0455661
95
0.00220464
0.0839295
0.0235193
0.336213
47
0.0019787
0.157334
0.963585
0.0527093
0.225712
10
0.00901928
0.0998765
0.0143753
0.249091
19
0.00380568
0.361713
0.995629
0.0189675
0.472725
99
0.00016808
0.0789038
0.0247731
0.498346
3
0.00301959
0.179464
0.903799
0.0551178
0.303824
98
0.00705382
0.0469817
0.0470264
0.0995381
75
0.00294938
0.242805
0.958167
0.0372032
0.174603
31
0.00151558
0.0769579
0.0400417
0.397689
78
0.00309097
0.129794
0.919829
0.0746464
0.391867
36
0.00254932
0.0443185
0.0382202
0.350333
42
0.00117289
0.290807
0.92342
0.0895606
0.222058
69
0.00675011
0.0775981
0.0199001
0.334407
98
0.00347859
0.159653
0.937805
0.0198696
0.345877
1
0.0091724
0.00480429
0.0252604
0.306625
69
0.00198363
0.0981399
0.956761
0.0269132
0.143551
39
0.00404904
0.0821163
0.0344477
0.495706
49
0.00172413
0.102996
0.958879
0.0829259
0.231804
59
0.000244649
0.0781694
0.0459983
0.269644
67
0.00153165
0.265191
0.921825
0.031621
0.460121
68
0.00361238
0.0665485
0.0208893
0.179595
82
0.00335488
0.0654348
0.997005
0.0499757
0.353986
14
0.00388623
0.00200275
0.032746
0.478828
22
0.000713838
0.397049
0.956595
0.000713896
0.0259183
85
0.000966444
0.0677394
0.0227363
0.000887159
58
0.00168404
0.328207
0.963404
0.0512254
0.39887
87
0.00589191
0.0908564
0.0101401
0.231097
67
0.00324954
0.154783
0.988117
0.0239932
0.10348
75
0.00115836
0.0524414
0.030066
0.0702903
80
0.000433751
0.249724
0.902064
0.0266729
0.43556
4
0.00382925
0.0528375
0.0332493
0.465794
81
0.00390564
0.249307
0.909478
0.0827615
0.155153
90
0.00567655
0.0720593
0.0321208
0.416234
43
0.0023833
0.0641908
0.989681
0.0575057
0.380867
54
0.00498604
0.0547149
0.0255062
0.0454107
31
0.00279968
0.368699
0.99749
0.0707794
0.430871
96
0.000222939
0.0193628
0.0495499
0.194596
61
0.000835139
0.0512489
0.949897
0.00771315
0.489241
91
0.0099811
0.0627952
0.0440665
0.36776
40
0.00406085
0.323549
0.933954
0.0837647
0.158898
50
0.00523635
0.0390625
0.0140764
0.0149356
11
0.00217302
0.358112
0.929871
0.0859203
0.165852
52
0.00459277
0.0324815
0.0481454
0.494734
61
0.00323145
0.254044
0.951484
0.0717822
0.40738
92
0.000369558
0.0988073
0.019252
0.45737
96
0.00315449
0.192928
0.971473
0.0081932
0.418043
36
0.00550279
0.00545605
0.0187056
0.452978
2
0.000887766
0.319984
0.96649
0.00677748
0.0106164
98
0.00866904
0.0162246
0.0124528
0.074636
85
0.00213735
0.0280336
0.940649
0.0569839
0.00476402
77
0.00867946
0.0585368
0.0261678
0.144094
62
0.00264116
0.196268
0.965795
0.047303
0.362076
25
0.00825136
0.0761127
0.0173633
0.255696
41
0.00224286
0.374754
0.959436
0.0611971
0.182147
67
0.00491222
0.0697035
0.0189163
0.258421
98
0.00386646
0.300166
0.939052
0.00806863
0.245605
66
0.00629291
0.0845523
0.0360746
0.143502
9
0.00479464
0.0596126
0.910152
0.0630811
0.117372
25
0.00227366
0.0745584
0.0428439
0.315362
45
0.000623757
0.0353206
0.957242
0.0787942
0.0907993
15
0.00141822
0.0348381
0.0142944
0.180691
41
0.00279295
0.320987
0.934577
0.0525816
0.433188
62
0.00409384
0.0700928
0.0178586
0.212923
59
0.00205211
0.0219971
0.920329
0.0333584
0.21259
45
0.00658577
0.0746632
0.04658
0.0679825
91
0.00334631
0.312784
0.954569
0.0619518
0.470396
11
0.000387948
0.0380285
0.0180442
0.415353
60
0.00162644
0.153832
0.943949
0.0728092
0.255207
60
0.00111426
0.0350968
0.03393
0.182147
11
0.00318059
0.269553
0.946987
0.0846205
0.00302732
83
0.00296119
0.0543331
0.0375231
0.301978
71
0.000329589
0.302727
0.98249
0.0995476
0.372583
63
0.000110408
0.0360389
0.0411542
0.17671
35
0.00354674
0.260142
0.938065
0.0359726
0.305981
92
0.00451888
0.0283355
0.0218756
0.26646
94
0.00137214
0.119221
0.951169
0.0988028
0.0242351
9
0.000427919
0.0175871
0.0261016
0.426119
37
0.00478195
0.197261
0.932507
0.0430692
0.168129
67
0.00375054
0.0273732
0.0150449
0.03712
81
0.00248335
0.343048
0.916063
0.0482544
0.360756
55
0.00334811
0.0423833
0.0113917
0.356277
12
0.000139987
0.128885
0.966238
0.0208672
0.34782
88
0.00330802
0.0206629
0.0358931
0.431857
86
0.00330156
0.372183
0.943008
0.0234173
0.328777
54
0.00557924
0.00828853
0.0207802
0.262684
95
0.00256849
0.341196
0.997179
0.0843568
0.0592422
18
0.00870774
0.0367407
0.0293623
0.112031
3
0.00374499
0.330627
0.99218
0.0132802
0.257552
21
0.00537985
0.0947251
0.0465147
0.481707
26
0.00459614
0.379051
0.918477
0.0485633
0.169807
89
0.00571918
0.0231807
0.0406517
0.0324235
4
0.00127452
0.205468
0.921622
0.032271
0.462383
79
0.00889301
0.0870304
0.037616
0.123483
68
0.00140543
0.19416
0.988047
0.00390202
0.467746
35
0.00723627
0.0389024
0.0211949
0.406384
7
0.00223537
0.162973
0.9831
0.0685378
0.284852
47
0.00692916
0.0281813
0.0416893
0.242111
74
0.00365019
0.139608
0.922585
0.0347808
0.0344357
1
0.000295438
0.0353613
0.0374304
0.107334
3
0.00466353
0.101219
0.939333
0.0263258
0.458712
35
0.00724823
0.0222936
0.0191042
0.0949243
5
0.00421771
0.244184
0.984384
0.0540995
0.0450242
60
0.000457407
0.0767465
0.0454091
0.307376
88
0.00185484
0.366164
0.927669
0.0704273
0.0220405
18
0.00363363
0.0944803
0.0241837
0.0855655
55
0.00307469
0.124642
0.9575
0.0694749
0.375756
38
0.00946128
0.0919259
0.0424186
0.251763
41
0.00212528
0.0428758
0.959731
0.0452837
0.374537
12
0.00101833
0.0772768
0.0188546
0.0626235
50
0.000278309
0.294588
0.908391
0.0211678
0.25107
36
0.00381086
0.0545564
0.0461212
0.368369
39
0.00123115
0.0888985
0.917993
0.0871708
0.459559
42
0.00829216
0.0369635
0.0435381
0.238184
15
0.00320818
0.31645
0.911076
0.0543819
0.219979
55
0.00446569
0.0301027
0.031317
0.327649
53
0.00141906
0.272161
0.995147
0.0691201
0.468799
57
0.00649347
0.0827189
0.0131522
0.0643045
32
0.00499975
0.142132
0.962261
0.0646168
0.173827
24
0.000744214
0.095848
0.0310329
0.0588901
91
0.00110038
0.125563
0.946397
0.00124546
0.000420183
74
0.000301338
0.0292433
0.0205495
0.439554
32
0.00421208
0.226839
0.90171
0.0503827
0.464743
78
0.00579972
0.0626967
0.0163106
0.204036
28
0.000560364
0.0134478
0.973559
0.0180121
0.448253
78
0.00514542
0.0689883
0.0145565
0.408594
54
0.00311582
0.0443686
0.987659
0.0603066
0.0426958
79
0.00835871
0.025981
0.0440851
0.0737653
25
0.00274376
0.363953
0.928529
0.0144809
0.43892
38
0.00573947
0.0796893
0.0296712
0.282463
62
0.00208265
0.0316829
0.978009
0.0176051
0.0886213
7
0.00449251
0.0533915
0.0120989
0.170492
5
0.00416522
0.207217
0.994522
0.0309125
0.260192
7
0.00816241
0.0340643
0.0330808
0.139543
79
0.00238452
0.277295
0.944643
0.0709418
0.324103
10
0.00634877
0.0202798
0.0435106
0.0503125
27
0.00177015
0.182925
0.991366
0.0741406
0.326871
15
0.00420016
0.0726612
0.0386217
0.395118
34
0.00395043
0.18184
0.951794
0.0467563
0.0369643
9
0.00732198
0.0563894
0.0220042
0.0560731
81
0.000856692
0.305038
0.921215
0.0735267
0.0950962
4
0.0073678
0.00913185
0.0443451
0.151552
69
0.00384828
0.222733
0.971928
0.0809555
0.170934
49
0.00652049
0.0199051
0.0233727
0.267592
43
0.00361247
0.175094
0.9435
0.0891537
0.288639
70
0.00476305
0.0280843
0.0322846
0.100873
2
0.00331996
0.281936
0.964378
0.0879699
0.0876459
98
0.00366314
0.0456769
0.0276883
0.477698
14
0.00425802
0.376445
0.970606
0.0670707
0.487541
38
0.00539062
0.0244723
0.0116416
0.0594048
29
0.00250616
0.252198
0.90218
0.0909633
0.015763
100
0.00110054
0.0553742
0.0202165
0.299214
2
0.00150789
0.264504
0.933395
0.0941173
0.307407
30
0.00184291
0.0344719
0.0127306
0.389721
96
0.00484544
0.202975
0.954879
0.0116824
0.067745
27
0.00960234
0.0894934
0.0216997
0.210341
13
0.00119677
0.123593
0.960161
0.0390554
0.308673
31
0.00516965
0.0799932
0.024012
0.476432
5
0.002292
0.0104353
0.99543
0.0662336
0.218431
93
0.00429235
0.0485166
0.0366815
0.418212
72
0.00218162
0.209116
0.929131
0.00418791
0.128216
61
0.00591194
0.0289489
0.0159085
0.365337
41
0.0021494
0.212867
0.961624
0.0385005
0.145761
84
0.00158972
0.0080087
0.0156427
0.287901
48
0.000340013
0.251051
0.982269
0.0763781
0.206849
4
0.00576519
0.0852471
0.0237163
0.247681
23
0.00269385
0.0873435
0.994423
0.0854505
0.310973
51
0.000650012
0.00407398
0.022551
0.305514
21
0.00358031
0.117612
0.975226
0.0982159
0.416519
38
0.00474326
0.0673008
0.0449376
0.018932
38
0.00271317
0.0513504
0.997263
0.0782145
0.469601
40
0.00569403
0.0195537
0.0221669
0.293172
29
0.000135317
0.285117
0.973448
0.0232651
0.340315
90
0.0089469
0.0410174
0.0320265
0.441055
80
0.0045087
0.218896
0.933111
0.0867235
0.147278
81
0.00355414
0.0128664
0.0391794
0.0951195
71
0.00359313
0.268322
0.916501
0.0873412
0.496012
70
0.00911604
0.00257896
0.0384124
0.00510298
9
0.00196841
0.0801615
0.970363
0.0395466
0.0236259
51
0.00317255
0.0598266
0.0128568
0.380984
21
0.000301202
0.0288443
0.92087
0.0552963
0.390138
50
0.00406943
0.0326113
0.0115682
0.491484
64
0.0016012
0.38438
0.987474
0.0670017
0.492802
31
0.000870289
0.0460892
0.0254381
0.338767
87
0.00100513
0.214244
0.94871
0.014826
0.285136
81
0.00248888
0.0755279
0.0303154
0.166691
76
0.00157809
0.34979
0.942586
0.0841684
0.346336
6
0.00688696
0.0200811
0.0149779
0.410061
72
0.000996789
0.191572
0.940404
0.0805555
0.230212
46
0.0089856
0.0842758
0.0279123
0.444814
6
0.00234563
0.170088
0.9587
0.0357535
0.474608
79
0.00800833
0.0579814
0.0330084
0.246842
90
0.00493213
0.348503
0.966042
0.0903588
0.348046
48
0.00359743
0.0529324
0.0284183
0.0771229
17
0.00242914
0.334357
0.973841
0.0816476
0.290176
94
0.00501345
0.0656093
0.0353905
0.390824
31
0.00229615
0.263528
0.969788
0.0302259
0.122845
33
0.0095225
0.0315415
0.0464576
0.0667024
28
0.00131554
0.23549
0.94317
0.0675001
0.195574
39
0.00900824
0.0762903
0.0421868
0.412773
6
0.00333498
0.166198
0.906914
0.0821145
0.210218
2
0.00971693
0.0743908
0.0120222
0.2797
30
0.00152356
0.17843
0.983831
0.0883129
0.200477
24
0.000515876
0.0213782
0.0415277
0.0292632
98
0.000492401
0.200019
0.982694
0.0163338
0.186947
41
0.00594635
0.0336764
0.0213911
0.442132
38
0.00139796
0.367889
0.930277
0.0726077
0.154605
37
0.00438788
0.0850382
0.0107808
0.169279
74
0.0048827
0.0696047
0.904516
0.0779209
0.237006
83
0.00604424
0.0453656
0.0249096
0.0312188
27
0.00424615
0.0950681
0.957952
0.0446321
0.397902
4
0.000789119
0.0549225
0.0392938
0.213488
14
0.0011636
0.125214
0.924646
0.0649616
0.141809
42
0.00510463
0.0187703
0.0345735
0.405272
29
0.00232191
0.090785
0.924296
0.0295095
0.176516
73
0.00310899
0.0685541
0.0285895
0.0419859
4
0.00412519
0.157456
0.90472
0.024652
0.35729
12
0.0062125
0.0913495
0.047624
0.183512
30
0.00280736
0.306117
0.989378
0.0921738
0.0477493
70
0.00936897
0.0495295
0.0108302
0.385474
28
0.00209114
0.315131
0.960677
0.0887188
0.211248
68
0.00819145
0.0464135
0.0450735
0.0227973
26
0.000812026
0.0170642
0.93504
0.0595276
0.465553
1
0.00712775
0.0650484
0.0219496
0.195186
58
0.00309897
0.318071
0.956864
0.0698661
0.227053
57
0.00750249
0.0958268
0.0141253
0.127395
16
0.00356716
0.36097
0.912268
0.0682131
0.317206
36
0.0089241
0.0409703
0.0173086
0.403951
26
0.000291302
0.246164
0.93481
0.0919844
0.299141
28
0.00980013
0.0132745
0.0307209
0.259587
46
0.00189636
0.161114
0.980327
0.0687159
0.376866
94
0.00488412
0.0670755
0.0299219
0.489036
39
0.00194474
0.0451671
0.95422
0.0933522
0.188122
84
0.00529268
0.0171317
0.0348641
0.126602
66
0.00291078
0.318678
0.974588
0.0361255
0.19963
31
0.00106482
0.057334
0.0182244
0.47578
69
0.0027826
0.0987263
0.901355
0.036309
0.198702
46
0.000984785
0.0901579
0.0130176
0.149938
27
0.00219276
0.189071
0.977428
0.0822939
0.280452
41
0.00875074
0.0976487
0.0422943
0.22853
87
0.00460123
0.128273
0.992617
0.00544395
0.125716
6
0.00952773
0.0500207
0.0250938
0.129704
93
0.00324321
0.288273
0.928344
0.062065
0.0397389
19
0.00555395
0.047292
0.0364077
0.227725
92
0.000925108
0.115563
0.921521
0.00258183
0.289431
97
0.00913309
0.0068335
0.0473198
0.276438
76
0.000850873
0.297009
0.978076
0.0640938
0.185682
82
0.00344439
0.0867821
0.0163643
0.284845
52
0.00061932
0.219629
0.96833
0.0913741
0.476892
37
0.00213902
0.0480612
0.0220925
0.0531098
41
0.00282671
0.175778
0.914796
0.0795968
0.150608
16
0.00387584
0.00529864
0.0476829
0.377322
22
0.00269832
0.273657
0.984838
0.0319449
0.13735
47
0.000446833
0.0917312
0.0394632
0.414975
17
0.00202582
0.216476
0.981448
0.00350471
0.344205
22
0.00879178
0.0635793
0.0419525
0.111372
89
0.000526644
0.141311
0.969167
0.0298791
0.0130248
73
0.00454638
0.035649
0.0325105
0.150599
7
0.000719919
0.0968519
0.902818
0.0355173
0.0715695
60
0.00505096
0.0301164
0.0366342
0.345642
47
0.000208897
0.384925
0.988422
0.0960055
0.224137
71
0.00795886
0.00616336
0.0274679
0.25785
47
0.000633693
0.266578
0.927249
0.0376359
0.497397
5
0.00201816
0.0854595
0.0351456
0.300275
88
0.0015967
0.231507
0.938694
0.0249425
0.0528059
33
0.00543107
0.025317
0.024308
0.0247083
85
0.00411614
0.109226
0.914228
0.0944569
0.414232
79
0.00848695
0.00263869
0.0427903
0.0259633
46
0.00167256
0.399026
0.997618
0.000175091
0.30263
14
0.0017533
0.0727371
0.0378865
0.0631564
66
0.00181283
0.330264
0.930408
0.0789778
0.0936161
72
0.00714818
0.0416104
0.0159639
0.488117
96
0.000487344
0.0164684
0.902648
0.0677538
0.232204
9
0.00307139
0.0595748
0.0123753
0.308034
12
0.00314212
0.258255
0.980167
0.0760709
0.386695
23
0.00325378
0.0658751
0.0267385
0.172204
70
0.00369069
0.145454
0.996529
0.00184408
0.166089
89
0.00772924
0.0811682
0.0266756
0.464679
48
0.000766011
0.220073
0.958316
0.0630199
0.403365
38
0.00380118
0.0431945
0.0475932
0.0283316
28
0.00226056
0.332578
0.945283
0.0418582
0.0729815
62
0.0028629
0.00666667
0.0238787
0.168149
45
0.00446733
0.227025
0.953703
0.0338659
0.444784
100
0.00445412
0.0979493
0.0423974
0.378027
10
0.00483002
0.138599
0.990448
0.0672851
0.157017
92
0.00760767
0.0249472
0.0439705
0.375433
96
0.00350916
0.263487
0.922834
0.0154946
0.473537
63
0.00747193
0.030607
0.0226209
0.229773
2
0.00288872
0.31413
0.914025
0.00454271
0.480764
58
0.00369442
0.0504758
0.0229658
0.264499
25
0.00322257
0.371598
0.907273
0.0991779
0.39547
48
0.00402932
0.0688375
0.0153417
0.128089
42
0.00214776
0.151818
0.959934
0.0481453
0.164685
47
0.000597671
0.0889472
0.0244533
0.0308395
95
0.00289428
0.387385
0.986546
0.0215573
0.00650511
64
0.00872857
0.0313915
0.0245522
0.250168
42
0.000985786
0.0739118
0.967845
0.0327178
0.483498
39
0.00653919
0.0397502
0.0114602
0.381361
45
0.00296009
0.334865
0.974679
0.0430313
0.0317571
78
0.00515541
0.0806653
0.0487402
0.167949
18
0.00109602
0.358844
0.915458
0.0456173
0.499804
39
0.0028144
0.0630856
0.0363911
0.499678
55
0.00481005
0.355372
0.929652
0.0783964
0.0131381
97
0.00421981
0.029483
0.0335858
0.45865
9
0.0031771
0.20866
0.996181
0.099731
0.193783
27
0.00469492
0.0892912
0.0183107
0.160341
71
0.00233845
0.185059
0.978368
0.0075931
0.123965
5
0.00489674
0.0370648
0.0489053
0.434808
100
0.00277394
0.132671
0.981577
0.0416524
0.400808
82
0.00536214
0.0588614
0.0315794
0.235437
66
0.00135996
0.0579539
0.969984
0.00663753
0.441137
32
0.00756577
0.0934335
0.0326146
0.13743
1
0.00203771
0.229833
0.909219
0.0923225
0.00604643
51
0.00910277
0.0871348
0.0161972
0.331964
49
0.00249735
0.252862
0.96336
0.0311874
0.175959
53
0.00670775
0.0955826
0.0106305
0.193803
46
0.00137525
0.365495
0.93847
0.0536892
0.0228056
86
0.00399145
0.0572154
0.0256015
0.103106
71
0.00199908
0.209999
0.981951
0.00570431
0.355977
19
0.00922584
0.0106352
0.010469
0.310075
54
0.00287991
0.372741
0.960559
0.0521731
0.271536
88
0.00933605
0.0556793
0.0317624
0.181726
23
0.00171548
0.233026
0.982034
0.0749074
0.484027
55
0.00166534
0.0240386
0.0197373
0.120668
80
0.00360126
0.373648
0.920578
0.0884456
0.141068
6
0.00113821
0.0818042
0.0498297
0.147829
35
0.00497859
0.106646
0.930768
0.0549091
0.427677
44
0.00983902
0.0634912
0.0119575
0.440604
82
0.00175309
0.375261
0.912538
0.0365605
0.412138
43
0.00709389
0.0716198
0.0460693
0.274678
23
0.00409805
0.0558961
0.927883
0.0289694
0.191047
26
0.00194693
0.092946
0.0198167
0.404785
92
0.000827528
0.0928453
0.900203
0.0241806
0.208479
29
0.00393566
0.0539659
0.0224495
0.216669
66
0.00105495
0.0747921
0.962477
0.0778205
0.436017
18
0.006687
0.0183087
0.021237
0.409412
92
0.0031191
0.385863
0.994012
0.0465902
0.331392
49
0.00672263
0.0974946
0.0452044
0.402348
16
0.00263585
0.168216
0.985692
0.0678467
0.282631
52
0.00208998
0.0693356
0.0218161
0.332454
83
0.00195779
0.21203
0.903601
0.0228353
0.0923099
91
0.00234316
0.0506764
0.0438189
0.48778
18
0.00431768
0.329367
0.971595
0.0819524
0.0689951
71
0.00302594
0.0828154
0.0333186
0.483618
21
0.00372345
0.176676
0.988565
0.0502245
0.129652
67
0.00494276
0.0138183
0.0403265
0.466917
75
0.00177694
0.309568
0.948298
0.0495924
0.417903
7
0.00809494
0.0962807
0.0388527
0.382699
40
0.00466898
0.204031
0.983511
0.0601951
0.146786
21
0.00322341
0.00938506
0.0362378
0.285676
56
0.0038616
0.22203
0.903962
0.0440973
0.102059
93
0.00822527
0.0515676
0.0164507
0.248262
65
0.00272525
0.287444
0.986776
0.0850495
0.0575163
49
0.00218364
0.0703908
0.0475184
0.0786781
30
0.00128592
0.0897384
0.963109
0.0627405
0.48289
70
0.000887378
0.00952564
0.0184284
0.297631
49
0.00166678
0.376879
0.908064
0.0799583
0.163643
94
0.00722043
0.0887008
0.0397544
0.117582
92
0.00303823
0.0788569
0.922976
0.0722043
0.153376
30
0.000763404
0.0343257
0.012253
0.364548
70
0.00282314
0.0813089
0.904969
0.0911135
0.368865
11
0.00099519
0.0600707
0.0199626
0.142915
77
0.00361829
0.273606
0.939921
0.0914683
0.42517
5
0.00837834
0.0100895
0.0165696
0.294171
53
0.00179926
0.294733
0.968198
0.0853202
0.42053
60
0.00928088
0.0625357
0.0451576
0.0111672
93
0.0035749
0.217008
0.990227
0.0069927
0.0011596
75
0.00233343
0.0422001
0.0193291
0.0403055
45
0.0019234
0.169795
0.948939
0.0998439
0.0648739
25
0.0018222
0.002861
0.0402013
0.192949
16
0.00366745
0.192412
0.91521
0.0397144
0.490092
10
0.00137353
0.0444237
0.0264118
0.325057
6
0.00441049
0.136852
0.962647
0.0400076
0.0764696
14
0.00457213
0.058631
0.0176939
0.271622
97
0.00142497
0.36268
0.927379
0.000512377
0.332149
82
0.00821438
0.0521069
0.0361152
0.370007
19
0.00392967
0.27854
0.938912
0.0654763
0.0785724
84
0.00206984
0.0880363
0.0214877
0.175298
61
0.00168888
0.171333
0.904878
0.0308019
0.179501
33
0.00564475
0.0876429
0.0102423
0.0819905
73
0.00121374
0.322695
0.932184
0.0194988
0.287847
77
0.00484259
0.04625
0.0485321
0.141925
82
0.000875374
0.321577
0.905527
0.0105392
0.394711
56
0.00612291
0.0848044
0.0121825
0.189717
62
0.00456287
0.165584
0.97571
0.0754356
0.34235
42
0.00466486
0.0269982
0.0213028
0.00799804
85
0.00395187
0.0201032
0.936077
0.0178587
0.183864
65
0.00305555
0.0143748
0.0283278
0.387858
100
0.00363447
0.337349
0.923855
0.0718659
0.108306
85
0.00659796
0.0493279
0.0490611
0.0041225
58
0.00443972
0.0247705
0.949672
0.0803351
0.194716
44
0.00861908
0.0801689
0.010527
0.0752569
17
0.00210153
0.391749
0.978869
0.0663762
0.279611
18
0.00967029
0.087787
0.0308778
0.0976267
93
0.00387358
0.303281
0.911279
0.0251379
0.205226
72
0.000158387
0.0474568
0.0169593
0.379734
6
0.000696983
0.0394805
0.984164
0.0520274
0.443977
20
0.00480969
0.0675294
0.0206282
0.211855
95
0.00188937
0.180973
0.940229
0.0844933
0.0589549
12
0.00534204
0.0860447
0.0279946
0.3739
64
0.00184308
0.392319
0.996261
0.00505466
0.0120551
47
0.00923688
0.0663479
0.0461672
0.230394
64
0.00457624
0.0498575
0.912364
0.0121708
0.264739
5
0.00433644
0.0816441
0.0453573
0.0474212
65
0.0047633
0.153096
0.947564
0.0618004
0.327041
44
0.00640549
0.0990393
0.0340831
0.496691
54
0.00101162
0.337881
0.90155
0.0236511
0.329501
96
0.00504832
0.018889
0.0386501
0.101392
14
0.00224982
0.0747215
0.940982
0.0613376
0.396377
30
0.00180238
0.00430961
0.0230959
0.343036
64
0.000393348
0.38154
0.91867
0.0732465
0.0739949
91
0.00616938
0.0668291
0.0257322
0.351965
15
0.00268153
0.270639
0.912942
0.0423193
0.0271049
69
0.0017292
0.0116192
0.0352522
0.148884
34
0.00316363
0.119097
0.946716
0.00522002
0.209951
73
0.00920208
0.081236
0.0201483
0.342892
59
0.00191872
0.0379884
0.908687
0.0930477
0.0987539
8
0.00134331
0.0541824
0.031934
0.261816
98
0.00491559
0.184428
0.983704
0.095889
0.0462592
61
0.00377484
0.0721326
0.0112738
0.437192
53
0.00436317
0.248073
0.905748
0.0110983
0.0568995
68
0.00627264
0.0316954
0.0161205
0.134068
79
0.00123931
0.0326678
0.910356
0.0205875
0.301689
12
0.00857136
0.0121497
0.0349055
0.460367
60
0.00382174
0.236916
0.968948
0.0736428
0.213301
83
0.00858399
0.0831664
0.0402943
0.292038
68
0.000981624
0.180503
0.954283
0.0943494
0.228387
34
0.00553219
0.0227994
0.0472644
0.206069
46
0.00498846
0.12773
0.993085
0.00377959
0.202688
84
0.00347112
0.0264958
0.04186
0.239256
1
0.00260048
0.0545242
0.950102
0.0247302
0.466693
9
0.00775656
0.0795297
0.0189707
0.0715337
55
0.000581873
0.386722
0.907478
0.0403135
0.0750711
72
0.00318971
0.0972213
0.0275679
0.432883
18
0.000561654
0.0255065
0.913358
0.0539143
0.203955
13
0.00696085
0.0387518
0.029734
0.164237
11
0.00432838
0.148355
0.952971
0.0701986
0.060988
37
0.00751612
0.0910098
0.0273786
0.244012
80
0.00184892
0.204332
0.985999
0.0475568
0.276182
40
0.00528709
0.0165126
0.0416314
0.41771
63
0.00492233
0.049069
0.952608
0.0706152
0.180833
75
0.00346547
0.0640426
0.0412183
0.39257
76
0.00179308
0.260531
0.967119
0.072875
0.0975817
34
0.00615067
0.057689
0.0228677
0.243056
29
0.000113789
0.0802542
0.937317
0.0325963
0.242615
3
0.00813089
0.0380185
0.0172474
0.00116034
32
0.00158492
0.298191
0.918973
0.00835621
0.379881
73
0.000804841
0.0961315
0.0338759
0.152821
40
0.00474484
0.0602297
0.98288
0.0129913
0.296026
22
0.00136678
0.0108809
0.0493925
0.0722324
42
0.00482204
0.16694
0.943745
0.0573105
0.354454
58
0.00486554
0.0438668
0.0444122
0.312517
79
0.00414947
0.147507
0.930676
0.0993194
0.463147
56
0.00726783
0.0632741
0.0408064
0.330863
72
0.000596157
0.250412
0.928209
0.0556592
0.105153
50
0.00632802
0.0837325
0.0407485
0.226637
85
0.00135195
0.12156
0.913091
0.0141975
0.220646
48
0.00499344
0.00707078
0.0436016
0.102072
9
0.0033684
0.0404098
0.907647
0.0493906
0.330141
27
0.00561618
0.00743092
0.0420157
0.468987
79
0.00194023
0.257732
0.967926
0.015066
0.312144
10
0.0011985
0.0412238
0.0373245
0.104158
35
0.00129911
0.011778
0.919287
0.0832102
0.450905
89
0.0046217
0.0265809
0.0149483
0.173408
33
0.000534714
0.289915
0.941563
0.0346174
0.109796
4
0.00647035
0.0311804
0.024388
0.055181
46
0.000643733
0.381065
0.998134
0.040652
0.020655
17
0.0066616
0.0938925
0.0277695
0.383397
25
0.00332801
0.0725432
0.968872
0.0810373
0.408665
86
0.00437142
0.0179918
0.0112923
0.471591
55
0.00417369
0.17701
0.94419
0.0764712
0.187957
29
0.00329983
0.0383849
0.0446791
0.447048
89
0.0010739
0.0278815
0.971103
0.0606654
0.32189
55
0.00842262
0.092214
0.0336621
0.122538
66
0.00226887
0.39008
0.926049
0.00314042
0.171125
62
0.00298894
0.0481277
0.0334822
0.359966
35
0.00151827
0.325041
0.926462
0.0412061
0.351603
63
0.00314592
0.0994948
0.0187437
0.352413
91
0.00438816
0.0322721
0.946297
0.0125813
0.339308
36
0.00962234
0.00197377
0.0138438
0.0932017
81
0.00285735
0.39961
0.939438
0.010486
0.0419841
88
0.00401057
0.040787
0.028552
0.31755
99
0.00145196
0.046025
0.980703
0.0127144
0.440857
95
0.00395577
0.0906452
0.0202653
0.0790035
6
0.000753442
0.0468225
0.934199
0.0394085
0.277737
46
0.0079164
0.0333684
0.0392477
0.245478
39
0.000454088
0.234982
0.970756
0.0508006
0.378545
13
0.00883865
0.0335657
0.0438937
0.222646
12
0.00346807
0.267485
0.992904
0.0438419
0.304271
74
0.00225559
0.093762
0.0144731
0.036678
73
0.00434628
0.239627
0.932435
0.0424919
0.336673
74
0.00769779
0.0246862
0.0466774
0.00663536
17
0.004029
0.105665
0.975445
0.036776
0.326025
26
0.00521683
0.036433
0.0396335
0.348193
19
0.00244376
0.298822
0.909556
0.0452258
0.377842
49
0.008338
0.0184776
0.0135359
0.0200014
68
0.00111276
0.0671976
0.937214
0.0305207
0.419636
64
0.00964395
0.034886
0.0387236
0.470194
63
0.00424139
0.282626
0.931002
0.0230704
0.0690898
91
0.00981945
0.0486565
0.0175053
0.39946
42
0.00486397
0.138999
0.976494
0.024318
0.177319
22
0.00700999
0.0304264
0.0458797
0.219487
72
0.00247838
0.0145461
0.969465
0.0653599
0.0915209
2
0.00367713
0.0855558
0.0445037
0.237937
84
0.00145806
0.345155
0.968626
0.017464
0.167196
66
0.00434677
0.017653
0.0426999
0.474967
4
0.00472179
0.342151
0.976024
0.0744233
0.259377
23
0.00472875
0.00345217
0.0490149
0.45425
37
0.000236672
0.156373
0.966607
0.0784741
0.178167
74
0.00785513
0.0308346
0.0110011
0.290488
87
0.00371495
0.161859
0.919461
0.0281172
0.0295665
99
0.000505833
0.0701781
0.0328849
0.35322
10
0.000778585
0.333237
0.983303
0.0534499
0.134121
65
0.00118298
0.0953023
0.0268006
0.36921
36
0.00231174
0.0235522
0.998323
0.00732354
0.104968
72
0.00186691
0.0604918
0.0494439
0.272169
79
0.000396898
0.137786
0.98054
0.0634293
0.132631
20
0.00683477
0.0647534
0.0124883
0.449942
70
0.000155868
0.325866
0.936388
0.040709
0.00727544
81
0.000682032
0.0742311
0.0216737
0.0518289
61
0.000951219
0.393268
0.905174
0.0191353
0.286685
17
0.00283647
0.0491794
0.0137533
0.448817
39
0.00017002
0.122915
0.936861
0.0856253
0.181704
76
0.00603851
0.0204099
0.023924
0.0830144
23
0.00370382
0.295834
0.91349
0.09356
0.389649
95
0.000564729
0.0911274
0.0147296
0.207746
77
0.000416936
0.0632101
0.910713
0.0791213
0.0179803
75
0.00214052
0.001413
0.0106667
0.41376
54
0.00304675
0.149528
0.951037
0.0370409
0.456524
26
0.00449816
0.0458253
0.027354
0.484609
70
0.00302725
0.29234
0.973075
0.0948564
0.240381
6
0.00596668
0.0824485
0.0231234
0.091768
83
0.00246258
0.0684027
0.900528
0.0565197
0.0703912
71
0.00813902
0.0273069
0.0209733
0.115131
50
0.00452578
0.201487
0.96482
0.00281856
0.341682
66
0.00876736
0.0565573
0.0417815
0.233683
63
0.000472094
0.348552
0.924467
0.0888566
0.349056
85
0.00584746
0.0581426
0.0169979
0.0524727
87
0.00376505
0.388473
0.900671
0.0615223
0.0894477
13
0.00650993
0.0863168
0.0434073
0.0488275
3
0.00319798
0.0542899
0.942192
0.0771832
0.278177
99
0.00630387
0.00115964
0.028027
0.186417
97
0.00338894
0.0441679
0.95478
0.0712791
0.485849
60
0.00931461
0.0466766
0.0388979
0.241525
54
0.00448253
0.33984
0.953423
0.0136215
0.371148
15
0.00702933
0.0130613
0.0309498
0.108831
20
0.00274641
0.0587096
0.934341
0.0172653
0.365219
48
0.00832301
0.0834562
0.0314138
0.461991
54
0.00148252
0.304146
0.916306
0.0168553
0.18501
24
0.00251194
0.0514337
0.0347957
0.00862988
64
0.00143794
0.378926
0.994837
0.0580845
0.35291
35
0.00263382
0.0951094
0.0111463
0.339247
48
0.00200722
0.0964048
0.925426
0.0209209
0.192956
16
0.00107874
0.05022
0.0493462
0.171619
83
0.00216739
0.13054
0.926756
0.00907678
0.439663
98
0.00547197
0.0251354
0.0250041
0.43696
93
0.000735323
0.0364558
0.949112
0.0199927
0.247464
63
0.00637011
0.0575276
0.0428915
0.155905
65
0.000648873
0.199057
0.926629
0.079621
0.366218
69
0.00277805
0.0758182
0.0499867
0.0127967
52
0.00204452
0.140708
0.972335
0.0578494
0.434183
19
0.00882314
0.0639292
0.0328508
0.360598
67
0.00221563
0.254725
0.917649
0.0723814
0.261953
52
0.00638981
0.00575793
0.0371004
0.105708
8
0.00495622
0.164327
0.971031
0.00129981
0.37402
62
0.00930234
0.0452891
0.022666
0.485747
14
0.000802684
0.205831
0.955382
0.00852073
0.110096
54
0.00827635
0.0427697
0.0482023
0.0210539
77
0.000790756
0.335611
0.984559
0.032119
0.358983
40
0.0035093
0.0683751
0.0109535
0.450878
13
0.00172789
0.14997
0.974884
0.0459371
0.131721
28
0.000913228
0.0619854
0.030084
0.256057
86
0.00330736
0.0418647
0.913808
0.0186315
0.0197145
51
0.00728927
0.0718816
0.0413207
0.286801
83
0.00318875
0.165035
0.945571
0.00931985
0.054538
86
0.00860679
0.0983767
0.0259715
0.0104419
73
0.00291702
0.173581
0.90118
0.0964376
0.252125
18
0.00606377
0.0157849
0.0345111
0.309487
32
0.00409855
0.345811
0.964134
0.0584987
0.29867
41
0.00384375
0.0405934
0.0103414
0.092815
52
0.000545875
0.135559
0.976129
0.00333171
0.234699
80
0.00752948
0.0968391
0.0204765
0.46325
44
0.00292647
0.0260982
0.993822
0.0279666
0.127821
41
0.00132393
0.0874221
0.0343727
0.366443
94
0.00257012
0.0914961
0.947316
0.0352894
0.296979
75
0.00163715
0.0489114
0.0258541
0.188818
43
0.0013863
0.114207
0.902405
0.0262724
0.0848356
76
0.00508254
0.0217211
0.0146342
0.214367
20
0.00341577
0.160008
0.903495
0.00474363
0.119406
90
0.00643095
0.0713362
0.0132384
0.0963099
57
0.00352498
0.271834
0.973974
0.0693593
0.452744
26
0.00340199
0.00648221
0.0282984
0.295537
76
0.00426864
0.308714
0.923989
0.0559873
0.385878
55
0.00316251
0.0135522
0.0195481
0.215786
84
0.00468869
0.117823
0.959127
0.0864351
0.39271
58
0.00144011
0.00322983
0.0383465
0.456172
96
0.00429979
0.099244
0.906687
0.0316729
0.238198
35
0.000409284
0.0731986
0.0146556
0.268489
75
0.00389231
0.131437
0.955197
0.0658215
0.451766
92
0.00736578
0.0123757
0.0223009
0.316214
98
0.000968206
0.354121
0.953987
0.0567345
0.0540765
51
0.00794072
0.0840946
0.024873
0.124085
90
0.00344928
0.0300995
0.918234
0.00035489
0.0827458
97
0.00177253
0.0220284
0.0424961
0.386735
30
0.00438094
0.290571
0.993653
0.0100024
0.142965
43
0.00127667
0.0120175
0.011818
0.162651
27
0.000701704
0.29374
0.991923
0.0222991
0.421158
65
0.00288926
0.0173234
0.0100753
0.035546
19
0.00390019
0.0833415
0.926295
0.0833214
0.471643
28
0.00198838
0.0602788
0.03575
0.0574697
91
0.00414103
0.36986
0.960293
0.0421604
0.0310899
59
0.00223742
0.0925568
0.0456723
0.177754
57
0.00367759
0.0225939
0.965045
0.0508624
0.189777
32
0.00430468
0.0752267
0.0304048
0.346398
7
0.000600104
0.361781
0.905732
0.0447356
0.454968
11
0.000215971
0.0420604
0.040517
0.396091
88
0.000359942
0.106932
0.980954
0.00951128
0.0406668
67
0.0085137
0.00565076
0.0291935
0.318263
56
0.00132621
0.0216513
0.911653
0.0880307
0.413665
30
0.00265678
0.0616307
0.0337828
0.110337
36
0.00243359
0.352097
0.935428
0.0985535
0.149056
94
0.00675902
0.0234808
0.0486877
0.138588
15
0.00170632
0.22851
0.948674
0.0442917
0.0520079
40
0.0094892
0.0332655
0.0397986
0.163437
59
0.00399234
0.233283
0.998849
0.0814652
0.144488
66
0.00149489
0.0497273
0.0137882
0.324924
10
0.000865594
0.257011
0.945393
0.0109338
0.263342
16
0.00777833
0.0038824
0.0200101
0.218249
32
0.00366515
0.343114
0.93969
0.0596538
0.422481
43
0.00145848
0.0374191
0.0368469
0.280611
72
0.00329137
0.150431
0.952835
0.0905999
0.31356
17
0.000576091
0.0903655
0.0316473
0.165718
15
0.000245633
0.115107
0.967205
0.0714665
0.0865816
22
0.00263906
0.0215468
0.0399918
0.217784
43
0.00298382
0.225604
0.908795
0.0839191
0.196568
10
0.00413253
0.0211299
0.0139335
0.303444
49
0.00266332
0.0871967
0.990049
0.0271142
0.0559452
63
0.000705017
0.0644091
0.0232939
0.0692464
38
0.00379261
0.146032
0.985895
0.0392096
0.114874
45
0.00139882
0.0117664
0.0377296
0.125462
44
0.00293783
0.126737
0.98984
0.0350197
0.135519
51
0.00202107
0.0998014
0.0235821
0.479249
25
0.00391598
0.356899
0.920022
0.0956513
0.223541
19
0.000122582
0.0329325
0.0166463
0.236093
31
0.00383347
0.286873
0.974164
0.0170069
0.33538
38
0.00300944
0.0692597
0.0305025
0.319739
5
0.00394151
0.0701077
0.905961
0.037294
0.306542
24
0.0054604
0.0320635
0.0282068
0.187463
60
0.00284089
0.275977
0.970161
0.0183412
0.197737
59
0.00182376
0.0787485
0.0446386
0.384581
51
0.00348896
0.143672
0.925933
0.0438889
0.249766
41
0.00168529
0.0365573
0.0317038
0.254213
57
0.00239325
0.0771653
0.986994
0.02918
0.0949527
50
0.00323138
0.0805199
0.0126566
0.275181
34
0.00108673
0.142945
0.959295
0.0605338
0.258795
20
0.00764637
0.00237976
0.0372512
0.354775
43
0.000816598
0.33853
0.906347
0.0433965
0.139811
80
0.00809933
0.0146498
0.0430637
0.224204
98
0.00353401
0.279124
0.950789
0.0381122
0.266764
95
0.00464129
0.092304
0.0133575
0.174121
50
0.00327779
0.0186655
0.965507
0.0335718
0.320594
12
0.00238235
0.0156491
0.0175534
0.304938
24
0.00440202
0.0483155
0.93831
0.0343107
0.384503
100
0.00425446
0.0537354
0.0196568
0.203771
58
0.004947
0.056912
0.91489
0.0683801
0.293255
32
0.00677281
0.0642919
0.0141956
0.302836
57
0.00227632
0.297818
0.986263
0.0739672
0.45505
13
0.00786654
0.0559875
0.0483028
0.0464869
76
0.00431073
0.396192
0.932678
0.0898595
0.0759141
21
0.00153654
0.0550659
0.0295102
0.473325
24
0.00477078
0.111168
0.991728
0.0401576
0.268208
83
0.00806057
0.0770764
0.0268888
0.497651
33
0.000938971
0.155193
