0.948138
0.0636805
0.48465
60
0.00813261
0.0439172
0.468027
32
1.27111
0.639378
0.00839558
0.987145
0.0708711
0.366072
35
0.00306913
0.0934197
0.292388
85
1.03768
0.64391
0.00535543
0.824716
0.0177571
0.461073
4
0.00654114
0.0444897
0.492616
71
2.48573
0.0978474
0.00256274
0.794466
0.0645592
0.314494
95
0.00553825
0.0664685
0.362195
21
2.03543
0.130644
0.00391925
0.717101
0.0302603
0.0797144
98
0.00207728
0.0255852
0.21216
9
0.259304
0.321634
0.00855145
0.908769
0.0534422
0.217315
95
0.00821323
0.0457719
0.123505
59
3.6203
0.260717
0.00352946
0.840563
0.0525975
0.0742417
8
0.00478709
0.0990972
0.235561
55
0.945212
0.046223
0.00184343
0.831676
0.0323683
0.0972402
81
0.00760795
0.034323
0.297502
78
0.963923
0.323304
0.00901068
0.977934
0.0671986
0.455624
14
0.002623
0.033296
0.159617
35
2.46565
0.694928
0.00573931
0.884588
0.0247303
0.0581806
86
0.00834187
0.0645134
0.327659
95
2.00436
0.709683
0.00751711
0.722908
0.0403962
0.160925
10
0.0085317
0.015804
0.0367139
63
2.80515
0.360063
0.00447656
0.736656
0.0850541
0.407951
40
0.00630932
0.0909628
0.468256
96
1.5674
0.195044
0.00501058
0.98864
0.043931
0.364321
14
0.00779983
0.0726784
0.459793
89
2.3487
0.538491
0.00806249
0.92141
0.0631617
0.0400345
28
0.00455597
0.0437674
0.176463
86
3.18794
0.267506
0.00165491
0.928147
0.0585951
0.229644
37
0.00373387
0.0718475
0.404815
100
2.53426
0.0937397
0.00651815
0.809624
0.0359232
0.181023
8
0.00558077
0.0392556
0.497906
72
1.67747
0.654234
0.00587643
0.790428
0.0192589
0.298185
93
0.00166255
0.07098
0.238296
69
2.42489
0.397746
0.00511195
0.821033
0.0339148
0.313945
87
0.00624587
0.0603784
0.334931
94
0.207745
0.548886
0.00245126
0.818439
0.051963
0.0469221
28
0.00976435
0.0736351
0.328388
77
2.66551
0.00533729
0.00880874
0.913043
0.037842
0.375242
69
0.00265154
0.0684895
0.453904
47
1.4662
0.270138
0.00774864
0.892337
0.0889265
0.220957
65
0.0084352
0.0413129
0.061208
44
2.3692
0.770884
0.00738469
0.812576
0.0886177
0.486197
14
0.00706938
0.0405408
0.0243004
4
0.770669
0.246252
0.0012688
0.733467
0.0151043
0.4482
3
0.00900903
0.0291406
0.267045
41
3.35185
0.583081
0.00982448
0.915706
0.0383236
0.172892
80
0.0041376
0.0499459
0.350014
23
0.436278
0.366327
0.00994198
0.751209
0.0990764
0.0421115
39
0.00171351
0.0614755
0.0386209
54
0.338417
0.342596
0.00286185
0.933543
0.0900735
0.0988934
6
0.00425888
0.0284329
0.214599
39
3.79767
0.510752
0.00721042
0.873826
0.0343197
0.228141
18
0.00769299
0.0205598
0.270057
86
0.751467
0.706105
0.00349162
0.841438
0.0233545
0.30433
42
0.00918757
0.0474595
0.0982046
75
1.96668
0.573343
0.00460956
0.828186
0.0894527
0.0759225
33
0.00774687
0.050856
0.170472
24
3.09782
0.272033
0.00813704
0.93689
0.0563697
0.280908
78
0.00226438
0.0342765
0.174538
94
2.9997
0.681375
0.00798861
0.747073
0.0842061
0.0140091
87
0.00247983
0.0604779
0.247515
19
2.64385
0.123382
0.00490592
0.780736
0.0554398
0.0640961
88
0.0060077
0.0828927
0.141012
53
0.547266
0.050295
0.00662552
0.926825
0.0292945
0.156139
17
0.00507045
0.0146223
0.447549
80
3.84161
0.534315
0.00363096
0.864598
0.0912105
0.472714
89
0.00854078
0.0926602
0.24317
85
1.23578
0.213976
0.00728293
0.869133
0.0227739
0.358648
84
0.00185028
0.0517566
0.479504
72
2.31742
0.24529
0.000950721
0.940824
0.0480664
0.0275249
16
0.00688055
0.0428533
0.178196
87
3.92653
0.0877507
0.00233247
0.718611
0.0477674
0.207057
85
0.000794032
0.041889
0.353717
47
0.895083
0.45575
0.00126719
0.998797
0.0619842
0.423315
89
0.00618307
0.0510612
0.231684
30
3.0463
0.282437
0.0026075
0.784573
0.0683012
0.312816
91
0.0046562
0.0649999
0.452332
66
1.07825
0.383973
0.00144198
0.76256
0.0172172
0.166713
96
0.00911943
0.062896
0.495837
2
3.0289
0.0170148
0.0065419
0.891523
0.0743013
0.469085
77
0.000868811
0.0182168
0.07224
25
1.17952
0.201996
0.00951621
0.801296
0.0952374
0.454872
97
0.00331622
0.0689126
0.476219
1
3.52748
0.70852
0.00550378
0.792558
0.0859878
0.0832288
6
0.0056522
0.0545813
0.466083
74
0.760004
0.527414
0.00190343
0.88278
0.0220943
0.342793
7
0.00027188
0.0752002
0.493039
15
0.243129
0.689775
0.00770458
0.730137
0.0609262
0.479168
29
0.00729706
0.0984775
0.0302939
19
2.76609
0.208748
0.00682837
0.727268
0.0472646
0.287852
71
0.00883754
0.0118589
0.376904
2
2.92261
0.59702
0.00776525
0.705055
0.0444959
0.498111
91
0.00753043
0.0185833
0.491626
79
1.01425
0.552884
0.00385531
0.80793
0.0669075
0.290659
23
0.00846047
0.0713022
0.382702
80
1.3016
0.560452
0.00227667
0.832485
0.0115342
0.115409
59
0.00533709
0.0730423
0.222914
69
1.4929
0.361469
0.00976567
0.809138
0.081174
0.0758043
24
0.00733697
0.0756213
0.330352
58
3.27445
0.619406
0.00277465
0.997937
0.0146083
0.175229
84
0.001592
0.0165676
0.339342
31
0.271043
0.786265
0.00921965
0.734015
0.0568616
0.0286185
26
0.00389536
0.0992176
0.263182
17
3.45827
0.337659
0.00731502
0.904209
0.070565
0.0657359
33
0.00461088
0.0201249
0.333386
29
3.71906
0.101862
0.00361864
0.748506
0.0160792
0.128012
28
0.00957159
0.0566719
0.00653559
65
1.82593
0.0367746
0.00904547
0.924218
0.0799745
0.445719
97
0.00725823
0.0523508
0.123978
34
3.56669
0.645353
0.000674404
0.93895
0.0698138
0.0849619
65
0.00570785
0.0648786
0.347841
6
3.72679
0.391387
0.000317292
0.954751
0.0820894
0.198869
60
0.00422314
0.0698862
0.302435
3
1.64759
0.315607
0.00645694
0.807214
0.0985119
0.191899
20
0.00513508
0.0581843
0.355109
21
3.95459
0.0766871
0.0012469
0.725412
0.0779228
0.34591
99
0.00498542
0.0953218
0.415406
52
0.554822
0.183452
0.00970732
0.795299
0.0723236
0.244529
84
0.00217225
0.0240834
0.435866
25
0.824931
0.528907
0.0047319
0.714587
0.0578062
0.427245
10
0.00666536
0.0760688
0.489448
16
3.02139
0.451253
0.00821046
0.710327
0.0633328
0.355325
4
0.00667873
0.0584564
0.180211
64
3.96203
0.256137
0.00495292
0.854924
0.0308806
0.27708
74
0.00716257
0.0874726
0.101511
68
1.00211
0.5976
0.00161671
0.946446
0.070703
0.107502
9
0.0020955
0.0882947
0.44187
84
2.88493
0.204063
0.00230532
0.957272
0.0556604
0.33158
9
0.00105359
0.0519418
0.377657
50
1.38972
0.41071
0.000368919
0.99528
0.0374773
0.146857
11
0.00819105
0.0423579
0.0850292
42
2.81227
0.776294
0.00192842
0.712081
0.0224324
0.288929
18
0.00783606
0.0348969
0.0319962
72
0.645677
0.238188
0.000932551
0.754214
0.0851658
0.49117
63
0.00247582
0.0763654
0.242092
87
1.84196
0.782882
0.00299234
0.738902
0.0801127
0.0788124
49
0.00464629
0.074926
0.268494
62
1.92489
0.293926
0.00374414
0.950691
0.0711201
0.0498217
95
0.00287989
0.0802703
0.0991149
41
3.43063
0.544122
0.00452967
0.734723
0.0852925
0.182631
60
0.00168736
0.0417395
0.239594
67
0.955416
0.374093
2.31098e-05
0.894629
0.0152397
0.48094
27
0.00139318
0.0760571
0.300099
78
2.62893
0.423948
0.00332488
0.767542
0.0184617
0.0294152
93
0.00516001
0.0514073
0.0804426
15
2.99137
0.461166
0.00892361
0.857257
0.0725184
0.221941
88
0.00615028
0.0768276
0.211136
43
1.25311
0.0512591
0.00937756
0.787059
0.0179591
0.333785
100
0.000465058
0.0530319
0.295648
83
1.87945
0.324765
0.00974631
0.77241
0.0306924
0.483666
15
0.00267968
0.0504085
0.203999
71
1.84651
0.591037
0.00597248
0.85836
0.0999485
0.449521
61
0.00510565
0.0867998
0.0287458
20
3.54202
0.614648
0.00109821
0.768433
0.0855486
0.0504184
92
0.00747294
0.0535885
0.288855
13
2.38093
0.774665
0.00401221
0.848498
0.0763414
0.0674428
40
0.00967788
0.099847
0.0958115
7
2.60868
0.370557
0.00725742
0.956128
0.0694289
0.0907218
23
0.000884432
0.0617157
0.0527363
75
1.22077
0.207482
0.0070852
0.84415
0.0678578
0.0350709
21
0.00501763
0.0310719
0.132866
24
1.71887
0.60512
0.000174511
0.718078
0.067249
0.405846
25
0.000786078
0.045924
0.36845
4
1.14745
0.362192
0.000804942
0.959494
0.029519
0.328771
38
0.0034306
0.0144361
0.461251
80
3.95273
0.44917
0.000550268
0.757187
0.0406001
0.371564
42
0.00831017
0.0324295
0.39759
41
1.46831
0.624598
0.00815203
0.865638
0.0594353
0.475559
41
0.00975125
0.0808505
0.434563
39
0.239253
0.16443
0.00567233
0.889695
0.0175975
0.279348
35
0.00915663
0.0919151
0.11221
18
3.55001
0.309141
0.00213209
0.74179
0.087663
0.39956
92
0.00431231
0.0745395
0.258153
19
0.399281
0.0357332
0.0043332
0.825665
0.0429501
0.196082
86
0.004381
0.0529082
0.25125
36
3.37205
0.377695
0.00239605
0.958567
0.0848322
0.404648
43
0.00144717
0.023366
0.391145
27
3.51302
0.748093
0.000706236
0.758661
0.0117635
0.256842
90
0.00141683
0.0705675
0.062648
56
2.40703
0.333525
0.00409554
0.883307
0.0914497
0.370489
71
0.00526532
0.0565628
0.193553
48
3.58624
0.108222
0.00575344
0.973072
0.0455951
0.338971
31
0.000426085
0.0313552
0.381951
30
0.74769
0.115001
0.00884636
0.839077
0.0336559
0.125584
7
0.00476303
0.032212
0.293005
22
2.39133
0.48421
0.00761331
0.993838
0.0273112
0.165179
47
0.000476398
0.0451719
0.2313
99
0.774317
0.0734837
0.00613453
0.924366
0.0917627
0.379771
5
0.00233349
0.0939292
0.0190493
96
1.57693
0.523054
0.00980443
0.724959
0.0656459
0.375958
56
0.00848739
0.061145
0.181301
57
0.362463
0.772637
0.00871853
0.990357
0.0424728
0.242778
4
0.00902147
0.0199452
0.0886786
46
2.84377
0.575704
0.00674188
0.826201
0.0926056
0.184632
32
0.000294783
0.0335961
0.398561
70
3.60676
0.0580935
0.00411967
0.81611
0.0521684
0.368327
22
0.00946014
0.0393809
0.344822
45
1.10634
0.75583
0.00221018
0.986815
0.096806
0.253067
42
0.00404592
0.0227455
0.438142
90
0.939754
0.746912
0.00895676
0.782961
0.0658068
0.229001
20
0.00191143
0.0879168
0.427729
3
3.08676
0.409704
0.00707936
0.719777
0.0391559
0.0343917
64
0.00965527
0.0577871
0.105689
4
0.638
0.0783898
0.00876866
0.73638
0.0227974
0.235887
53
0.00242723
0.0913837
0.253604
70
2.75719
0.399776
0.00275563
0.806759
0.0353248
0.233939
22
0.00517751
0.016432
0.0665018
60
2.15389
0.7299
0.00608887
0.970581
0.0162845
0.215354
54
0.00609763
0.0365389
0.235082
41
1.91517
0.369927
0.0081928
0.930786
0.0263228
0.479003
53
0.000679683
0.0479553
0.460243
6
3.85146
0.593035
0.00258303
0.834213
0.0268247
0.0214014
33
0.0062279
0.0681411
0.160201
33
3.21704
0.0203283
0.00175044
0.840491
0.0287649
0.168667
96
0.00934736
0.0148494
0.255654
45
1.50332
0.0652871
0.00571597
0.951646
0.0205861
0.323433
46
0.00773012
0.0228669
0.265728
99
0.791771
0.570825
0.00492818
0.92961
0.0289832
0.417651
55
0.00594392
0.0134736
0.178963
67
0.669785
0.766511
0.00772841
0.802043
0.0569983
0.0708878
24
0.00856334
0.0601733
0.428287
99
1.9603
0.279832
0.00306228
0.729561
0.0483496
0.194113
50
0.00313937
0.082511
0.316394
28
3.25883
0.392531
0.00879936
0.709969
0.0611745
0.330573
62
0.00611649
0.0886497
0.0329475
18
2.29479
0.00614399
0.00140015
0.726739
0.0167137
0.412597
44
0.000697517
0.0942971
0.392707
10
0.984893
0.577655
0.00585765
0.8177
0.0636068
0.462229
73
0.0092618
0.0894033
0.0498626
51
3.90167
0.233989
0.00159855
0.898819
0.0932863
0.310365
13
0.00590924
0.0130498
0.387735
61
3.75872
0.179374
0.0082516
0.89719
0.049399
0.207934
60
0.00937604
0.0870093
0.418909
81
1.5256
0.737967
0.00629374
0.774359
0.0524333
0.0912721
65
0.0040156
0.0660906
0.383307
13
1.34012
0.339015
0.00952136
0.968047
0.0404937
0.41135
19
0.00832606
0.0963613
0.158231
78
3.1801
0.118015
0.00887852
0.861156
0.0355224
0.123665
83
0.00442192
0.0123653
0.318894
89
1.09429
0.0702334
0.00680031
0.721585
0.0908288
0.0664285
57
0.00115382
0.0390442
0.0120303
86
2.83231
0.517486
0.00408249
0.771396
0.033106
0.293325
45
0.00394122
0.0561107
0.255175
19
0.223951
0.600954
0.00115664
0.837723
0.0538365
0.353599
2
0.00417308
0.0487515
0.0741588
19
2.74896
0.344301
0.0018147
0.859865
0.0976082
0.178961
37
0.00471361
0.0448426
0.276656
89
1.35122
0.228915
0.00945151
0.857588
0.0148548
0.359662
71
0.000593363
0.0133231
0.118293
30
0.484399
0.413813
0.00146087
0.740908
0.0466049
0.244313
29
0.00454995
0.0315913
0.429981
96
3.41504
0.191701
0.00560793
0.90269
0.0280099
0.440717
26
0.0033695
0.076729
0.358147
50
3.42656
0.206192
0.0082704
0.850408
0.0489169
0.495122
16
0.00378623
0.0414961
0.155012
54
0.467008
0.0719549
0.00593954
0.835634
0.0400983
0.325996
40
0.00307052
0.0143157
0.337251
68
3.06183
0.0282781
0.00764122
0.747824
0.0136148
0.320068
73
0.00293538
0.0281739
0.216465
73
3.62648
0.764123
0.00851782
0.764418
0.0464883
0.268311
81
0.00568765
0.0547417
0.470849
45
1.76579
0.757802
0.00498617
0.745512
0.0756003
0.0556077
48
0.0028143
0.0316569
0.271329
63
2.2231
0.779671
0.00243758
0.833174
0.0144934
0.296088
11
0.00994789
0.0488893
0.220766
68
0.347033
0.0641485
0.00736329
0.960483
0.0726965
0.392851
37
0.00598985
0.0472126
0.244006
12
3.46866
0.38697
0.00569079
0.901345
0.0202054
0.200634
3
0.00110135
0.0528313
0.00576438
23
0.315683
0.716823
0.00191509
0.728336
0.0158774
0.398722
70
0.00634041
0.0196426
0.34275
86
2.13421
0.550051
0.000740331
0.897497
0.0649857
0.373961
67
0.00197983
0.0651508
0.210121
48
3.33776
0.782152
0.00618232
0.967277
0.0945288
0.308996
59
0.00205449
0.0893646
0.26402
37
2.63868
0.476141
0.00899507
0.880432
0.0719509
0.456186
66
0.00580194
0.0152547
0.480669
35
0.372029
0.578704
0.00107497
0.737435
0.0450357
0.213357
89
0.00406237
0.0434206
0.356659
8
0.594449
0.174844
0.0087578
0.903733
0.0866056
0.104435
12
0.00573383
0.0131392
0.0508532
79
0.458469
0.132548
0.00689047
0.914607
0.0973887
0.164065
68
0.00449655
0.0809576
0.414462
35
0.796468
0.676035
0.0098455
0.895205
0.0624057
0.048704
18
0.00490517
0.0254576
0.189156
53
0.411914
0.768612
0.00766234
0.926358
0.0509074
0.436907
55
0.00237464
0.0499761
0.283889
16
0.349931
0.62038
0.0090244
0.706237
0.0622688
0.441753
87
0.00469214
0.0295158
0.317856
88
1.63863
0.472323
0.00603054
0.941713
0.0307878
0.258536
29
0.000610551
0.0300067
0.00265564
78
3.83227
0.248887
0.000234381
0.835066
0.0451321
0.26184
41
0.00552259
0.0212612
0.182279
61
1.7575
0.247136
0.00742523
0.821414
0.0795206
0.174135
51
0.00252505
0.0641589
0.134251
70
2.12
0.418396
0.00118754
0.946366
0.0495479
0.49308
57
0.00577825
0.0231066
0.187249
34
1.39785
0.0903285
0.000280414
0.734316
0.0542339
0.183179
24
0.00212881
0.0843157
0.0812176
15
3.73414
0.00316724
0.00642391
0.906225
0.0835039
0.179676
36
0.00602891
0.0757474
0.110921
61
2.16558
0.0077367
0.00675157
0.73054
0.0415393
0.108403
87
0.0054069
0.0587362
0.160763
91
0.448353
0.694207
0.00620641
0.890735
0.0559762
0.0440635
34
0.00538
0.044025
0.345616
46
1.20057
0.463801
0.00203925
0.966288
0.0411806
0.39498
32
0.00758343
0.0172507
0.163888
60
3.70968
0.117406
0.000849503
0.827762
0.0398995
0.222622
98
0.00162806
0.070738
0.304825
82
0.52271
0.72303
0.00272247
0.77082
0.0582188
0.215935
14
0.00108991
0.0826426
0.0711409
50
0.149969
0.665553
0.00782111
0.962741
0.054686
0.0111
3
0.00942345
0.0397721
0.445445
56
1.05422
0.180442
0.00578641
0.789053
0.0102776
0.17128
72
0.00823222
0.0496348
0.0140331
36
0.931392
0.726953
0.00416654
0.729223
0.0731973
0.2145
6
0.00844381
0.0905041
0.268263
76
2.09183
0.672147
0.00179387
0.813224
0.0615386
0.344517
2
0.00981612
0.0557806
0.0754084
21
2.32956
0.0475916
0.00365332
0.907002
0.0611024
0.347711
20
0.00199694
0.0275954
0.256787
10
2.43134
0.0151649
0.0096545
0.891156
0.0240358
0.153311
10
0.00290045
0.0490898
0.0344289
93
2.67875
0.633684
0.0063375
0.888577
0.0396755
0.132883
68
0.00272908
0.060969
0.425907
61
3.32216
0.663614
0.00177188
0.738493
0.0603674
0.49795
15
0.00104176
0.0534235
0.0518511
49
2.48976
0.291978
0.00726382
0.743958
0.0604826
0.245556
34
0.00755955
0.0242552
0.153476
14
2.20787
0.794092
0.0091315
0.800463
0.0841594
0.357511
88
0.00274829
0.0785566
0.0166615
60
2.73402
0.588438
0.00472108
0.982906
0.0182383
0.089229
13
0.00124466
0.0744337
0.197679
37
3.37665
0.602968
0.00338717
0.964525
0.0333613
0.465551
28
0.00012157
0.0902539
0.142427
37
1.61194
0.104871
0.00563297
0.970911
0.079206
0.097955
50
0.000161695
0.0174882
0.282168
69
1.50845
0.10984
0.00384075
0.874718
0.0816993
0.00262452
29
0.00791303
0.0910866
0.183301
44
2.14085
0.401306
0.00919898
0.833804
0.0981338
0.202691
1
0.00153073
0.0977306
0.285273
55
2.20069
0.567887
0.00225023
0.705633
0.0187041
0.271771
41
0.00816907
0.09222
0.456657
32
3.64277
0.504418
0.0021154
0.994263
0.0793932
0.387713
17
0.00939499
0.0737992
0.0607874
33
1.73891
0.290657
0.00907523
0.936086
0.0639516
0.341949
27
0.00702169
0.0384588
0.329423
76
1.44561
0.542028
0.00897088
0.711255
0.0813503
0.00657975
64
0.00751549
0.0465822
0.260042
47
1.78203
0.197553
0.00676582
0.91778
0.0364129
0.335905
93
0.00258328
0.0521587
0.0691926
39
2.13116
0.515494
0.00545936
0.883723
0.0579172
0.447082
63
0.00322818
0.0108079
0.4643
57
0.210964
0.557333
0.00442888
0.863564
0.089581
0.325071
75
0.00983501
0.0938069
0.293824
75
2.24852
0.213119
0.00445785
0.94993
0.0104356
0.36079
48
0.00094938
0.0779729
0.359697
76
2.90916
0.684927
0.00520834
0.836754
0.0701193
0.127686
16
0.0018369
0.0884495
0.0907826
25
0.515452
0.701466
0.00600157
0.881937
0.0163959
0.357239
61
0.00436789
0.0795608
0.361222
85
2.02212
0.734012
0.000506694
0.760462
0.0701948
0.388834
54
0.00839015
0.0559396
0.107501
40
1.32672
0.0852431
0.0086827
0.707391
0.0171596
0.457714
77
0.00656152
0.0151137
0.190951
53
0.379937
0.130173
0.00891554
0.974252
0.0654551
0.105297
64
0.00648569
0.0859679
0.149813
99
3.24808
0.428055
0.00655156
0.789548
0.0738985
0.293956
55
0.00621755
0.0485635
0.308027
67
0.54113
0.226138
0.00852702
0.779172
0.0766853
0.206261
75
0.00181579
0.0814379
0.0669934
99
3.06749
0.171271
0.00502608
0.701991
0.0154637
0.272579
29
0.00411741
0.0701272
0.301091
54
1.11772
0.137801
0.00459262
0.992568
0.0890417
0.300304
58
0.00276687
0.0286805
0.175
89
2.71099
0.554893
0.000779526
0.754929
0.0504964
0.220345
50
0.00892423
0.0357198
0.3491
11
1.95241
0.474329
0.00290584
0.980584
0.0600977
0.129376
51
0.00889489
0.0618922
0.401471
21
1.69425
0.692812
0.000829951
0.824297
0.0544542
0.0413385
73
0.000407769
0.0667303
0.385516
84
3.59517
0.29621
0.00519801
0.761535
0.021935
0.13444
14
0.00334931
0.0923791
0.437222
83
0.492006
0.0633037
0.00129192
0.740344
0.0135745
0.0687794
23
0.00394023
0.0716107
0.042023
87
2.89444
0.277963
0.00837316
0.703003
0.0550565
0.283475
45
0.00387221
0.0309352
0.319819
49
2.98247
0.327009
0.00760089
0.853317
0.0904163
0.39134
31
0.000846981
0.0502441
0.0935487
98
1.2414
0.414888
0.00942506
0.937822
0.0230934
0.121216
45
0.000346515
0.0100887
0.129167
27
1.13864
0.296817
0.00388541
0.910943
0.0956836
0.46117
94
0.00799745
0.0676396
0.120577
74
0.720009
0.626509
0.00319712
0.704127
0.0972828
0.306467
86
0.0018752
0.0821718
0.322785
38
3.36631
0.724107
0.0094824
0.907704
0.0298882
0.232028
78
0.00837363
0.0832155
0.261018
36
0.332372
0.519063
0.00295058
0.886648
0.0769503
0.0561998
49
0.00990848
0.0270663
0.422885
46
1.93315
0.651479
0.00934372
0.815946
0.0807337
0.0225604
58
0.00218062
0.0742022
0.196447
50
1.68789
0.250694
0.00196931
0.717612
0.0557682
0.265239
6
0.0099365
0.0811352
0.366625
94
0.507361
0.789008
0.00476416
0.962092
0.0446166
0.269495
55
0.00827573
0.0265751
0.38437
37
0.711089
0.385585
0.000526765
0.790258
0.0128242
0.384766
62
0.00543292
0.0325668
0.279981
27
0.989813
0.382695
0.00792802
0.881064
0.0458473
0.418607
77
0.00721756
0.0728638
0.213797
73
2.78649
0.30141
0.00979037
0.975646
0.0398613
0.116719
82
0.00195153
0.0267877
0.462738
1
1.92326
0.305661
0.00430879
0.766196
0.0660777
0.236606
56
0.00638425
0.0608749
0.201735
66
2.55389
0.100603
0.00396905
0.953443
0.0270426
0.0844397
44
0.0036299
0.0450706
0.477114
92
3.26078
0.188969
0.00404493
0.753799
0.0749247
0.132169
59
0.00593705
0.0864914
0.277668
6
2.61763
0.521498
0.00381145
0.799228
0.052978
0.031362
67
0.00824117
0.0191769
0.24083
7
3.82782
0.495893
0.00539853
0.735568
0.0345428
0.129771
91
0.00635885
0.0103816
0.47823
56
3.8125
0.719795
0.00697727
0.921939
0.0802284
0.316569
3
0.00660979
0.0680129
0.442161
32
3.08062
0.465966
0.00888588
0.84382
0.0782975
0.30483
83
0.0068136
0.054172
0.34649
28
3.57168
0.139151
0.0042486
0.800598
0.093878
0.283023
70
0.000548466
0.0996679
0.485152
71
0.563591
0.544529
0.00377642
0.900175
0.0491521
0.15676
49
0.00914205
0.0386996
0.208571
93
0.831757
0.590191
0.00314157
0.720602
0.0549732
0.0820715
99
0.00905664
0.059512
0.0130971
75
1.77003
0.603508
0.00866718
0.991241
0.0728726
0.0522592
48
0.00948854
0.0830261
0.333324
16
2.72687
0.766184
0.00328467
0.701699
0.0864128
0.426993
54
0.00943312
0.0805254
0.00838758
7
1.90556
0.0187273
0.00660907
0.808513
0.0962355
0.226288
61
0.00519383
0.0107185
0.162059
66
0.49995
0.120314
0.00954487
0.792798
0.0790058
0.0692483
59
0.000769079
0.0359436
0.0545429
74
1.13574
0.473185
0.00399009
0.755172
0.0507415
0.270785
66
0.00333365
0.0968161
0.047774
46
1.53114
0.5062
0.00208955
0.875603
0.0551988
0.0451406
93
0.00681029
0.0871202
0.42183
52
3.74286
0.319
0.00523608
0.869967
0.05332
0.239229
81
0.00297886
0.0693523
0.200421
59
2.10694
0.0396434
0.00554367
0.90169
0.0535975
0.265535
10
0.00327858
0.0183709
0.131185
90
0.473286
0.721604
0.00301895
0.779702
0.0652282
0.286057
32
0.0017524
0.018994
0.199489
62
1.06705
0.313101
0.00865266
0.905599
0.0946763
0.419373
70
0.000502858
0.0399439
0.0178131
58
2.0582
0.641823
0.0050828
0.848085
0.0432211
0.327675
76
0.00653041
0.0117167
0.324996
44
2.85498
0.485772
0.00298391
0.771939
0.0618344
0.254108
4
0.00459395
0.0960141
0.372927
33
0.607301
0.0546323
0.00766455
0.719145
0.0921296
0.246674
30
0.00649921
0.0211301
0.0369705
59
0.419208
0.182649
0.00465153
0.929816
0.0844209
0.0931241
57
0.00161481
0.0180535
0.0479172
39
2.69278
0.253798
0.000468195
0.943799
0.0191562
0.141096
47
0.00463037
0.0137374
0.128501
46
0.78127
0.172527
0.00710682
0.84679
0.075061
0.237756
24
0.0036035
0.0369681
0.0259564
26
0.183087
0.616441
0.00206616
0.750192
0.0361329
0.110368
5
0.000740853
0.081684
0.265119
44
3.12531
0.00913524
0.000339876
0.911567
0.0317398
0.0175373
37
0.00124841
0.078974
0.469095
63
3.20524
0.160691
0.00998057
0.756634
0.014001
0.403562
92
0.00440504
0.0879836
0.280759
88
0.685161
0.669703
0.00714359
0.76568
0.0231713
0.0598663
9
0.00345337
0.0576519
0.276419
13
2.05165
0.445653
0.000758331
0.724383
0.0433274
0.393705
9
0.00672205
0.0720221
0.436862
27
3.39346
0.433899
0.00488546
0.93418
0.0592875
0.432096
53
0.00375918
0.0533133
0.42663
58
1.73658
0.49069
0.00693609
0.797329
0.025773
0.494274
46
0.00923408
0.0607411
0.258588
61
0.674741
0.457113
0.00560284
0.918371
0.0545686
0.103417
61
0.00829515
0.0298691
0.499314
97
1.60303
0.261923
0.00112679
0.731438
0.0645104
0.152207
75
0.00985236
0.0950047
0.456076
22
0.533539
0.637852
0.0080512
0.716023
0.0188241
0.18866
8
0.0026113
0.0544462
0.0681753
34
3.27286
0.388006
0.00811806
0.850764
0.0839661
0.145674
14
0.00189882
0.0787012
0.448395
91
0.451233
0.358505
0.00216812
0.920329
0.0335108
0.432251
61
0.0069992
0.0481614
0.1946
45
1.71152
0.113843
0.000256676
0.776341
0.0760503
0.398197
59
0.00346661
0.0176769
0.488469
38
1.62527
0.155721
0.00413152
0.917185
0.0845852
0.198323
51
0.00958601
0.0854106
0.151022
30
3.91306
0.0529548
0.00323247
0.797863
0.0322762
0.348524
35
0.00479273
0.0645988
0.17091
94
0.195244
0.572189
0.00691226
0.996797
0.0443276
0.476078
36
0.00157741
0.0854625
0.153766
73
0.569798
0.547107
0.00153908
0.939526
0.0340996
0.0547884
11
0.00909125
0.0479966
0.249599
31
3.98928
0.763244
0.0014186
0.76668
0.0943486
0.165882
76
0.00695934
0.0224584
0.310194
64
1.2894
0.607992
0.00367391
0.969729
0.036666
0.0432759
76
0.00446922
0.0287347
0.16691
100
2.02788
0.658467
0.00132407
0.738183
0.0740943
0.143575
80
0.00224348
0.0656442
0.0440884
47
2.22764
0.502321
0.0068052
0.878395
0.0992709
0.147824
70
0.0036736
0.0691895
0.49038
44
0.873675
0.159063
0.00104538
0.856051
0.0823246
0.239999
12
0.00292183
0.0518529
0.151794
23
3.12863
0.434737
0.000395336
0.745049
0.0775902
0.113596
3
0.00643341
0.0849032
0.0018061
84
0.872781
0.406595
0.00237114
0.812286
0.0169774
0.136381
69
0.00111985
0.0918994
0.209503
4
0.618039
0.524178
0.00614803
0.845617
0.077701
0.275591
38
0.00875505
0.0593047
0.131874
11
3.30128
0.688899
0.00252849
0.874102
0.0982757
0.422489
42
0.000201872
0.0973555
0.311792
54
2.41556
0.202827
0.00347719
0.889251
0.0781886
0.258361
23
0.00931418
0.0217822
0.409565
7
3.09591
0.413149
0.00516117
0.770167
0.0184213
0.294865
16
0.00566669
0.0661653
0.125148
86
2.96739
0.492874
0.00132993
0.958248
0.0513519
0.188281
43
0.00864253
0.0961496
0.449664
53
0.171547
0.437385
0.00883726
0.984142
0.0242737
0.0618231
64
0.00253596
0.0800202
0.09158
79
2.45239
0.454068
0.00136292
0.867028
0.0923889
0.051261
35
0.00888722
0.0955656
0.366021
48
1.31711
0.215406
0.000209672
0.757595
0.0785986
0.168456
23
0.0043184
0.0798593
0.220303
40
0.296918
0.287915
0.00927092
0.795834
0.0303808
0.00105064
50
0.000903164
0.0395227
0.22458
51
1.43329
0.787966
0.0011322
0.942833
0.0829011
0.00904707
44
0.0083989
0.0852104
0.407466
41
2.51777
0.348187
0.00973185
0.928673
0.0278513
0.254532
94
0.00717891
0.0431701
0.16957
66
0.271527
0.127264
0.00235222
0.952847
0.0501694
0.391087
74
0.000951679
0.042577
0.394239
84
1.56846
0.331992
0.0066568
0.81903
0.0437414
0.395895
66
0.0013564
0.0858409
0.344107
11
3.05322
0.422329
0.00700604
0.741867
0.0666001
0.227383
30
0.00113523
0.0408505
0.302304
24
3.77319
0.461772
0.00566389
0.725794
0.0113015
0.485557
18
0.00675485
0.0429669
0.395672
81
3.23579
0.0245679
0.00104968
0.74444
0.0157122
0.19358
90
0.00953595
0.0555839
0.30722
11
3.43852
0.559678
0.00990648
0.997579
0.0297499
0.11927
74
0.00494639
0.093037
0.0945396
55
2.0944
0.468912
0.00861798
0.814524
0.0712689
0.43446
82
0.00714327
0.0675962
0.351311
74
2.68346
0.150927
0.000909357
0.872856
0.0919025
0.0573125
56
0.00689653
0.0361666
0.375433
51
3.4836
0.516791
0.00122041
0.798372
0.0194537
0.322548
43
0.00397492
0.047742
0.218214
4
1.02578
0.635055
0.00314897
0.813699
0.020262
0.489824
84
0.0037662
0.0292939
0.291122
16
1.75305
0.31587
0.00100455
0.972012
0.0897442
0.301213
5
0.0080365
0.0916344
0.411395
29
2.79901
0.226613
0.00467817
0.830612
0.0687229
0.262779
95
0.000253979
0.035506
0.380365
76
3.66377
0.0343624
0.0060047
0.8232
0.074728
0.0324599
36
0.00607071
0.0318418
0.0118955
98
0.695379
0.304025
0.00542269
0.793366
0.0120579
0.0607777
88
0.00177733
0.0279861
0.465166
92
3.92258
0.508819
0.00421827
0.709256
0.0351618
0.0205231
75
0.000323348
0.0346971
0.156785
77
2.69822
0.647163
7.27434e-05
0.700935
0.091664
0.302614
76
0.00505678
0.0770708
0.0550787
56
2.7744
0.211722
0.00925974
0.98785
0.0130226
0.477527
41
0.00382539
0.0465345
0.457408
42
3.137
0.302134
0.00464207
0.978391
0.0474536
0.150357
82
0.00138641
0.0734173
0.232544
8
0.575679
0.674874
0.000482414
0.995831
0.0721978
0.372759
79
0.00961144
0.0643539
0.0355982
10
0.861391
0.431257
0.00829097
0.982545
0.0953908
0.111428
77
0.00449152
0.0574375
0.138707
97
3.11401
0.579914
0.00992369
0.909952
0.0941146
0.200316
28
0.00309233
0.0765571
0.205958
65
1.89891
0.458478
0.00844617
0.886136
0.0566944
0.0946857
50
0.00804171
0.0624367
0.315758
80
2.5673
0.586937
0.00741852
0.860779
0.0764414
0.0798736
87
0.000438157
0.0436463
0.39922
79
2.1123
0.430475
0.00286764
0.914062
0.0691337
0.23085
60
0.00238722
0.0538547
0.004602
26
1.03213
0.319477
0.00705424
0.977073
0.095655
0.343998
98
0.00172705
0.0972306
0.483899
23
2.2385
0.609277
0.000115887
0.794986
0.0878701
0.190981
96
0.00711279
0.0907642
0.379695
61
2.62335
0.289336
5.56005e-05
0.732645
0.0628666
0.175849
74
0.00908574
0.0587918
0.0209019
41
2.57968
0.339997
0.0034569
0.849991
0.0770193
0.21236
99
0.00127072
0.0798186
0.10239
36
1.82256
0.525229
0.00996948
0.830278
0.0320858
0.138994
34
0.00151773
0.0947389
0.337759
29
3.88278
0.725479
0.00536673
0.722338
0.05871
0.261458
17
0.00771393
0.0554911
0.373604
95
2.07746
0.736997
0.000142014
0.909893
0.0395198
0.281893
94
0.0006227
0.067004
0.286192
13
3.85401
0.496665
0.00438367
0.822282
0.0561998
0.362898
22
0.00670397
0.0232224
0.450181
82
1.41296
0.758774
0.00440747
0.780237
0.0762253
0.113817
18
0.00745096
0.0101893
0.0642135
98
0.289698
0.0316085
0.0062659
0.864372
0.0341592
0.0883804
20
0.00868363
0.0965962
0.185345
27
2.28999
0.0966864
0.00317242
0.879053
0.0165254
0.352609
82
0.00193813
0.0345373
0.282515
15
2.37431
0.163242
0.00619749
0.865659
0.0757584
0.406265
25
0.00708846
0.07769
0.472841
43
3.17216
0.0281042
0.00624603
0.887396
0.0517434
0.351686
26
0.00429214
0.0627015
0.0318324
69
2.91647
0.562761
0.00858188
0.925508
0.0620221
0.154967
67
0.00934406
0.0468579
0.430741
18
1.87431
0.145605
0.00230902
0.98007
0.0325684
0.349438
2
0.00244112
0.0980146
0.0732739
96
1.41833
0.192944
0.00196462
0.79641
0.0392821
0.154281
86
0.00858643
0.0623076
0.0794372
69
1.88577
0.436902
0.00405463
0.881365
0.0267364
0.280352
52
0.00280931
0.0358456
0.443692
3
1.37424
0.716975
0.00744982
0.956584
0.0356006
0.116922
47
0.00664633
0.0120611
0.145788
29
1.94596
0.235114
0.00611999
0.893419
0.0926632
0.20496
82
0.00370372
0.0652952
0.451916
14
1.7984
0.0155737
0.00343118
0.919408
0.0884778
0.101915
38
0.000521526
0.0495064
0.143862
8
0.854316
0.0914133
0.00527444
0.785557
0.0826887
0.474557
47
0.000380858
0.0633431
0.45493
17
3.15677
0.268971
0.00283697
0.759633
0.0388249
0.0389975
97
0.00311048
0.0304176
0.40587
23
2.94356
0.469587
0.00440332
0.87199
0.081528
0.49093
65
0.00948312
0.0904322
0.29493
17
0.388087
0.612051
0.00448812
0.805239
0.0696356
0.223917
40
0.00930372
0.0426395
0.419798
42
3.8618
0.263836
0.00170716
0.969224
0.096436
0.463184
52
0.00787419
0.0126998
0.364206
37
1.21201
0.154112
0.00932811
0.908593
0.0910962
0.381466
56
0.00179462
0.0590399
0.21927
43
3.80154
0.0808719
0.00719535
0.904896
0.0587988
0.361875
42
0.00657822
0.0222762
0.402648
54
3.10707
0.135286
0.00199282
0.893922
0.0149189
0.443134
90
0.00763453
0.0580283
0.0535257
65
2.08491
0.584702
0.00801527
0.758174
0.0131658
0.0877435
89
0.00356127
0.0936206
0.473888
81
3.98309
0.729235
0.00360627
0.842965
0.0119636
0.0105746
62
0.00491513
0.0454945
0.166593
12
1.18982
0.232482
0.000570443
0.837463
0.0976924
0.450761
11
0.00469925
0.0122484
0.0838433
48
0.426589
0.141715
0.00910947
0.806288
0.017501
0.208983
13
0.000360787
0.0377106
0.130278
100
3.49884
0.273768
0.0033398
0.877
0.0479042
0.0264781
89
0.00811472
0.0154303
0.102868
16
3.31229
0.277122
0.00206838
0.972674
0.0245798
0.487743
69
0.00697073
0.0306067
0.110091
46
2.04215
0.0928039
0.00833262
0.879842
0.0539917
0.264441
13
0.00859743
0.0506667
0.432087
79
1.05869
0.12662
0.00917941
0.752635
0.0939023
0.334512
69
0.00249755
0.0704048
0.103925
95
2.57413
0.257543
0.00101638
0.712641
0.0281936
0.0181616
34
0.000299873
0.0944414
0.0638396
31
2.33728
0.147476
0.00042646
0.839754
0.0858609
0.0153342
62
0.00128975
0.0329194
0.167714
31
2.44696
0.00124206
0.000381699
0.707145
0.0755185
0.195284
98
0.00117736
0.082353
0.393293
79
3.76441
0.661433
0.000885
0.852818
0.0961626
0.416767
27
0.00420189
0.0890687
0.378963
20
3.3346
0.372884
0.0076976
0.885703
0.0142482
0.122716
68
0.00895936
0.0178791
0.115214
10
2.27857
0.286702
0.00638547
0.752134
0.0630296
0.437531
61
0.00885187
0.083499
0.446922
85
1.65457
0.531614
0.00789383
0.842869
0.0652994
0.339718
16
0.000973071
0.026065
0.126973
63
1.7067
0.440574
3.45941e-05
0.835901
0.0804592
0.160386
68
0.00352143
0.0406131
0.0869131
81
3.19069
0.75065
0.00748944
0.89821
0.0873655
0.433257
7
0.00155377
0.0367185
0.389793
42
2.75018
0.0817276
0.0014978
0.954517
0.0797604
0.0953842
58
0.000650415
0.098783
0.108325
97
2.87002
0.481329
0.00371437
0.842297
0.0315623
0.146207
8
0.00295997
0.0540321
0.33839
47
1.00568
0.152459
0.00843203
0.923584
0.021302
0.337585
63
0.00871386
0.0941502
0.0701749
38
1.98941
0.311436
0.00428517
0.919991
0.0242142
0.435702
80
0.00233752
0.0912748
0.290145
57
3.46352
0.426016
0.00517198
0.859012
0.0590173
0.354758
26
0.00444339
0.0889922
0.106418
78
1.78472
0.621939
0.00966333
0.750411
0.0867662
0.401946
31
0.00474994
0.0461553
0.223699
84
2.5079
0.395195
0.00580659
0.743426
0.090652
0.416124
44
0.00500999
0.0246203
0.0782703
39
0.712144
0.0420272
0.00509704
0.715366
0.0574238
0.24969
72
0.00521588
0.0845176
0.230411
82
2.26973
0.447436
0.00915925
0.89605
0.0996386
0.00506767
73
0.00531057
0.0631935
0.135
34
2.34664
0.376053
0.00583572
0.981501
0.0933644
0.380565
85
0.00919367
0.0873838
0.0185894
5
3.87073
0.0871401
0.00482236
0.805469
0.0376319
0.202483
67
0.00230624
0.0472774
0.424903
77
1.45642
0.366984
0.00607944
0.989661
0.0511746
0.451717
90
0.00674643
0.0694142
0.401007
96
3.78534
0.175443
0.00622581
0.803345
0.0931203
0.218586
88
0.00240853
0.0446293
0.37448
13
2.24238
0.309698
0.00187309
0.786212
0.0417536
0.332472
51
0.00511714
0.0327892
0.439948
22
0.193671
0.236126
0.00554684
0.872335
0.0528126
0.109328
30
0.00928381
0.0840156
0.279422
81
1.15177
0.0665345
0.0087233
0.92737
0.0686269
0.48166
52
0.00486082
0.0793256
0.14335
59
0.809628
0.530952
0.00269148
0.700314
0.0949614
0.0305905
39
0.00972791
0.0351531
0.355882
32
3.69716
0.540221
0.00420406
0.938043
0.0254807
0.473474
100
0.00398233
0.0773197
0.320575
30
1.6638
0.753402
0.00808785
0.76467
0.0772431
0.137012
47
0.00485123
0.067326
0.192233
33
1.63459
0.650851
0.0026311
0.810414
0.0517823
0.286924
21
0.00723253
0.011233
0.115824
49
2.21457
0.73235
0.00791818
0.818299
0.0357851
0.444961
7
0.00120897
0.0594465
0.4406
14
0.303516
0.0224003
0.0029289
0.902945
0.098634
0.383152
37
0.00403314
0.0236992
0.202617
75
1.35381
0.796294
0.00595083
0.992076
0.066513
0.291903
95
0.00384698
0.0403493
0.471729
14
2.43817
0.4422
0.000643493
0.773103
0.0471843
0.471543
37
0.00978668
0.0899409
0.371692
93
0.631508
0.700785
0.00631244
0.97505
0.0785154
0.143912
33
0.00893587
0.0620314
0.0226345
60
3.28752
0.682351
0.00436405
0.742566
0.071769
0.162814
21
0.00304889
0.0857506
0.297076
20
3.31354
0.191063
0.00469857
0.769592
0.0436556
0.447556
76
0.00220663
0.0220491
0.246896
51
3.16358
0.328742
0.00822882
0.763457
0.0259818
0.386901
70
0.00559247
0.016281
0.321592
49
0.912584
0.686186
0.00156121
0.867792
0.0836475
0.0705103
80
0.00482572
0.0865455
0.397038
91
0.972787
0.0564031
0.00785802
0.856146
0.0928944
0.284503
58
0.00849859
0.0932723
0.413376
39
1.48902
0.537544
0.00250246
0.976756
0.0675916
0.0530168
58
0.00644679
0.0340584
0.149309
70
1.40046
0.677681
0.00415846
0.778574
0.0261667
0.0194663
2
0.0061724
0.0583185
0.340568
89
1.25134
0.170287
0.00797694
0.931765
0.0132828
0.268759
72
0.00971672
0.0170558
0.416655
11
2.65025
0.703037
0.00252651
0.854767
0.0958872
0.0122254
92
0.00202946
0.0965169
0.362428
55
3.6009
0.402366
0.00930108
0.783794
0.0457104
0.177626
79
0.00589442
0.0791564
0.351292
20
0.844472
0.239809
0.00556745
0.965229
0.0753236
0.409374
46
0.00684434
0.0264892
0.386892
20
2.5578
0.198329
0.00670096
0.847199
0.0210097
0.169977
50
0.00793479
0.0701076
0.225738
87
3.68343
0.512994
0.00533019
0.985385
0.0887706
0.33711
72
0.000108232
0.0976357
0.0559658
88
3.97251
0.326096
0.00423872
0.989224
0.0901862
0.0387498
78
0.000724383
0.0838511
0.221597
63
1.44442
0.0393205
0.00147888
0.816646
0.0199871
0.499436
12
0.00284439
0.0140657
0.119671
28
3.65025
0.186816
0.00656488
0.852054
0.0423196
0.187076
90
0.00998574
0.0363129
0.252632
5
0.32458
0.0428071
0.0013731
0.829726
0.0613344
0.297015
93
0.00229446
0.025
0.204615
40
2.70854
0.452498
0.00512759
0.932558
0.0409961
0.00303169
67
0.00740758
0.0373153
0.246191
10
2.2601
0.712758
0.00592175
0.969066
0.0105723
0.470681
6
0.00366159
0.0337683
0.0894277
18
1.86815
0.799036
0.000547955
0.996519
0.0373458
0.346505
75
0.00019278
0.0274099
0.0588601
83
2.66161
0.511542
0.00830683
0.947209
0.0506795
0.24827
45
0.00556131
0.0697084
0.16557
92
2.92978
0.483003
0.00451033
0.98362
0.0414662
0.317984
25
0.000220303
0.0213772
0.201482
26
1.31321
0.223125
0.00428626
0.777313
0.0875547
0.235292
22
0.0096984
0.078119
0.0409733
2
3.89947
0.0310348
0.00548292
0.876211
0.0420831
0.00460902
45
0.00503053
0.0981601
0.076432
73
0.662448
0.503575
0.00351558
0.846332
0.0369737
0.311362
48
0.00806292
0.0422093
0.00701672
9
1.51965
0.125407
0.00164119
0.912309
0.0825219
0.126233
85
0.00414359
0.0750937
0.121249
90
2.54706
0.345969
0.00337321
0.859416
0.0807519
0.413388
30
0.00368982
0.044207
0.108839
72
0.835672
0.417985
0.0074776
0.773889
0.0380656
0.148758
13
0.00256708
0.0721103
0.335753
68
3.45013
0.774217
0.00335649
0.963884
0.0328016
0.025141
64
0.003005
0.0819233
0.113631
5
1.58974
0.494021
0.00321119
0.721362
0.0736074
0.327105
48
0.00539098
0.0383965
0.420688
12
1.53868
0.741669
0.00498425
0.935593
0.0872136
0.0168326
6
0.00424689
0.0209731
0.0927497
55
3.74933
0.241459
0.00928176
0.955728
0.0206298
0.421469
57
0.00797572
0.0277868
0.458655
51
2.97643
0.566481
0.000628803
0.727874
0.0734904
0.315881
73
0.00964246
0.0635825
0.0462452
88
1.36271
0.42669
0.00659031
0.72365
0.0948466
0.464287
78
0.00131133
0.0370701
0.482318
8
2.17143
0.556476
0.00835704
0.819729
0.0284087
0.095984
54
0.00952323
0.0995065
0.48411
7
3.65818
0.33033
0.00577224
0.7821
0.0419591
0.274566
97
0.00452063
0.0415905
0.423174
26
2.95971
0.403799
0.00841515
0.759897
0.0498866
0.00870481
38
0.00626535
0.0113573
0.139924
25
3.99371
0.0595715
0.00713397
0.768017
0.0124381
0.368098
91
0.00322975
0.0887901
0.391311
6
2.18695
0.582527
0.00646432
0.853736
0.0208217
0.389261
40
0.00356979
0.0159919
0.463351
23
1.29753
0.599326
0.00702449
0.952076
0.0195572
0.120321
91
0.00544961
0.0666596
0.403674
68
3.68518
0.56441
0.00686228
0.93442
0.0583188
0.225434
25
0.00434221
0.0654726
0.304256
38
0.370398
0.466473
0.00641086
0.731805
0.0893381
0.307458
79
0.00693215
0.04012
0.262342
17
1.16433
0.0690917
0.00223636
0.861703
0.0978776
0.442913
24
0.00391341
0.013895
0.388373
42
0.228135
0.166082
0.000102653
0.762919
0.0250336
0.130824
69
0.00210448
0.029724
0.0651389
58
0.656383
0.791854
0.00303407
0.811526
0.0408811
0.428239
19
0.00575293
0.0597366
0.41812
35
0.621199
0.610065
0.00551964
0.991004
0.0870231
0.319301
5
0.0061275
0.0615486
0.136876
62
3.14615
0.687993
0.00959114
0.799663
0.0254398
0.172037
26
0.00102185
0.0970806
0.287047
36
0.922244
0.364658
0.000309614
0.862982
0.0487776
0.0813249
79
0.00596901
0.0320604
0.238542
31
1.12759
0.420101
0.00634873
0.870491
0.0138697
0.266794
15
0.00639935
0.0353412
0.252036
66
0.403797
0.141005
0.00862221
0.961086
0.0714179
0.340564
92
0.0063292
0.0845896
0.487673
25
1.72788
0.622861
0.00923595
0.944941
0.0625804
0.298929
30
0.00418199
0.0526524
0.406851
88
3.40618
0.666439
0.000818143
0.851606
0.0123399
0.0632956
28
0.00743066
0.0715336
0.36816
74
3.22212
0.395992
0.00173521
0.751965
0.0216889
0.438463
85
0.00529103
0.0470706
0.365241
24
2.82233
0.660743
0.00486516
0.933142
0.0348349
0.210368
27
0.00758996
0.0774751
0.0950852
60
3.3479
0.696579
0.00961886
0.704536
0.0599694
0.100619
18
0.00898086
0.0725061
0.0103384
34
1.27843
0.613387
0.00395172
0.825309
0.0740548
0.420684
81
0.00329483
0.0687746
0.0408916
90
2.85919
0.778558
0.00119314
0.781626
0.0970657
0.350413
31
0.00144456
0.0896443
0.025396
67
2.47421
0.439219
0.00848558
0.8108
0.0108785
0.111809
83
0.00523308
0.0252629
0.0236518
50
2.87554
0.635423
0.000593241
0.768918
0.0667146
0.233523
15
0.00318176
0.0568046
0.496128
2
3.93445
0.761471
0.00394356
0.831074
0.0497528
0.46675
46
0.00581756
0.0711402
0.135759
96
2.59806
0.148607
0.0098946
0.984878
0.0966188
0.0859405
9
0.00361507
0.0380394
0.22753
92
2.01368
0.629829
0.00167736
0.871178
0.0448097
0.378359
57
0.000992637
0.0862245
0.17761
48
0.740134
0.2586
0.00219746
0.716206
0.0677408
0.488181
41
0.0073084
0.0658136
0.0450761
65
1.19482
0.157006
0.00940182
0.803924
0.0468311
0.409029
64
0.00808345
0.0236001
0.287568
12
3.63326
0.740767
0.00717486
0.963365
0.0683444
0.124518
85
0.00534737
0.0782684
0.197519
21
2.46003
0.353984
0.00357904
0.941521
0.0648379
0.252173
17
0.00780436
0.0513479
0.0291941
53
0.81829
0.347576
0.00783281
0.762061
0.0992999
0.0736978
51
0.00996864
0.0454547
0.308479
98
0.16386
0.711358
0.00355338
0.900759
0.0300588
0.410476
32
0.00629019
0.0599728
0.0152833
82
3.67532
0.243165
0.0024178
0.893035
0.0606942
0.178372
44
0.00677524
0.0806739
0.369685
97
1.98433
0.668388
0.00157387
0.866772
0.0292158
0.452826
97
0.00880889
0.0484086
0.0971673
14
2.59124
0.3906
0.00803282
0.91596
0.0880766
0.454088
53
0.00222186
0.0985771
0.24531
95
1.16684
0.735936
0.00282521
0.936322
0.0643305
0.459276
71
0.00873684
0.0832627
0.494897
3
3.89034
0.628481
0.00216008
0.862275
0.0500238
0.329626
20
0.00749901
0.0929029
0.11698
15
1.80439
0.0603014
0.00484544
0.868459
0.0819916
0.320527
81
0.00149639
0.0571101
0.163331
33
0.902043
0.798345
0.00185195
0.942586
0.0483165
0.305722
38
0.00582534
0.0747117
0.186614
52
1.62109
0.281688
0.00329073
0.804303
0.0272654
0.013705
19
0.00735009
0.0754123
0.171857
9
3.49177
0.714262
0.000158958
0.953852
0.0906076
0.185214
79
0.00409315
0.095697
0.326296
70
0.69985
0.480335
0.00378968
0.775463
0.0218264
0.496554
52
0.00789658
0.0245309
0.359189
71
2.83853
0.640593
0.00986337
0.948424
0.0364638
0.0243085
7
0.00147284
0.073258
0.272627
83
2.15731
0.350749
0.0026609
0.899161
0.0744921
0.430597
84
0.00989102
0.0128318
0.173176
64
1.22714
0.705121
0.00957187
0.776683
0.0987619
0.186449
39
0.00646317
0.0282923
0.313635
82
0.888428
0.285433
0.00795326
0.828956
0.0572178
0.425252
36
0.00986992
0.0308073
0.306261
6
1.54853
0.595194
0.00368657
0.950557
0.0809978
0.376557
10
0.00736985
0.0377474
0.412274
83
0.28628
0.500304
0.00268564
0.965913
0.0312608
0.14055
94
0.00878373
0.0239969
0.14821
32
3.03518
0.121245
0.00273311
0.877341
0.0881717
0.439747
72
0.00342522
0.0775329
0.184077
73
0.159532
0.792724
0.00909378
0.973809
0.0597814
0.302248
62
0.00704734
0.0193334
0.341566
64
1.97411
0.307791
0.00962151
0.922657
0.0286833
0.255945
42
0.0016774
0.0215421
0.10049
24
1.99357
0.408311
0.00389864
0.92117
0.0214791
0.289969
54
0.00662822
0.084712
0.312921
9
3.77937
0.657623
0.00279333
0.939987
0.0833487
0.414982
66
0.00692908
0.0948216
0.371174
58
2.9036
0.0748071
0.00694425
0.944443
0.0469945
0.159398
68
0.00794615
0.0550278
0.0277354
64
1.59339
0.265785
0.00342254
0.976178
0.0831389
0.0466322
52
0.00814828
0.0290189
0.433188
44
3.51506
0.218669
0.00787573
0.82678
0.0238496
0.203863
43
0.00882949
0.0983108
0.216778
81
2.30773
0.144001
0.0025897
0.869654
0.0329395
0.311459
46
0.00315229
0.0115682
0.498794
90
0.908693
0.0829882
0.00757824
0.748056
0.0856185
0.033213
36
0.00709703
0.016794
0.486881
57
2.17995
0.134516
0.00752672
0.775319
0.0197272
0.11832
98
0.00862091
0.0685271
0.0823843
9
3.52978
0.252409
0.00734215
0.912011
0.045331
0.482781
21
0.000151762
0.0303044
0.298441
40
2.39986
0.199553
0.00482607
0.916732
0.0386662
0.189787
81
0.00921927
0.046325
0.475791
52
0.142035
0.222854
0.00817795
0.702815
0.0252875
0.366491
45
0.00726872
0.0677935
0.077488
65
3.01641
0.67342
0.00311718
0.982109
0.07305
0.46806
33
0.00278173
0.0109357
0.188436
76
2.50219
0.379038
0.00638156
0.823078
0.0531511
0.197319
53
0.00349789
0.0814947
0.125774
71
1.10485
0.569515
0.00699397
0.802466
0.0126208
0.277726
2
0.000656751
0.0157425
0.332073
26
1.55797
0.10782
0.00666584
0.711369
0.0486164
0.27404
12
0.00527748
0.0330622
0.155868
52
1.04693
0.18529
0.00946696
0.838677
0.0788547
0.00767296
100
0.00266499
0.0207387
0.114356
85
2.06828
0.354985
0.00479254
0.7466
0.0641419
0.370132
32
0.00496959
0.0563166
0.445066
93
1.0838
0.0443612
0.00649614
0.985931
0.0996856
0.401063
55
0.00285399
0.0203984
0.474303
76
3.8161
0.489371
0.00308803
0.78823
0.0385051
0.383872
96
0.004886
0.018656
0.228485
93
2.31289
0.336382
0.00606077
0.785003
0.0462504
0.385615
80
0.00587448
0.0630742
0.190178
8
3.94188
0.4451
0.00856897
0.959971
0.0693034
0.0369774
22
0.000930084
0.0788865
0.236679
18
3.19745
0.356251
0.00724047
0.92514
0.0575613
0.138514
26
0.00547512
0.0553165
0.326392
35
3.70279
0.351482
0.00588538
0.708433
0.0111492
0.162477
4
0.00201712
0.0836544
0.228805
5
1.47702
0.649378
0.00326078
0.713628
0.0514747
0.429508
12
0.0076469
0.0739468
0.275284
28
0.731134
0.499545
0.00939547
0.90667
0.0265435
0.36392
77
0.0030113
0.0572084
0.481304
92
2.3564
0.749015
0.00291941
0.885031
0.0371461
0.40286
22
0.00270664
0.0724178
0.408276
72
1.85534
0.744359
0.00528887
0.749063
0.0663001
0.157901
3
0.0056276
0.0373899
0.353242
38
3.00692
0.0112903
0.000900565
0.888349
0.0704718
0.321536
83
0.00605597
0.0334455
0.0391115
95
3.55356
0.698591
0.00457592
0.820616
0.0679774
0.210962
95
0.0077673
0.0926044
0.14691
62
0.585343
0.536324
0.00756239
0.708358
0.0348942
0.424954
86
0.00784397
0.0149347
0.145005
2
2.9348
0.754809
0.00201611
0.97922
0.0565636
0.142637
84
0.00134071
0.0381374
0.19544
28
1.37974
0.631158
0.00151227
0.896571
0.0460288
0.260293
49
0.00739901
0.0388325
0.00991113
29
1.6748
0.103983
0.00847098
0.945776
0.0382403
0.396503
35
0.0072063
0.0493989
0.410913
77
1.83333
0.0998887
0.000988556
0.791394
0.0425892
0.106366
66
0.000573312
0.025956
0.273979
58
0.249918
0.655721
0.00530787
0.948961
0.059629
0.0234893
56
0.0056203
0.0271372
0.212757
87
3.5784
0.177343
0.000220265
0.714064
0.0715778
0.0622843
20
0.00548672
0.0876521
0.315241
56
3.23109
0.678886
0.00544383
0.739812
0.0428453
0.377435
74
0.00381703
0.0994299
0.0575433
22
2.72022
0.2298
0.00454555
0.783506
0.0276376
0.251049
96
0.00870598
0.0898802
0.324158
67
0.597422
0.744034
0.0030826
0.877754
0.0440807
0.46895
39
0.00340178
0.0247686
0.271798
17
2.27571
0.487928
0.00172414
0.849241
0.0100678
0.101597
31
0.00326378
0.0168893
0.206808
94
3.4815
0.112595
0.00504941
0.787498
0.0109862
0.492911
71
0.00685776
0.0549652
0.0218376
3
3.38481
0.380989
0.0037612
0.755769
0.0236725
0.0921681
8
0.00766713
0.0198691
0.00359645
1
2.95317
0.0263477
0.00477364
0.979488
0.031233
0.0769599
1
0.000831351
0.0194691
0.139291
5
2.51019
0.478367
0.00969573
0.844783
0.0827877
0.241608
65
0.00584642
0.0221697
0.234314
97
1.42352
0.298917
0.000657795
0.931423
0.0936169
0.134807
17
0.00353623
0.0951832
0.122427
91
1.80814
0.784321
0.00248153
0.81515
0.0248926
0.458718
34
0.00955301
0.0670882
0.43225
56
1.33337
0.55145
0.000710488
0.9679
0.0773392
0.240538
94
0.00903966
0.0509432
0.0597596
12
3.40487
0.274752
0.00672169
0.96181
0.0861522
0.0726608
77
0.00214023
0.0256679
0.248835
63
2.7945
0.168396
0.00736147
0.791601
0.0276597
0.217798
11
0.001193
0.0410268
0.0864575
49
3.29108
0.161536
0.00780037
0.777967
0.0222402
0.0362827
99
0.00865874
0.0636777
0.0429399
19
1.26254
0.21752
0.00686741
0.915264
0.0689373
0.151376
63
0.00320704
0.0263266
0.0832769
43
0.976551
0.0126022
0.00525466
0.993604
0.0319236
0.248782
19
0.00801817
0.0639616
0.310562
91
2.52717
0.221083
0.000434745
