0.977405
0.177127
0.21
41
0.00538694
0.652708
0.042023
0.212651
15
0.786807
0.0683557
0.289105
78
0.00786967
0.87635
0.0701869
0.329112
19
0.839156
0.01344
0.477311
80
0.000682982
0.0267683
0.0992018
0.461556
22
0.961575
0.0317199
0.245392
54
0.00700188
0.922381
0.0436815
0.0377613
71
0.926215
0.0922324
0.357187
35
0.00831309
0.233814
0.0204933
0.259887
73
0.879472
0.0872738
0.118543
70
0.00601833
0.633175
0.0958003
0.0114365
45
0.911551
0.133922
0.238936
21
0.00856945
0.90354
0.023148
0.480094
42
0.858976
0.174046
0.0832463
86
0.00568895
0.342296
0.08022
0.261971
8
0.860564
0.139097
0.250877
20
0.00641917
0.408604
0.0905047
0.313175
77
0.919329
0.19271
0.362972
29
0.00774356
0.241131
0.0248017
0.230621
62
0.981577
0.197553
0.219482
71
0.00825271
0.553881
0.0774561
0.228451
86
0.991121
0.0158387
0.0779758
78
0.00155872
0.739517
0.0404478
0.340955
88
0.742253
0.130756
0.0890185
57
0.00567077
0.134544
0.056865
0.240428
25
0.72331
0.144691
0.358178
51
0.00268411
0.446644
0.0286388
0.296627
42
0.913325
0.0654328
0.329433
66
0.0039846
0.68896
0.0881304
0.434062
30
0.935028
0.111552
0.141298
13
0.00318744
0.437414
0.0402448
0.421848
23
0.870774
0.0973094
0.283361
35
0.00867691
0.963847
0.0134501
0.0679887
54
0.863052
0.0840442
0.178302
34
0.00263399
0.774487
0.0832297
0.345474
27
0.86521
0.0775723
0.394018
8
0.00451082
0.365835
0.0867688
0.0839785
20
0.939569
0.0425746
0.235613
25
0.00552356
0.0974637
0.0743419
0.26116
60
0.908586
0.0742962
0.348802
85
0.00464153
0.22685
0.0166422
0.060267
76
0.968807
0.0277246
0.422635
74
0.00240487
0.769423
0.0382918
0.230173
84
0.723755
0.129138
0.225265
32
0.006459
0.965842
0.0494729
0.473911
76
0.748149
0.100706
0.340492
61
0.00294765
0.740813
0.0392729
0.482175
82
0.993234
0.190254
0.210976
54
0.00745417
0.755297
0.0729029
0.217887
41
0.761872
0.0393399
0.410829
4
0.00597991
0.415161
0.0239535
0.211331
97
0.950663
0.00517328
0.00861272
29
0.00863607
0.03125
0.0879358
0.14635
20
0.975083
0.144351
0.391776
63
0.00821315
0.938409
0.0236789
0.334974
14
0.760012
0.121737
0.0234499
66
0.00336975
0.899338
0.0863026
0.193406
26
0.789369
0.151364
0.131614
84
0.00517425
0.0827477
0.0393762
0.242151
92
0.750378
0.18074
0.473188
69
0.00826467
0.168791
0.052027
0.0401918
25
0.741139
0.0103616
0.42165
11
0.00837325
0.574896
0.0316157
0.39495
40
0.872171
0.0283974
0.403081
64
0.00320799
0.909471
0.0963936
0.0823484
17
0.881662
0.192186
0.452965
50
0.00877323
0.1917
0.0517137
0.472697
45
0.986691
0.00992942
0.183311
60
0.00557083
0.50686
0.0633874
0.426638
13
0.80478
0.113413
0.269162
96
0.00164505
0.190337
0.0217892
0.323665
84
0.771035
0.0863469
0.0957051
22
0.00506902
0.778866
0.0478993
0.477653
85
0.904996
0.0675144
0.0338296
78
0.0042555
0.417321
0.07509
0.409756
51
0.715596
0.0897323
0.341399
82
0.00682725
0.501073
0.0870194
0.101844
89
0.918516
0.0299695
0.324682
39
0.00173565
0.0422981
0.0153361
0.302533
64
0.830857
0.0615537
0.274639
12
0.00218228
0.627299
0.0875345
0.158435
16
0.934806
0.088057
0.080485
56
0.00522484
0.089552
0.0659659
0.307804
75
0.704012
0.0408884
0.388797
19
0.000563188
0.0146093
0.0664395
0.154177
53
0.863931
0.179744
0.347398
62
0.00724042
0.733238
0.047397
0.372576
38
0.949574
0.0368441
0.404646
100
0.0074077
0.485475
0.0813874
0.119382
21
0.831533
0.00741843
0.230193
77
0.00636044
0.613572
0.0556077
0.0952642
78
0.805272
0.0192409
0.466282
71
0.00985777
0.21013
0.0736201
0.300014
56
0.830159
0.122107
0.202618
39
0.00620685
0.456904
0.0821577
0.168833
68
0.974842
0.169287
0.381738
15
0.00844164
0.406786
0.0127634
0.404732
99
0.951187
0.163269
0.366369
74
0.00470553
0.52293
0.0614687
0.362307
70
0.775935
0.154271
0.406832
58
0.00202758
0.513547
0.0581383
0.397705
31
0.890559
0.0521371
0.240633
90
0.00343441
0.581699
0.0433629
0.442517
76
0.923341
0.013336
0.296141
50
0.00650716
0.310558
0.0845248
0.109854
56
0.701123
0.0884254
0.150234
83
0.00764102
0.485001
0.0916207
0.0441964
97
0.731405
0.137629
0.0945788
2
0.00572166
0.0159752
0.0673619
0.0356563
60
0.713543
0.172051
0.47054
96
0.00415064
0.975891
0.0593185
0.293769
89
0.832445
0.115961
0.0697326
90
0.00388852
0.827518
0.0108483
0.103931
94
0.878952
0.135737
0.0548822
76
0.00447983
0.941165
0.056257
0.0963387
2
0.897027
0.12018
0.36972
61
0.00252246
0.916839
0.0679139
0.14032
96
0.874458
0.0435465
0.255274
58
0.000555159
0.735273
0.0172266
0.0199953
7
0.947493
0.0902474
0.247396
62
0.00873134
0.034752
0.0791437
0.0147587
66
0.928012
0.102797
0.345527
32
0.00963932
0.14026
0.0112587
0.151278
7
0.895935
0.125994
0.184058
62
0.00495868
0.340481
0.014661
0.163363
10
0.828832
0.104569
0.158286
28
0.00238039
0.87847
0.0758672
0.344322
75
0.819143
0.0957588
0.303346
73
0.00851212
0.265012
0.057072
0.128163
61
0.88489
0.060415
0.0405661
25
0.00946625
0.753704
0.0685455
0.0970649
61
0.712535
0.0116148
0.378608
5
0.00325349
0.991904
0.0809511
0.182113
5
0.866703
0.0207539
0.359079
86
0.00120981
0.927176
0.0133459
0.0534824
48
0.797959
0.109545
0.235098
90
0.00411854
0.0948365
0.045379
0.446628
15
0.726232
0.0941531
0.231973
94
0.00888102
0.526449
0.0691451
0.242992
50
0.792373
0.175541
0.196186
29
0.00474348
0.208162
0.03025
0.358745
100
0.898712
0.152064
0.454652
93
0.00535351
0.727946
0.034287
0.0651594
23
0.727902
0.16082
0.0365908
53
0.00442987
0.533067
0.0374658
0.492895
27
0.967185
0.0272859
0.0553615
38
0.00667006
0.112924
0.0762876
0.46308
56
0.774628
0.133321
0.314023
57
0.00281786
0.480079
0.0622119
0.43663
1
0.76054
0.178227
0.0357537
53
0.00205857
0.907027
0.0970375
0.138266
38
0.810829
0.101508
0.0736174
17
0.00329613
0.0918978
0.0352497
0.0867342
35
0.848571
0.0383233
0.284215
31
0.00273719
0.591585
0.0378068
0.250756
92
0.857011
0.105741
0.328663
2
0.00691303
0.399983
0.0113473
0.254233
7
0.790172
0.0735193
0.160439
8
0.00188588
0.0865998
0.0560584
0.0163238
35
0.743122
0.0232029
0.161993
91
0.00619035
0.98886
0.0779571
0.124062
64
0.900684
0.0641836
0.243889
41
0.00781785
0.787396
0.0413341
0.160565
28
0.940163
0.103124
0.338682
97
0.00412297
0.515638
0.0787036
0.368727
96
0.985859
0.0210991
0.389882
44
0.00295261
0.347521
0.063653
0.181274
24
0.952898
0.126644
0.335718
25
0.00563404
0.106284
0.0340099
0.460079
26
0.870254
0.045832
0.375522
12
0.00839836
0.12139
0.0484154
0.300832
58
0.725564
0.128465
0.363985
41
0.00576882
0.328124
0.0262101
0.404116
95
0.718661
0.0490311
0.0211711
98
0.00815027
0.97889
0.0349158
0.0925333
20
0.75957
0.150733
0.46257
32
0.00160524
0.684416
0.0823309
0.338115
33
0.817261
0.0551152
0.0827965
86
0.00697606
0.258962
0.0707205
0.00776322
92
0.737063
0.0674132
0.122458
59
0.00486548
0.730904
0.0977555
0.282391
32
0.957709
0.0495007
0.227931
77
0.00214626
0.652473
0.0630036
0.150339
83
0.997167
0.127936
0.10239
23
0.000334115
0.280523
0.0731182
0.15629
23
0.833206
0.161627
0.236753
24
0.00829033
0.93495
0.0269714
0.37716
72
0.800018
0.123624
0.317647
91
0.000399764
0.542193
0.0407511
0.41325
14
0.728141
0.193126
0.325764
8
0.00530363
0.40984
0.0333736
0.0255212
68
0.970113
0.0389043
0.479314
4
0.00170727
0.705817
0.0710448
0.406442
36
0.958864
0.0123102
0.206349
21
0.00493654
0.538621
0.0960294
0.11866
2
0.948724
0.158627
0.0709479
65
0.00115199
0.346289
0.0937038
0.00591776
18
0.783545
0.108987
0.232669
26
0.00236748
0.0364497
0.0928023
0.3576
37
0.833893
0.183624
0.0683078
8
0.00395659
0.901325
0.019845
0.0910029
13
0.995489
0.136422
0.315259
79
0.00276526
0.411868
0.0291778
0.130232
100
0.929665
0.00684482
0.193497
99
0.00599826
0.524115
0.0318535
0.412032
45
0.89301
0.147191
0.146618
52
0.00192374
0.469167
0.0220409
0.276461
67
0.96629
0.134631
0.335028
22
0.00758105
0.394153
0.0209738
0.494459
59
0.758044
0.00242548
0.417685
59
0.00717335
0.835037
0.0684341
0.353642
3
0.739654
0.127195
0.24771
88
0.00712421
0.386461
0.0782618
0.337248
87
0.707634
0.0437453
0.121678
24
0.0091495
0.826171
0.0900546
0.11177
77
0.738722
0.167999
0.21689
73
0.000316024
0.457332
0.0816234
0.123659
70
0.777478
0.196597
0.481474
7
0.00427783
0.618658
0.0602657
0.0178858
81
0.717199
0.0832095
0.198269
30
0.00940235
0.738351
0.0492606
0.431032
94
0.735621
0.14232
0.294476
64
0.00471344
0.452062
0.0188278
0.167378
37
0.92023
0.0702732
0.00475489
91
0.00233473
0.42456
0.0760699
0.185855
91
0.780296
0.148547
0.438097
28
0.0020991
0.291012
0.0997171
0.309216
91
0.710198
0.00187917
0.194243
89
0.0058818
0.62225
0.0976494
0.258896
43
0.877957
0.156712
0.478294
99
0.00595858
0.558675
0.0194329
0.1523
98
0.891959
0.040157
0.322706
13
0.00125116
0.818522
0.0155146
0.126107
52
0.782998
0.187842
0.0340487
34
0.00958936
0.0456337
0.0982784
0.172439
39
0.921219
0.169519
0.0277891
98
0.0042632
0.0735808
0.0935181
0.0418582
25
0.899155
0.113731
0.289809
5
0.00392245
0.528668
0.0358797
0.360108
66
0.843748
0.0537386
0.216083
17
0.0068051
0.842403
0.0712721
0.0930573
19
0.856108
0.197821
0.36852
5
0.00707337
0.297473
0.0913799
0.089371
38
0.862586
0.0259612
0.106599
53
0.00420525
0.0469755
0.0102633
0.414911
51
0.843015
0.138226
0.226736
26
0.00374888
0.930557
0.0465652
0.0585268
36
0.928996
0.16246
0.126497
65
0.000484529
0.9924
0.019694
0.225452
87
0.903348
0.0560705
0.250311
45
0.00537266
0.238945
0.0130636
0.336252
88
0.911997
0.132031
0.442768
80
0.00686629
0.215499
0.0526615
0.33339
6
0.90222
0.156444
0.482317
78
0.00353224
0.72066
0.0650673
0.141332
28
0.867271
0.133088
0.351466
47
0.00812023
0.86183
0.0794877
0.355447
18
0.740625
0.028531
0.0812172
48
0.00107667
0.530297
0.0475954
0.483225
82
0.925596
0.0729665
0.0742955
84
0.00387236
0.166927
0.058733
0.383094
44
0.936594
0.118107
0.222713
44
0.0010202
0.23708
0.0140359
0.120827
16
0.864827
0.183269
0.361263
29
0.00150876
0.726249
0.0490183
0.142764
4
0.768318
0.0955686
0.116829
82
0.00749484
0.812641
0.0233316
0.301911
66
0.701449
0.0701821
0.26423
17
0.00677795
0.282413
0.0985076
0.318773
92
0.835155
0.122857
0.00195891
30
0.00315994
0.896424
0.0110555
0.0721999
44
0.826231
0.0614622
0.107556
45
0.00492759
0.661495
0.0990456
0.047913
21
0.974082
0.14887
0.396152
20
0.00416172
0.447379
0.0784
0.170397
80
0.779978
0.124318
0.0290439
19
0.00961381
0.222072
0.0865494
0.146726
96
0.878551
0.176841
0.350101
23
0.00333608
0.887759
0.0185081
0.18559
9
0.985803
0.145875
0.380088
33
0.00609776
0.0109175
0.0421396
0.174185
62
0.702553
0.159931
0.308354
39
0.00903298
0.498521
0.0402053
0.444362
26
0.979181
0.0384135
0.130273
59
0.00176926
0.382689
0.0468926
0.238055
31
0.7087
0.0482827
0.10466
97
0.00612492
0.229315
0.0849701
0.243718
54
0.938562
0.112913
0.251671
43
0.00349293
0.559387
0.0187305
0.269834
27
0.85392
0.174462
0.238219
49
0.00891095
0.748882
0.0450563
0.0546198
49
0.802605
0.130036
0.128481
2
0.00944878
0.595195
0.070882
0.279897
53
0.841073
0.0761796
0.443607
1
0.0036777
0.39649
0.060058
0.280486
38
0.776815
0.00946365
0.197278
15
0.00852384
0.540843
0.0439347
0.42464
9
0.942461
0.0253477
0.104828
94
0.0041845
0.128832
0.0652536
0.318048
54
0.959604
0.137203
0.00920401
54
0.00508511
0.66597
0.0645573
0.0438703
22
0.725008
0.0443661
0.288421
56
0.00561215
0.158692
0.0124934
0.457959
71
0.812057
0.101879
0.214605
57
0.00106444
0.928957
0.0576989
0.171143
13
0.834766
0.0546174
0.0188729
81
0.00668863
0.636312
0.0376168
0.14924
8
0.764195
0.00726256
0.385217
31
0.0067594
0.111032
0.0944038
0.199776
82
0.955488
0.0679161
0.0112025
93
0.00435576
0.92528
0.0503071
0.266332
54
0.954642
0.0596217
0.29385
22
0.00928418
0.905413
0.0307092
0.275179
90
0.91964
0.18643
0.333062
3
0.00390552
0.142556
0.0510576
0.392118
65
0.867638
0.165547
0.0986589
74
0.00525817
0.669327
0.024087
0.148097
56
0.834081
0.0126912
0.04243
50
0.0021625
0.0754941
0.0175548
0.485552
82
0.798881
0.0161752
0.0871462
59
0.00582486
0.256848
0.0648645
0.377715
49
0.802235
0.184374
0.30553
58
0.0063855
0.314045
0.04266
0.175629
72
0.981023
0.0769598
0.0612815
66
0.000581295
0.570334
0.0808603
0.0763131
16
0.734146
0.0753259
0.0300309
61
0.00196047
0.473938
0.078862
0.388807
10
0.703235
0.0888342
0.110016
43
0.000877601
0.172167
0.0224559
0.332853
41
0.795243
0.00266526
0.367844
41
0.00454028
0.586241
0.0330401
0.34295
95
0.930497
0.0042034
0.141773
63
0.000627512
0.383886
0.0752603
0.0327249
33
0.922053
0.0952773
0.151252
33
0.000933516
0.427887
0.0164477
0.364109
57
0.813246
0.178864
0.273479
72
0.00327139
0.74731
0.0365622
0.374002
22
0.805943
0.0695763
0.388112
67
0.00018325
0.811793
0.0161787
0.0871301
46
0.812893
0.074894
0.445418
51
0.00659672
0.162311
0.0525594
0.405762
48
0.787702
0.129684
0.4944
77
0.00881455
0.333137
0.0668246
0.153136
2
0.937816
0.164653
0.212839
76
0.00331809
0.354022
0.020215
0.106417
10
0.991678
0.0413368
0.463489
78
0.00912099
0.0806573
0.0632148
0.105187
50
0.721637
0.0270907
0.496385
74
0.00199317
0.157548
0.0533238
0.498203
65
0.882549
0.0858159
0.313211
89
0.00797637
0.606667
0.0721488
0.469529
86
0.859295
0.0149419
0.139009
96
0.0026403
0.848247
0.0715657
0.378564
10
0.93616
0.168517
0.480681
71
0.00484109
0.871411
0.0853318
0.0610483
87
0.932534
0.0169528
0.262913
69
0.00860182
0.704416
0.0942153
0.270874
12
0.806656
0.0807138
0.272268
30
0.000869417
0.429966
0.0117692
0.311253
99
0.739127
0.0800561
0.0152637
20
0.00593299
0.764137
0.0538861
0.452233
17
0.897879
0.172273
0.00575725
17
0.00335933
0.401639
0.0620143
0.276156
73
0.766504
0.179219
0.398726
9
0.00913669
0.100575
0.0300959
0.274343
73
0.905167
0.117716
0.0432696
24
0.00456581
0.702369
0.0724957
0.176154
34
0.803002
0.180252
0.380385
73
0.000989585
0.707882
0.0252192
0.209516
74
0.875753
0.0981473
0.156843
44
0.00168967
0.555822
0.0566346
0.317347
16
0.788916
0.0578108
0.447371
83
0.000249664
0.308104
0.084128
0.256707
98
0.89834
0.19169
0.11523
72
0.00210958
0.623713
0.0486318
0.319581
31
0.706594
0.0869566
0.455259
33
0.00261174
0.368682
0.0689015
0.219828
86
0.790377
0.093123
0.491989
33
0.00142171
0.956734
0.0662843
0.369365
58
0.800553
0.147574
0.111547
36
0.00460348
0.425497
0.0740509
0.0422185
27
0.993763
0.110774
0.331815
75
0.00921652
0.449979
0.0927829
0.420446
40
0.940419
0.0794261
0.316266
83
0.00432712
0.356752
0.0699863
0.384117
94
0.73304
0.158419
0.276756
11
0.0084285
0.00378679
0.0123318
0.113358
52
0.808004
0.119685
0.40103
39
0.00767054
0.587188
0.0183619
0.32061
6
0.755848
0.101026
0.299542
91
0.00308341
0.632661
0.0972654
0.233504
41
0.72936
0.182426
0.0134228
65
0.00949585
0.889644
0.0935751
0.479967
7
0.823933
0.185822
0.124717
20
0.0012848
0.639718
0.0515087
0.227325
55
0.945737
0.0246652
0.37759
54
0.00758788
0.321609
0.0354413
0.412282
63
0.963717
0.0599971
0.257423
1
0.0057248
0.275012
0.0573643
0.365942
18
0.72398
0.186963
0.426642
96
0.00134279
0.316032
0.0727726
0.441292
66
0.956248
0.0307247
0.18083
69
0.000669988
0.713648
0.0798093
0.00203919
75
0.963725
0.0999558
0.254028
80
0.00266951
0.885881
0.0180682
0.158703
39
0.793776
0.155447
0.464544
11
0.0085792
0.108214
0.097448
0.310226
36
0.95039
0.194329
0.299265
11
0.00966829
0.785244
0.0998794
0.324437
12
0.894292
0.0593003
0.0484684
4
0.00635638
0.262551
0.0924173
0.101559
39
0.849556
0.170135
0.0536569
64
0.00380767
0.719796
0.072421
0.285126
56
0.818322
0.116098
0.345042
47
0.00799108
0.185261
0.0129599
0.216858
60
0.837863
0.0348399
0.00753142
88
0.0016436
0.98799
0.0287851
0.0449992
51
0.964676
0.196869
0.374689
94
0.00553775
0.454932
0.0280681
0.190316
51
0.71177
0.12474
0.431096
68
0.00514015
0.718138
0.0552479
0.338666
20
0.908999
0.110275
0.376596
5
0.00958255
0.773304
0.0895961
0.35051
59
0.872846
0.0734336
0.163141
2
0.00213308
0.49486
0.0850725
0.455714
5
0.827875
0.106585
0.119377
53
0.00441252
0.862413
0.0430611
0.422986
9
0.75555
0.0643173
0.277524
48
0.00468051
0.0713844
0.032924
0.20546
95
0.989828
0.154887
0.425899
28
0.00934212
0.803328
0.0512794
0.478532
61
0.888213
0.0148655
0.438724
58
0.00190472
0.463759
0.0848225
0.257535
53
0.76921
0.195507
0.0999409
89
0.00401346
0.339166
0.0138451
0.389725
93
0.742994
0.148234
0.432478
7
0.000267834
0.466819
0.0562656
0.19399
36
0.88197
0.139642
0.0767498
70
0.00940912
0.761682
0.0216945
0.289988
6
0.989272
0.0996471
0.092414
22
0.0098719
0.710997
0.0418244
0.272463
40
0.842118
0.0316227
0.439959
9
0.00714857
0.511727
0.0837751
0.0619487
97
0.752916
0.170922
0.136918
42
0.00129505
0.823779
0.0508649
0.161774
98
0.778822
0.102253
0.0392135
92
0.00475657
0.600462
0.094899
0.447701
50
0.766023
0.175139
0.240164
100
0.00405201
0.758376
0.0946434
0.0215991
29
0.717578
0.0989903
0.435926
27
0.00665112
0.041627
0.0771804
0.107388
4
0.952224
0.066232
0.113954
85
0.00112717
0.820508
0.0470724
0.481053
24
0.894928
0.159738
0.165366
36
0.00534458
0.305164
0.0889477
0.245211
62
0.75895
0.0874408
0.149391
24
0.00297917
0.680192
0.0829509
0.364707
59
0.722345
0.167131
0.0793082
97
0.00908825
0.572744
0.0643261
0.402231
23
0.863541
0.126847
0.135306
45
0.00690555
0.201662
0.0995909
0.396678
25
0.762953
0.0416315
0.397578
69
0.00973968
0.745289
0.0335603
0.314165
33
0.794643
0.108022
0.445028
47
0.00950813
0.854134
0.03794
0.249579
8
0.714791
0.0119027
0.176644
52
0.00748159
0.799562
0.0827313
0.467975
99
0.705822
0.0940366
0.0501493
99
0.00845727
0.816589
0.0192163
0.410396
53
0.983532
0.103754
0.265375
3
0.0014326
0.663142
0.0518992
0.360598
40
0.771552
0.0479633
0.0145984
40
0.00301043
0.894899
0.0226285
0.220578
16
0.94345
0.0534195
0.448931
68
0.00560193
0.567804
0.0799475
0.198312
22
0.984546
0.134027
0.390328
45
0.00743576
0.301191
0.0717564
0.370374
58
0.91253
0.0465691
0.387091
55
0.000958034
0.0984035
0.0578272
0.439667
35
0.913729
0.116428
0.336333
63
0.00247863
0.603078
0.0254962
0.155602
14
0.931215
0.0648354
0.202078
16
0.00224088
0.0613539
0.0170718
0.486843
48
0.987871
0.0849366
0.15293
68
0.0046549
0.178977
0.0956377
0.306535
89
0.820393
0.195153
0.090907
38
0.00835187
0.318732
0.0844044
0.32765
61
0.807479
0.1893
0.148002
63
0.000732191
0.50981
0.0545017
0.417947
68
0.749654
0.017774
0.0526634
14
0.00360801
0.0505553
0.0644887
0.0667682
85
0.836477
0.0633283
0.305052
67
0.00778121
0.285253
0.016895
0.18035
31
0.985107
0.0346539
0.0839741
77
0.000102803
0.253449
0.0870728
0.00195958
5
0.757196
0.0184186
0.352989
34
0.000443717
0.532541
0.0665631
0.114507
79
0.859715
0.0404693
0.497608
27
0.00243157
0.261069
0.0223866
0.400802
17
0.720196
0.17307
0.300558
48
0.00989991
0.833599
0.0237749
0.268857
46
0.709636
0.0686933
0.132861
70
0.00902718
0.77762
0.0257142
0.0712525
3
0.850384
0.121503
0.217727
95
0.00703844
0.597812
0.0789768
0.028655
64
0.732304
0.0657928
0.326576
14
0.00876
0.219087
0.0949631
0.145462
72
0.821284
0.0339945
0.467707
7
0.00923984
0.915301
0.0258844
0.232167
44
0.764998
0.0376115
0.458753
35
0.00182967
0.00530936
0.0746707
0.21018
72
0.809352
0.0820281
0.179709
55
0.00578965
0.68713
0.0748731
0.371358
2
0.922681
0.0812834
0.412686
13
0.00556204
0.335184
0.0756762
0.298504
47
0.851289
0.16199
0.126775
67
0.00174553
0.577402
0.0653802
0.38627
86
0.728914
0.0296242
0.221287
79
0.00132228
0.137928
0.0360084
0.493984
83
0.983133
0.105225
0.261916
36
0.00953928
0.179799
0.0875905
0.454474
41
0.737538
0.0109924
0.472123
88
0.00289092
0.972231
0.0566033
0.296002
90
0.826163
0.0185531
0.0285894
99
0.00229622
0.302876
0.0669682
0.201935
67
0.811293
0.119025
0.00629941
27
0.0050142
0.0858085
0.0326478
0.47161
79
0.769466
0.144178
0.167088
45
0.00368901
0.795787
0.0929859
0.0793141
34
0.751062
0.184046
0.276392
99
0.00804044
0.976242
0.0714079
0.0304675
21
0.994866
0.12798
0.0970763
97
0.00311443
0.153049
0.0533881
0.34915
49
0.94493
0.0266229
0.123608
62
0.00359981
0.195127
0.0416775
0.306254
59
0.702063
0.111911
0.203725
70
0.000768756
0.293786
0.0343958
0.470516
89
0.982824
0.0803189
0.384072
81
0.0010449
0.800771
0.0274923
0.233572
84
0.869427
0.10537
0.319257
23
0.0040844
0.606985
0.0766347
0.484403
24
0.886601
0.13049
0.321028
9
0.00430031
0.709651
0.0276686
0.352368
67
0.851799
0.0501685
0.228609
87
0.00244686
0.24891
0.0119199
0.248495
62
0.8283
0.164138
0.129346
86
0.00754282
0.0687039
0.0266174
0.254763
74
0.846983
0.0527952
0.433977
84
0.00906447
0.875803
0.0800401
0.428215
78
0.711026
0.0693647
0.413839
52
0.00778929
0.952055
0.0282371
0.0297693
55
0.783978
0.150179
0.434459
62
0.00504845
0.574539
0.0827199
0.458668
14
0.941645
0.177513
0.485871
51
0.00221181
0.881949
0.0396742
0.13254
40
0.844861
0.0343193
0.0373521
35
0.00819609
0.251345
0.0477423
0.347239
34
0.798215
0.0215378
0.143166
41
0.000927041
0.608786
0.0933334
0.292336
30
0.718149
0.185304
0.483546
65
0.00167868
0.0666593
0.0251141
0.400135
12
0.884235
0.131642
0.364845
30
0.00810928
0.849359
0.0624394
0.22873
78
0.841532
0.0973182
0.403566
92
0.00356713
0.85805
0.0817561
0.388163
11
0.970469
0.0966894
0.188031
61
0.00855154
0.00716711
0.0481823
0.0341507
84
0.726877
0.172618
0.0253672
17
0.00705304
0.327035
0.03063
0.381051
13
0.998522
0.0663195
0.212185
6
0.00733365
0.548624
0.0177195
0.440547
71
0.746713
0.023305
0.399659
100
0.00696453
0.882486
0.0412327
0.251958
12
0.712809
0.00866961
0.253389
48
0.00159115
0.729627
0.0299654
0.0242747
71
0.931895
0.153663
0.0648897
25
0.00768439
0.517531
0.0839424
0.215605
70
0.954951
0.0551289
0.350436
3
0.000613228
0.938096
0.0530748
0.284082
90
0.947991
0.00133375
0.42916
42
0.0073554
0.374678
0.0554326
0.00492945
24
0.840103
0.0906012
0.306551
9
0.0073151
0.478836
0.0732402
0.0133181
32
0.738134
0.050606
0.242325
8
0.00673395
0.489732
0.0432768
0.00833364
81
0.735061
0.0509237
0.245793
23
0.00382573
0.362531
0.0147927
0.262512
20
0.744708
0.166782
0.474325
50
0.00347495
0.647951
0.0960424
0.109673
19
0.74587
0.195999
0.0597055
95
0.00523752
0.278752
0.0606927
0.303833
45
0.781337
0.00490009
0.0448543
64
0.00926256
0.43538
0.0356817
0.188427
87
0.927135
0.00821675
0.456504
6
0.00931788
0.286664
0.0245012
0.487325
29
0.972145
0.138419
0.0993081
56
0.00801014
0.519778
0.0858917
0.340076
77
0.998058
0.0443907
0.271232
20
0.00822399
0.432119
0.0157794
0.497961
10
0.772025
0.0937118
0.182481
94
0.00605393
0.805427
0.0242254
0.0850702
37
0.980022
0.166076
0.207914
75
0.00286175
0.946806
0.0661409
0.14391
63
0.74895
0.136893
0.160813
63
0.00870893
0.551499
0.0909082
0.255994
89
0.743898
0.0814215
0.159122
37
0.00436539
0.291933
0.0542572
0.0807396
55
0.978577
0.13529
0.415667
22
0.00377825
0.39065
0.0423624
0.240649
79
0.890776
0.152523
0.308601
89
0.00790836
0.243223
0.0442662
0.203791
70
0.968292
0.0845068
0.144486
82
0.00350632
0.442158
0.0471027
0.322495
17
0.967423
0.0450581
0.359502
2
0.0097153
0.460387
0.0986067
0.33154
32
0.957813
0.00356525
0.490079
88
0.000735503
0.0481823
0.055775
0.0732319
51
0.959526
0.158162
0.281326
60
0.0034258
0.543133
0.0626758
0.385111
25
0.785465
0.188293
0.155265
9
0.00528514
0.079572
0.0279164
0.0646089
33
0.853211
0.0300978
0.476033
30
0.00653947
0.667362
0.0854377
0.0984895
88
0.782402
0.174873
0.165711
39
0.000346009
0.96075
0.0371937
0.11659
8
0.82278
0.198213
0.190188
79
0.000171926
0.403639
0.0506093
0.437977
18
0.772601
0.0497282
0.420341
58
0.00290254
0.125297
0.0144492
0.267972
74
0.846491
0.104389
0.495463
37
0.00544228
0.122056
0.0271519
0.356346
82
0.895484
0.0197975
0.385909
82
0.0018004
0.461675
0.0350258
0.164451
65
0.845463
0.0354282
0.0857807
15
0.00644756
0.579094
0.0203177
0.449028
76
0.907408
0.020246
0.291724
87
0.00726002
0.182591
0.0284496
0.34375
48
0.873624
0.168867
0.194855
84
0.00321647
0.159965
0.0290012
0.187304
76
0.794156
0.00382533
0.209001
2
0.00374193
0.15054
0.0459238
0.42572
30
0.816676
0.150314
0.0635538
92
0.003636
0.781707
0.0738236
0.327251
93
0.720724
0.00604776
0.414826
84
0.00497558
0.243888
0.0596563
0.499371
68
0.786066
0.142264
0.424451
34
0.00482262
0.269362
0.0611203
0.429311
22
0.80398
0.0468498
0.427646
46
0.00477556
0.10477
0.0536054
0.11995
67
0.927688
0.173409
0.394483
19
0.00839532
0.854683
0.0753704
0.428103
53
0.888817
0.0224666
0.489374
38
0.00715438
0.116594
0.0671437
0.43908
38
0.915808
0.0156338
0.261103
66
0.00883862
0.722945
0.0675025
0.381768
60
0.861602
0.117241
0.0208919
60
0.00782872
0.838762
0.0879893
0.419087
52
0.751598
0.0826367
0.280194
75
0.00892463
0.564737
0.0550946
0.47414
44
0.82927
0.149204
0.303614
6
0.00585837
0.0127822
0.0924914
0.133814
47
0.820144
0.191363
0.409192
37
0.000132721
0.676939
0.0452435
0.385499
46
0.824671
0.118686
0.144946
53
0.00230594
0.807536
0.0583687
0.0475442
22
0.934259
0.163574
0.135891
7
0.00284472
0.0396742
0.0610022
0.285618
96
0.972744
0.0249474
0.432091
16
0.00185807
0.601105
0.0481507
0.297466
66
0.880487
0.14144
0.298309
15
0.00403585
0.388364
0.0635197
0.3149
37
0.791749
0.0788138
0.0168491
7
0.00438197
0.638694
0.0229907
0.141735
52
0.721255
0.114292
0.132444
47
0.00847617
0.891727
0.0584848
0.207629
49
0.954032
0.181379
0.339544
61
0.0073984
0.287703
0.0769823
0.40764
19
0.909303
0.125713
0.373384
98
0.00729505
0.841448
0.0681019
0.138749
81
0.808324
0.0140726
0.199067
10
0.00606716
0.971121
0.0347448
0.312256
79
0.786694
0.0856984
0.0450504
85
0.00145114
0.944647
0.0497778
0.182948
92
0.939028
0.196313
0.355314
95
0.00207072
0.372997
0.0181869
0.361658
30
0.87467
0.0220535
0.20097
42
0.00982373
0.649892
0.0912659
0.178641
3
0.849208
0.17095
0.28682
40
0.00701076
0.369898
0.0812063
0.283352
83
0.946898
0.0241556
0.447098
15
0.00991292
0.344131
0.0461161
0.423325
81
0.814012
0.115324
0.32385
90
0.0054973
0.146225
0.0742056
0.408227
68
0.70785
0.0325607
0.459621
48
0.00540909
0.103159
0.0693913
0.449547
85
0.773755
0.00797518
0.272518
31
0.00997281
0.337225
0.0462598
0.331257
69
0.822115
0.056705
0.382252
16
0.00630454
0.0760097
0.0524318
0.431811
5
0.902953
0.114835
0.0246562
55
0.00658972
0.858765
0.0952194
0.136661
95
0.810373
0.176291
0.213647
46
0.000910025
0.770553
0.0705136
0.264124
95
0.875936
0.0978078
0.441101
32
0.00292929
0.630637
0.0120877
0.341535
62
0.831578
0.156014
0.278592
22
0.00995483
0.475144
0.0590329
0.212146
97
0.827295
0.0723591
0.296849
57
0.000199411
0.913401
0.0529287
0.294981
84
0.924431
0.0915061
0.139854
72
0.00626223
0.759682
0.0638761
0.468189
15
0.79942
0.0142152
0.37106
65
0.00153316
0.872261
0.083588
0.43473
80
0.7152
0.194465
0.451108
16
0.00117455
0.866856
0.0964775
0.304797
69
0.866136
0.0485387
0.0101084
28
0.00312987
0.419591
0.0386647
0.13567
65
0.839547
0.0430982
0.219735
44
0.00965195
0.744388
0.0993556
0.0835765
39
0.854589
0.0454878
0.152305
6
0.00582154
0.594777
0.0917885
0.278412
15
0.838217
0.112091
0.103299
14
0.00629538
0.0520021
0.0544252
0.416513
71
0.814695
0.0897865
0.465892
52
0.00614992
0.440005
0.0148911
0.166297
74
0.997797
0.0514568
0.468859
87
0.000997923
0.869549
0.0885801
0.179539
29
0.765562
0.0947233
0.0193879
36
0.00302007
0.693043
0.0455483
0.031142
25
0.900004
0.189798
0.026477
34
0.00306049
0.444851
0.0888201
0.279141
21
0.981815
0.0911843
0.0414135
70
0.00530969
0.215803
0.0620439
0.0597506
61
0.901108
0.15396
0.0581986
80
0.00186966
0.955625
0.0938852
0.460124
63
0.872802
0.0836255
0.0722221
35
0.00693357
0.793748
0.0605697
0.199456
69
0.946049
0.132421
0.436297
78
0.00135635
0.0589854
0.0159467
0.348295
42
0.948957
0.140312
0.460154
73
0.00453084
0.114304
0.0733968
0.215216
63
0.942965
0.170433
0.486709
51
0.00303374
0.0635368
0.0919719
0.466577
93
0.855138
0.139498
0.331251
29
0.00458648
0.56593
0.0361517
0.196577
83
0.727088
0.151503
0.328116
76
0.00981735
0.0554665
0.0264182
0.107878
11
0.937068
0.145324
0.0663715
46
0.00246014
0.980874
0.0447293
0.490317
28
0.76727
0.0519319
0.408852
91
0.00934709
0.67431
0.0100737
0.271981
43
0.9239
0.199504
0.284492
41
0.00197307
0.00862021
0.0966448
0.173408
97
0.960993
0.0780726
0.0751584
51
0.00786111
0.0647642
0.0540035
0.00660657
78
0.883234
0.13485
0.0678259
26
0.00124667
0.830198
0.044105
0.203551
43
0.914115
0.129202
0.0382931
3
0.00622902
0.815318
0.0803807
0.0274251
1
0.994478
0.188803
0.0465553
75
0.00789248
0.0259065
0.0833606
0.0335026
3
0.719299
0.152709
0.017392
31
0.00446751
0.958509
0.010432
0.0509403
73
0.965435
0.0175625
0.0224716
93
0.00490052
0.549986
0.0968396
0.223038
44
0.871345
0.184922
0.471836
4
0.00548196
0.983841
0.0498668
0.0754763
88
0.705108
0.0334853
0.487544
28
0.00234787
0.952305
0.0465183
0.112225
35
0.844195
0.0580265
0.392585
79
0.000705714
0.810118
0.02942
0.137435
11
0.877455
0.198978
0.493567
24
0.00807791
0.499137
0.0720475
0.239405
91
0.976712
0.160285
0.499176
74
0.00873754
0.416554
0.0890881
0.0775437
56
0.990332
0.166327
0.00280272
93
0.00354878
0.189097
0.0207559
0.322086
70
0.973724
0.181247
0.125219
68
0.00279987
0.685141
0.0429161
0.0550557
34
0.858116
0.107469
0.0928606
77
0.00137723
0.583364
0.050113
0.128787
34
0.796575
0.153103
0.343323
76
0.00977561
0.380034
0.0408345
0.191307
81
0.891543
0.00321455
0.177026
4
0.000850627
0.223709
0.0859783
0.351396
54
0.969318
0.0710355
0.13807
55
0.00278159
0.91046
0.0167174
0.0491059
72
0.809709
0.071072
0.224163
49
0.00545524
0.433616
0.0922101
0.191835
48
0.752057
0.0742182
0.411992
50
0.000382207
0.831122
0.08069
0.47605
75
0.893392
0.140265
0.0574052
40
0.000798953
0.269578
0.0322131
0.127585
80
0.700266
0.155352
0.354956
72
0.00709051
0.932319
0.0457488
0.0527389
49
0.730343
0.193989
0.174122
94
0.000360544
0.646233
0.0608736
0.0692657
47
0.960711
0.02608
0.319405
55
0.00565978
0.144824
0.0137258
0.475942
26
0.791406
0.162885
0.281962
90
0.00119156
0.789097
0.0190781
0.0126625
41
0.977635
0.136084
0.0126854
98
0.00998027
0.0191392
0.0656112
0.0899927
64
0.749257
0.0195071
0.120018
12
0.00738111
0.272533
0.0229532
0.45131
67
0.885551
0.186829
0.0513943
27
0.00671549
0.94932
0.0320564
0.0364244
27
0.962611
0.0569746
0.416514
20
0.00771623
0.254978
0.0696296
0.157529
77
0.988303
0.175859
0.206715
17
0.005914
0.64255
0.032805
0.398881
57
0.847789
0.0757304
0.401522
12
0.00340406
0.797047
0.0260895
0.196613
58
0.815854
0.199679
0.0701114
49
0.00721611
0.155377
0.0504058
0.0813961
31
0.837167
0.0790728
0.156391
95
0.00974526
0.350394
0.0156546
0.288662
11
0.961971
0.0764215
0.190784
98
0.00930275
0.119648
0.0311863
0.495298
91
0.756662
0.0168472
0.115915
89
0.00653101
0.865685
0.0777693
0.226028
98
0.916448
0.0588039
0.20554
40
0.00379997
0.305555
0.0824548
0.390985
9
0.917048
0.184552
0.353779
63
0.00114587
0.360075
0.0247052
0.420089
93
0.944406
0.182856
0.342644
67
0.00256881
0.351869
0.0211905
0.445253
82
0.82341
0.198708
0.291417
80
0.0060222
0.919155
0.0819751
0.213639
26
0.902045
0.0524058
0.302033
67
0.00809286
0.377649
0.0641244
0.367027
36
0.906266
0.0824075
0.286139
80
0.00385759
0.4962
0.0704018
0.401989
55
0.861181
0.164287
0.178935
19
0.00755682
0.0566279
0.0883071
0.235358
50
0.780995
0.114768
0.450286
97
0.00765572
0.131782
0.0522789
0.207289
52
0.755007
0.0557719
0.185879
18
0.00684817
0.503551
0.0297648
0.375579
43
0.825415
0.165004
0.334197
21
0.00727196
0.201315
0.0211479
0.0236415
98
0.886226
0.00905776
0.112096
18
0.00879483
0.996714
0.0980608
0.0742028
18
0.953372
0.0771309
0.221642
25
0.00772514
0.492285
0.0254667
0.265003
64
0.971727
0.0668742
0.10791
26
0.00345598
0.0906597
0.0904564
0.45345
30
0.761301
0.108357
0.00303127
96
0.00803727
0.656848
0.0213532
0.189598
65
0.914851
0.179586
0.173415
43
0.00969777
0.471466
0.0385439
0.253098
99
0.93326
0.146613
0.248948
28
0.0083173
0.149312
0.0398
0.2194
4
0.904184
0.0986871
0.233999
64
0.0058713
0.783707
0.0491528
0.349644
75
0.770282
0.0240022
0.172621
56
0.000225709
0.619351
0.0424153
0.224362
38
0.818622
0.119561
0.488921
49
0.00227185
0.230821
0.0945329
0.329346
11
0.730685
0.0719472
0.225951
24
0.00670889
0.715651
0.0410491
0.195606
35
0.815337
0.157488
0.396409
46
0.0057593
0.508593
0.0337907
0.0188189
93
0.971056
0.112723
0.0641711
76
0.00656434
0.173927
0.0547101
0.462748
61
0.731927
0.0379575
0.170367
43
0.00259373
0.659701
0.0115096
0.2375
88
0.753769
0.0292438
0.265475
68
0.00147832
0.837145
0.0508106
0.117407
98
0.857556
0.0331657
0.189473
58
0.00139351
0.67196
0.0488791
0.0501956
83
0.75419
0.0366938
0.258456
10
0.00978633
0.170457
0.0222167
0.168549
24
0.835928
0.0609924
0.461705
92
0.0015748
0.698594
0.0793257
0.367623
28
0.757898
0.106323
0.492995
4
0.00512384
0.19771
0.086372
0.0941708
50
0.706482
0.0963335
0.311484
71
0.0081609
0.398671
0.0371604
0.393098
35
0.896475
0.00158537
0.259484
37
0.00509208
0.323795
0.0893352
0.115364
42
0.929181
0.14094
0.365664
18
0.00894072
0.197133
0.0988118
0.0574457
60
0.889001
0.0320921
0.259478
56
0.00254017
0.751613
0.0150409
0.0222508
4
0.777879
0.0363501
0.0899637
10
0.00324642
0.220495
0.0336482
0.354701
64
0.793078
0.167449
0.242766
13
0.00616187
0.48156
0.0199221
0.133272
6
0.852614
0.159117
0.0958723
59
0.00406284
0.487893
0.0780454
0.246747
4
0.704447
0.103683
0.441369
7
0.00899924
0.206415
0.0656316
0.100461
69
0.847519
0.0540247
0.361986
38
0.00866186
0.695387
0.040012
0.18371
29
0.992515
0.00636865
0.184882
18
0.00917545
0.967959
0.0368523
0.380002
94
0.956705
0.143466
0.199659
72
0.00795854
0.135755
0.0615206
0.0781085
85
0.987304
0.157222
0.293242
31
0.00920089
0.615759
0.0744524
0.288338
80
0.768037
0.146827
0.0560681
91
0.00662187
0.176973
0.0381246
0.292477
42
0.716373
0.0358648
0.309693
10
0.00180749
0.546799
0.0126275
0.130817
33
0.908093
0.122522
0.11297
12
0.00461827
0.12627
0.0598357
0.464479
90
0.910794
0.0225414
0.0319988
35
0.00992239
0.020714
0.0979653
0.0670993
12
0.746297
0.092817
0.269715
38
0.00271889
0.985102
0.0314782
0.160921
15
0.741436
0.108476
0.170678
27
0.00623979
0.467262
0.0765943
0.0462569
74
0.744883
0.0396254
0.484134
73
0.0044447
0.421336
0.0906934
0.248947
28
0.991966
0.142886
0.0494582
49
0.00648807
0.625204
0.0760123
0.0560476
86
0.816376
0.0716595
0.163933
88
0.00938468
0.36519
0.0390643
0.315865
5
0.804352
0.100477
0.267307
48
0.0014974
0.0288072
0.0388054
0.0886219
40
0.709444
0.125189
0.1541
33
0.000784318
0.676111
0.0274098
0.245631
96
0.918264
0.0312046
0.453758
83
0.00689108
0.357726
0.0177584
0.416154
77
0.996434
0.141552
0.311102
44
0.00200658
0.187327
0.0364289
0.496251
80
0.909965
0.0109054
0.267596
81
0.000499326
0.376555
0.0910624
0.0994554
46
0.887462
0.193333
0.16855
43
0.00750792
0.0332325
0.0346511
0.0630499
99
0.80109
0.00550887
0.449478
14
0.00370812
0.231635
0.0449191
0.236368
8
0.966038
0.149828
0.428267
14
0.00861899
0.92177
0.0593587
0.286582
17
0.941588
0.0619606
0.316728
86
0.00366255
0.329681
0.0303671
0.48842
18
0.776315
0.0585772
0.186756
85
0.00422453
0.246748
0.0901409
0.201043
3
0.773337
0.0918153
0.147625
16
0.000473272
0.61174
0.0573083
0.457014
9
0.796923
0.177811
0.0867099
11
0.000525596
0.68069
0.087245
0.0699373
4
0.906632
0.0624727
0.405514
32
0.000828567
0.850687
0.0267806
0.0267799
7
0.762577
0.187438
0.457142
52
0.00515656
0.943797
0.0856325
0.435632
47
0.852119
0.171738
0.420081
81
0.00793697
0.130124
0.0549858
0.124912
32
0.917181
0.120895
0.0769368
71
0.000297998
0.275493
0.0776497
0.433096
57
0.889725
0.116846
0.418548
84
0.00397705
0.0222085
0.095493
0.489423
55
0.747276
0.107128
0.230983
42
0.00896562
0.655845
0.0897939
0.290739
77
0.868753
0.0782849
0.256098
46
0.00610523
0.392786
0.0313034
0.0196194
46
0.880676
0.0630017
0.4981
5
0.00309577
0.589076
0.0308938
0.0153626
73
0.842416
0.0851667
0.169049
69
0.00954538
0.213238
0.0768997
0.102799
85
0.7637
0.131447
0.0477295
82
0.00109283
0.968678
0.0842588
0.491458
94
0.979694
0.181701
0.423704
38
0.00222234
0.99836
0.0588526
0.39553
91
0.876708
0.19095
0.0627789
81
0.000143243
0.297277
0.0598639
0.450624
32
0.93304
0.0474165
0.0310195
67
0.00632009
0.699001
0.0681835
0.164848
13
0.975847
0.161337
0.175389
37
0.000432514
0.766899
0.0436411
0.394009
58
0.883926
0.125101
0.47649
92
0.00898088
0.846022
0.0324342
0.122559
19
0.85594
0.109672
0.0882939
87
0.002699
0.691026
0.0688382
0.0104187
57
0.787988
0.0891928
0.109723
19
0.000634803
0.319511
0.0618373
0.176821
87
0.821486
0.0462126
0.338185
74
0.00500111
0.995032
0.0694976
0.266957
57
0.73397
0.120652
0.1926
94
0.00909316
0.164043
0.0142288
0.0094185
45
0.714177
0.0635776
0.100904
54
0.00886914
0.311388
0.0444801
0.222083
69
0.921665
0.123496
0.32225
21
0.00480858
0.265999
0.058036
0.326058
47
0.779413
0.0419979
0.347213
88
0.00519143
0.535171
0.0677076
0.443647
90
0.736176
0.14573
0.372796
57
0.00488722
0.792315
0.0894501
0.0384275
14
0.784436
0.111043
0.407988
45
0.00942683
0.892533
0.0698973
0.374789
78
0.868553
0.188961
0.0604991
85
0.00760789
0.765494
0.0629002
0.039766
8
0.774983
0.190612
0.469875
10
0.00640303
0.643544
0.036818
0.00301071
29
0.924859
0.143815
0.134113
13
0.00251014
0.561943
0.0294547
0.465342
43
0.795688
0.0571446
0.371686
60
0.00720329
0.204534
0.0107041
0.206524
2
