0.895613
0.122734
0.00916776
68
0.00357491
0.0630612
0.0547752
90
3.05579
0.100759
0.000864514
0.977437
0.192811
0.0038021
92
0.0190357
0.0293056
0.174879
96
2.53367
0.610258
0.00124828
0.893305
0.138225
0.0094159
27
0.00972473
0.0780366
0.383784
73
1.97404
0.713757
0.00677541
0.849129
0.0548997
0.00216617
24
0.00777155
0.0154497
0.497895
64
1.6248
0.605679
0.00263628
0.872543
0.152124
0.00663275
99
0.00922112
0.0438247
0.043714
38
0.220665
0.582553
0.00597565
0.997698
0.106654
0.00865855
17
0.00270341
0.0762419
0.49315
75
2.14256
0.251537
0.00581798
0.879453
0.12039
0.00897149
90
0.0122006
0.0476571
0.221738
19
1.54941
0.354458
0.00412431
0.931257
0.13725
0.0071277
17
0.0193914
0.0102461
0.11098
19
0.859242
0.0132214
0.00352785
0.975478
0.0645766
0.00222154
93
0.0113507
0.0439833
0.0815552
40
1.43496
0.6037
0.00884355
0.991665
0.0497522
0.00205149
59
0.017196
0.0133118
0.0405903
96
1.71335
0.798548
0.00197261
0.990199
0.0906296
0.00224889
74
0.00638539
0.022156
0.0999346
59
3.69056
0.411268
0.0098866
0.908134
0.0483284
0.0068785
62
0.0163311
0.0453255
0.151731
69
0.348701
0.520123
0.00651721
0.908407
0.0657325
0.00363953
78
0.015875
0.0643162
0.288606
50
0.911929
0.747392
0.0037552
0.82785
0.0690451
0.00559282
17
0.0143234
0.0764988
0.343301
97
0.644005
0.390416
0.00934937
0.806281
0.053716
0.00105545
148
0.0160431
0.0913062
0.258282
30
1.28
0.123669
0.00779809
0.988441
0.0206214
0.00315495
25
0.00959709
0.0662786
0.0121237
4
0.714848
0.331647
0.0027741
0.918284
0.0568377
0.0062635
69
0.0123
0.0545605
0.128353
21
0.148609
0.0471927
0.00154846
0.98911
0.0965569
0.0098098
52
0.00517667
0.0581837
0.355113
37
1.24793
0.0625366
0.00637925
0.825273
0.13402
0.00474835
65
0.0151186
0.0837289
0.00274857
22
2.84634
0.118483
0.00243416
0.998083
0.102173
0.00791064
58
0.00430895
0.0270025
0.367734
99
2.41209
0.596507
0.00718444
0.822676
0.0596375
0.00491076
38
0.0177549
0.0460906
0.230948
86
0.498172
0.626867
0.00827877
0.862675
0.0278363
0.00108374
65
0.016734
0.0206679
0.0772075
45
0.945492
0.686156
0.00365693
0.954641
0.151404
0.00188834
147
0.00584601
0.036828
0.0685225
5
3.69416
0.521692
0.00949852
0.962318
0.175453
0.00534089
116
0.0166679
0.0290025
0.225594
86
1.99232
0.353818
0.00342094
0.89515
0.113709
0.00682644
10
0.0174189
0.090505
0.0113081
83
0.876646
0.503717
0.00800356
0.904691
0.066373
0.0088432
145
0.0180927
0.0800594
0.417444
33
2.63992
0.0931867
0.00307816
0.963238
0.196682
0.00799461
15
0.0138297
0.0921125
0.0762172
54
2.39367
0.180914
0.00658644
0.844953
0.151986
0.00258612
90
0.0101361
0.0172401
0.0363434
85
2.70717
0.276465
0.00186301
0.848207
0.100466
0.00925406
111
0.00713648
0.0754287
0.36849
14
2.3787
0.139318
0.00047381
0.960947
0.13222
0.00678182
24
0.00451714
0.0988858
0.300069
72
2.18731
0.0693019
0.00443862
0.873543
0.0530492
0.00412328
102
0.0114006
0.0675915
0.135245
81
1.61036
0.348307
0.00118771
0.93898
0.0286538
0.00846789
34
0.00160137
0.0409133
0.420677
98
1.50215
0.238484
0.00423483
0.940726
0.126172
0.00104238
106
0.00370935
0.0326653
0.465603
68
0.824886
0.6436
0.00560732
0.811778
0.173502
0.0036189
122
0.0195172
0.0469039
0.496753
56
3.33266
0.269477
0.00753305
0.984658
0.0711556
0.0094999
52
0.0159642
0.0458881
0.419689
64
2.88504
0.0594484
0.00668892
0.807977
0.0821642
0.00129385
58
0.00215707
0.0639935
0.0378146
10
0.896377
0.439119
0.000558259
0.959675
0.0867337
0.00240124
133
0.00328741
0.0252658
0.490359
6
1.596
0.501006
0.00362305
0.872386
0.17329
0.00855102
131
0.00865116
0.0807056
0.158946
80
0.588124
0.386719
0.00119105
0.944049
0.198931
0.00360995
67
0.0108638
0.080966
0.136549
26
1.53529
0.4437
0.00509992
0.937889
0.135579
0.00346383
79
0.0128329
0.0562015
0.0981984
68
2.76996
0.31858
0.00257142
0.866266
0.0325266
0.00939233
46
0.00611713
0.0822636
0.190772
76
2.02653
0.388226
0.00291029
0.936029
0.0973024
0.00465382
129
0.0155875
0.0906544
0.223336
79
1.26151
0.0820787
0.00502366
0.853629
0.16783
0.00882418
130
0.00945478
0.0876656
0.232297
39
2.89446
0.790028
0.00850843
0.964098
0.0818152
0.00343806
112
0.019661
0.0489837
0.451521
30
2.67295
0.34306
0.0062427
0.957289
0.148591
0.00877187
138
0.0102926
0.0688876
0.078791
76
1.65883
0.430034
0.000591765
0.855015
0.0316241
0.00966115
128
0.00580037
0.0798184
0.462791
2
3.8625
0.156286
0.00647727
0.808788
0.0239414
0.00526425
127
0.00997563
0.0996298
0.254714
30
3.1134
0.632937
0.00856333
0.8823
0.186983
0.00529848
62
0.00315728
0.0264541
0.186876
91
3.79959
0.453065
0.000665031
0.846822
0.107328
0.00162959
37
0.0092026
0.0407412
0.327223
94
1.28273
0.192853
0.00310313
0.971911
0.197201
0.0084737
48
0.00545002
0.0841758
0.146375
47
2.04328
0.717261
0.00152795
0.818886
0.0954329
0.00335047
107
0.00569245
0.0397206
0.0639716
90
2.31898
0.264539
0.00301481
0.861314
0.147193
0.00133164
64
0.00719316
0.0714312
0.0265222
82
0.384386
0.753521
0.00100653
0.844411
0.0360801
0.00141812
98
0.00227492
0.0908882
0.201872
6
2.65698
0.612038
0.00460001
0.841033
0.0510253
0.00385227
105
0.00952558
0.0615495
0.00700354
89
0.521539
0.720698
0.00259548
0.805214
0.124839
0.00157413
32
0.0041267
0.085549
0.269293
68
3.07478
0.334393
0.00433939
0.925471
0.125324
0.00164936
136
0.0171388
0.014936
0.321606
69
3.18202
0.337538
0.00276046
0.802793
0.0955801
0.00280688
100
0.00782952
0.0431634
0.480137
26
0.782855
0.771134
0.00505219
0.972177
0.0101534
0.00658484
36
0.0153208
0.0783037
0.318957
26
1.58076
0.467573
0.000761602
0.957628
0.0813235
0.00349129
81
0.00793467
0.0846381
0.332275
55
1.98286
0.556714
0.00404234
0.966041
0.171152
0.00125839
11
0.0126329
0.0999254
0.35731
34
2.69266
0.153173
0.00773138
0.936594
0.0177869
0.00160053
46
0.0176408
0.0773402
0.133675
87
3.30436
0.488992
0.00484614
0.84027
0.111136
0.00593929
36
0.0166245
0.0544549
0.432471
37
3.15476
0.136043
0.00462034
0.910488
0.177669
0.00867549
84
0.0196233
0.0447649
0.284962
32
3.75168
0.0879884
0.00236864
0.882576
0.15767
0.00311355
132
0.00105552
0.0932576
0.103008
58
3.71717
0.344853
0.0095034
0.97984
0.0871882
0.00784619
137
0.0162
0.0117164
0.429947
82
2.54649
0.342437
0.00236347
0.897728
0.0577959
0.00822497
120
0.0158556
0.072975
0.210714
11
0.228203
0.340885
0.008025
0.891381
0.0476674
0.0074929
23
0.0110006
0.059566
0.107006
59
0.814421
0.706614
0.00192554
0.943042
0.146774
0.00856984
121
0.00310595
0.0917436
0.031582
20
3.64729
0.758392
0.000781904
0.951745
0.197518
0.00121252
102
0.0052689
0.0549677
0.326828
66
2.8789
0.649353
0.00844794
0.840622
0.0352084
0.00928208
94
0.0189128
0.0420744
0.202835
76
1.86202
0.374647
0.00602201
0.886477
0.0869448
0.00246595
56
0.0104909
0.0508635
0.47613
10
2.50546
0.30788
0.00680734
0.828397
0.0413872
0.00632878
129
0.0087467
0.0389575
0.467789
44
1.0397
0.265836
0.000728576
0.953475
0.115967
0.00428656
76
0.0148086
0.0337802
0.374899
56
2.6294
0.390978
0.00992704
0.921505
0.0347144
0.00908654
38
0.016921
0.0399148
0.227652
2
1.48623
0.303739
0.00546252
0.966524
0.0940338
0.00791452
94
0.00853764
0.0684523
0.42262
8
0.295308
0.523718
0.00693952
0.915215
0.0685072
0.00319171
65
0.00184842
0.0819213
0.407237
34
3.73919
0.728771
0.00475904
0.956656
0.0628505
0.00880569
141
0.019842
0.097696
0.195646
70
1.37286
0.386111
0.00220777
0.822246
0.150074
0.00351703
73
0.0153266
0.0682913
0.194083
6
2.29112
0.371115
0.00564416
0.975092
0.0163804
0.00643226
106
0.00627661
0.0895276
0.115034
26
3.55776
0.404489
0.00912218
0.982357
0.13783
0.00834192
23
0.00974792
0.0424838
0.457936
65
2.11913
0.494827
0.000646073
0.900522
0.14768
0.00970223
100
0.0177963
0.0537469
0.286698
34
3.72754
0.29738
0.00615111
0.816253
0.119795
0.0078109
16
0.00898417
0.0334858
0.131645
17
2.00034
0.578732
7.41842e-05
0.854843
0.0893115
0.00170557
77
0.0137314
0.0916202
0.482495
48
3.03286
0.454574
0.00474479
0.923254
0.15391
0.00536194
52
0.017384
0.0456131
0.427559
4
2.47669
0.791105
0.00946998
0.886256
0.139781
0.00959091
146
0.0151531
0.0730375
0.187178
11
3.40107
0.507202
0.000141264
0.820506
0.178135
0.00954845
88
0.00376002
0.0204004
0.267511
19
2.18438
0.686598
0.000309448
0.855509
0.084844
0.00578796
40
0.01473
0.0295056
0.262841
74
1.73241
0.360739
0.00111897
0.80561
0.199789
0.00289195
100
0.00297619
0.0946242
0.171538
22
3.60305
0.480792
0.0078196
0.837804
0.106488
0.00636886
25
0.00369479
0.0131227
0.100292
13
3.13239
0.377444
0.00785288
0.981782
0.130889
0.00714292
95
0.0191741
0.0895639
0.066917
8
3.04961
0.794719
0.00547141
0.823334
0.0242857
0.00304657
140
0.0126769
0.0256904
0.00475466
41
0.341707
0.538608
0.00572048
0.943567
0.131926
0.0022611
124
0.00833845
0.0373609
0.0879872
20
2.49418
0.746663
0.000510156
0.996905
0.049204
0.00340788
20
0.0160536
0.0473882
0.455982
56
2.26576
0.176961
0.00864983
0.876075
0.152638
0.00918452
79
0.012431
0.0433729
0.252881
59
2.16956
0.108273
0.00678484
0.997013
0.0931535
0.00874096
108
0.00756623
0.0317362
0.211617
62
2.23785
0.32479
0.00268727
0.979007
0.100008
0.00270913
96
0.0126009
0.015907
0.390075
40
0.925596
0.125803
0.00962392
0.836411
0.174249
0.00754052
51
0.00860247
0.0914516
0.389233
46
0.980801
0.0254037
0.00499919
0.897281
0.105527
0.00241144
18
0.0146044
0.0672339
0.0937043
25
2.4095
0.240066
0.00327448
0.927113
0.0512654
0.00741786
70
0.0027835
0.0979622
0.317411
45
0.759759
0.367776
0.00135577
0.900025
0.1724
0.0046608
124
0.00122521
0.0497606
0.229426
94
0.143323
0.0791949
0.00358681
0.911023
0.116874
0.00256444
77
0.0136761
0.0857118
0.378228
82
3.5261
0.0979237
0.00761999
0.982263
0.098766
0.0076228
99
0.0163537
0.0525768
0.297776
23
2.34547
0.552598
0.0021602
0.901383
0.176723
0.00140686
104
0.0150504
0.0650415
0.0520079
43
3.38908
0.0893358
0.00405211
0.869079
0.190436
0.00767437
124
0.00888065
0.0959741
0.086325
42
2.25674
0.147315
0.00757009
0.82486
0.118444
0.00679935
110
0.0135516
0.0234153
0.442853
27
0.562697
0.727426
0.00592174
0.871681
0.0785018
0.00655073
53
0.0194638
0.0359882
0.132456
87
2.56842
0.080619
0.00158651
0.949502
0.0385053
0.00197377
46
0.010822
0.0792562
0.178724
59
0.449283
0.681321
0.0027218
0.871502
0.1413
0.00571363
31
0.0134153
0.0666245
0.160627
77
0.175309
0.0710167
0.00656022
0.960651
0.182394
0.00762861
96
0.00420367
0.0775034
0.243388
72
0.994027
0.319938
0.000196251
0.927399
0.085446
0.00516433
119
0.0130243
0.0696751
0.215789
68
1.63
0.317199
0.0097841
0.857596
0.0839788
0.00420981
110
0.0188019
0.0215548
0.123714
5
1.94879
0.688289
0.00904837
0.869795
0.0168975
0.00737149
49
0.0131937
0.0349227
0.437848
88
3.76708
0.479972
0.00933478
0.814599
0.159198
0.00317348
42
0.00238613
0.0780894
0.264014
12
2.7892
0.734509
0.00298604
0.878423
0.129683
0.0029672
43
0.00164833
0.0761181
0.0331759
74
1.06701
0.368859
0.00417822
0.954124
0.09175
0.00309883
71
0.00502945
0.012936
0.370453
91
2.36089
0.474408
0.00886411
0.834617
0.103613
0.00976923
40
0.0131516
0.0532623
0.362723
14
2.24747
0.463647
0.0052779
0.90544
0.109845
0.00478641
20
0.00828941
0.0171579
0.281715
75
0.357903
0.269109
0.00984995
0.974654
0.131233
0.00615333
22
0.00603282
0.0585234
0.0244091
67
3.23017
0.68266
0.00980262
0.998661
0.104556
0.00320071
106
0.0127943
0.048868
0.44167
63
1.888
0.783589
0.00329482
0.804846
0.168299
0.00831725
54
0.0140672
0.086426
0.294147
88
0.586844
0.490472
0.00787077
0.958709
0.0503494
0.00354337
140
0.00391694
0.0493928
0.0915375
7
1.02366
0.679874
0.000967655
0.813216
0.0802804
0.00365677
33
0.00606903
0.0443403
0.397272
84
3.3365
0.539932
0.00695618
0.844058
0.0468977
0.00632605
141
0.0177138
0.0968707
0.11489
89
0.259928
0.443135
0.00220792
0.956832
0.0735771
0.00231338
101
0.00344278
0.0179274
0.0607809
20
3.68198
0.106847
0.00438587
0.835274
0.180557
0.00972891
31
0.0134822
0.0602065
0.16958
47
1.64822
0.0402223
0.000610033
0.856993
0.0394198
0.0051931
36
0.00623258
0.0231319
0.479974
54
1.49461
0.00729118
0.00154626
0.938848
0.124215
0.00990653
12
0.00940713
0.0742731
0.408997
22
3.7338
0.104157
0.0016951
0.946292
0.156691
0.0074465
49
0.0171843
0.0282931
0.443658
71
1.75662
0.668818
0.00691274
0.912864
0.0635002
0.00862769
83
0.0154898
0.0709377
0.251378
58
2.91841
0.0360125
0.00200469
0.801626
0.12841
0.00751631
87
0.0143592
0.072506
0.241379
21
3.48355
0.144821
0.00702377
0.846011
0.0546614
0.00921232
23
0.00822529
0.0733582
0.193011
65
3.75452
0.700061
0.00840977
0.8382
0.128063
0.00193365
123
0.00967381
0.0580181
0.140144
42
2.47954
0.399395
0.00880477
0.858428
0.0190692
0.00193874
11
0.0110675
0.0951681
0.424903
84
1.95909
0.315132
0.000403795
0.851127
0.110557
0.00264775
90
0.00564986
0.0411505
0.287803
86
3.19159
0.274315
0.00292878
0.85905
0.119977
0.0019005
99
0.0134351
0.0211337
0.291728
61
3.71044
0.0383118
0.000533209
0.922941
0.0207825
0.0090018
37
0.0190587
0.0660537
0.371598
12
3.94132
0.00941916
0.00346265
0.941028
0.0402967
0.00174849
28
0.00137174
0.0481435
0.314713
74
1.8808
0.785197
0.00167472
0.959084
0.0129599
0.00266958
108
0.0188503
0.0356093
0.35933
95
1.89293
0.247737
0.00714878
0.95013
0.184724
0.00505863
66
0.0129975
0.034662
0.421105
69
3.65836
0.413517
0.00207035
0.906662
0.122126
0.00178343
57
0.0127778
0.0928774
0.440111
17
1.91793
0.203881
0.00496347
0.893696
0.168727
0.0098434
80
0.00454595
0.021745
0.459166
66
2.51144
0.384081
0.0069951
0.962797
0.0783017
0.00624117
134
0.0119573
0.0858034
0.435812
28
1.77492
0.212655
0.00670822
0.930547
0.198145
0.00202987
69
0.00657072
0.0974343
0.0183118
13
1.71979
0.62316
0.00247357
0.852558
0.0446032
0.00998514
86
0.00477284
0.0529853
0.108082
37
1.40634
0.325398
0.00768806
0.994388
0.149501
0.00218303
139
0.0191434
0.016438
0.0619014
65
1.84402
0.492004
0.00848851
0.890141
0.0486506
0.00668035
28
0.0116919
0.0557153
0.265638
100
2.97701
0.152711
0.00339573
0.868715
0.0424269
0.00308446
88
0.0175346
0.0741023
0.472886
70
2.55244
0.587481
0.00338166
0.847672
0.0669322
0.0013087
92
0.0084014
0.0875266
0.233783
42
3.08747
0.571146
0.00836258
0.849849
0.170439
0.00187318
138
0.00163038
0.081167
0.298736
70
2.28406
0.219702
0.00196565
0.869353
0.0138426
0.00352193
149
0.0109439
0.0903978
0.0345583
36
0.399674
0.574194
0.00427264
0.964874
0.17198
0.00827031
39
0.00142714
0.0751696
0.396656
31
3.5704
0.287672
0.006433
0.971306
0.0474767
0.00985682
7
0.0122435
0.0237086
0.347381
52
3.48262
0.672552
0.00629281
0.974268
0.0192465
0.0040305
47
0.0114852
0.0395176
0.0225186
91
2.72991
0.165435
0.00848043
0.973806
0.0516848
0.00490051
98
0.014264
0.033307
0.279817
24
2.76326
0.0187303
0.00556556
0.933124
0.0640295
0.00461171
85
0.00882599
0.0691123
0.358336
27
1.17179
0.23544
0.00810284
0.972964
0.0168121
0.00382226
91
0.0186663
0.0655637
0.369381
43
3.25465
0.62102
0.00990674
0.980813
0.0255545
0.00673183
54
0.00428849
0.0739575
0.0507643
48
0.393973
0.172651
0.00541048
0.878337
0.128816
0.00457084
95
0.00676716
0.0162985
0.275756
3
2.95227
0.169642
0.00957599
0.924909
0.187657
0.00769031
50
0.0160956
0.083911
0.0572974
27
3.84362
0.0555948
0.00707926
0.901709
0.175693
0.0054983
6
0.0106668
0.0475197
0.377354
78
0.179969
0.787055
0.00639223
0.899032
0.0104749
0.00292375
21
0.00709917
0.082413
0.380766
79
0.845454
0.17965
0.00686691
0.928991
0.0307997
0.00698762
81
0.0182418
0.0594874
0.0887567
53
3.62517
0.411869
0.00564554
0.884019
0.0606595
0.00288158
29
0.0141119
0.0701271
0.387745
92
3.37992
0.42022
0.00534337
0.810271
0.0198162
0.00299608
133
0.0118574
0.0253723
0.312192
4
3.23618
0.575864
0.00431924
0.813688
0.171575
0.00500105
125
0.0161482
0.0663422
0.185435
25
0.467428
0.472022
0.00593236
0.890668
0.165333
0.0061236
118
0.00815625
0.0891625
0.197411
56
3.12578
0.549396
0.0089537
0.969014
0.079784
0.00935671
97
0.00289138
0.0387755
0.196902
8
1.33072
0.60876
0.00114542
0.93142
0.115187
0.00214137
50
0.0136364
0.0291261
0.35188
82
3.5356
0.459987
0.00550156
0.98742
0.107871
0.00416303
39
0.0197976
0.0900806
0.404342
33
0.998401
0.131775
0.00634428
0.863008
0.192745
0.004868
117
0.0172699
0.0485882
0.458541
93
0.273199
0.788237
0.000452654
0.852395
0.170353
0.00528096
40
0.00336675
0.0353107
0.148717
35
0.986136
0.572013
0.000672412
0.826359
0.0803614
0.00358907
113
0.0128677
0.0652852
0.0284184
13
0.413842
0.725734
0.00362648
0.892426
0.0321574
0.00737705
103
0.00474683
0.0272432
0.400653
83
3.39504
0.102276
0.006492
0.916646
0.0589736
0.00810402
117
0.00739687
0.0708252
0.130628
43
2.0999
0.222352
0.00897888
0.85582
0.142811
0.00408643
149
0.0165005
0.0814872
0.460883
21
2.57805
0.294171
0.000979004
0.889543
0.160096
0.00201666
93
0.00928784
0.0623315
0.339719
51
3.93319
0.22037
0.00515244
0.94743
0.0431037
0.00507994
72
0.00125947
0.0886811
0.306497
44
0.970222
0.502052
0.00943561
0.904196
0.123451
0.00121686
92
0.00684529
0.0336691
0.436092
67
1.14406
0.250004
0.00852428
0.935677
0.16114
0.00564853
15
0.00353159
0.0512327
0.149396
63
3.09817
0.380568
0.0037131
0.830283
0.0365107
0.0027963
8
0.0174786
0.0718084
0.4454
80
0.750524
0.162272
0.00970416
0.91442
0.146254
0.00964944
92
0.00207097
0.0279784
0.364474
73
3.14348
0.416047
0.000789407
0.846228
0.0250847
0.00369996
8
0.0199008
0.0866323
0.152973
16
2.72012
0.428083
0.0068914
0.93196
0.0584501
0.00459139
136
0.0104197
0.0697759
0.307147
5
1.66504
0.375914
0.00189108
0.816769
0.188374
0.00991553
139
0.00435345
0.052033
0.207455
65
2.00251
0.504981
0.00833489
0.882785
0.0117721
0.00520492
13
0.0146634
0.0617507
0.104789
16
0.376841
0.171428
0.00918402
0.807815
0.155546
0.00539386
34
0.0122587
0.0153009
0.495682
68
0.932014
0.689749
0.00465633
0.994673
0.0383036
0.00994686
85
0.00934737
0.0255107
0.405643
15
1.44082
0.216893
0.000428911
0.9919
0.12668
0.00234854
40
0.00994688
0.0262783
0.0730228
71
1.33856
0.767243
0.00502595
0.88862
0.0911139
0.00397977
53
0.00100554
0.0242561
0.134653
64
2.4477
0.616768
0.00225861
0.843563
0.0841889
0.00207731
128
0.00562672
0.0631724
0.12969
28
1.38587
0.274082
0.00241876
0.903805
0.0563666
0.00159375
88
0.0133484
0.0470827
0.428971
51
3.97294
0.756262
0.00798861
0.829397
0.0857443
0.00476964
45
0.00386743
0.0898858
0.00516752
20
3.47176
0.230496
0.00287118
0.867184
0.052219
0.0051511
45
0.00702963
0.082106
0.118022
80
3.2953
0.00568459
0.00177619
0.853768
0.141621
0.00651827
55
0.0197317
0.0757167
0.0487566
45
3.41224
0.0183092
0.00310729
0.832672
0.049022
0.00416818
48
0.00979027
0.0701152
0.322402
24
1.00576
0.302754
0.00867226
0.860562
0.108913
0.00401845
133
0.00327825
0.0518597
0.461247
85
0.74106
0.417497
0.00418793
0.94581
0.110859
0.00851761
74
0.00896936
0.0128612
0.137503
66
2.61372
0.243371
0.0034847
0.851689
0.182539
0.0041375
132
0.0133057
0.0772526
0.352018
95
2.07619
0.446402
0.00392461
0.91341
0.0405936
0.00813981
74
0.0184145
0.087933
0.173041
69
1.19538
0.0318127
0.00620363
0.816692
0.0764171
0.00864073
37
0.00892099
0.0575468
0.274867
83
0.292278
0.472457
0.00567449
0.984783
0.176246
0.0053246
14
0.0108887
0.0849444
0.316068
88
0.792426
0.437742
0.00251388
0.895928
0.121128
0.00151065
112
0.0181251
0.0633553
0.17926
70
2.06534
0.116193
0.00997539
0.817528
0.148306
0.00110283
67
0.0139135
0.080273
0.45406
71
0.170096
0.40934
0.00210246
0.875141
0.181805
0.00835505
146
0.0132268
0.0167837
0.084838
73
2.85767
0.280091
0.00661147
0.812991
0.0938106
0.00274375
83
0.0179123
0.014428
0.464696
78
2.65496
0.245905
0.00245098
0.980221
0.0257849
0.00249049
67
0.0107899
0.063656
0.0674207
15
1.55564
0.426636
0.00424798
0.907202
0.145849
0.00426954
94
0.00695697
0.0996541
0.379384
87
2.81861
0.255851
0.00812421
0.894413
0.0945613
0.00839333
33
0.00466534
0.0805173
0.290648
85
2.37942
0.719215
0.00356041
0.807183
0.140177
0.00283941
100
0.0167928
0.0786669
0.363149
95
1.80052
0.0429523
0.00163926
0.966991
0.0430192
0.00592934
7
0.00177882
0.0361202
0.308459
53
2.0194
0.407417
0.00828489
0.972604
0.181175
0.00237566
61
0.00447486
0.0553003
0.14334
66
2.93511
0.0583052
0.00395038
0.934211
0.0535622
0.00817459
38
0.015205
0.0197902
0.242082
70
1.70026
0.0661258
0.000941358
0.849539
0.163306
0.00583892
18
0.0176451
0.0285868
0.192397
78
3.11081
0.536252
0.00335016
0.912606
0.14261
0.00231519
13
0.011073
0.0145885
0.154445
29
0.238801
0.0376468
0.000839347
0.952681
0.191553
0.0081218
122
0.0175151
0.0937593
0.266629
96
3.7036
0.583605
0.00318275
0.872941
0.120668
0.00208763
101
0.0129209
0.0614703
0.0957777
30
3.16422
0.431074
0.00482109
0.884933
0.102781
0.00496178
32
0.0150211
0.0401202
0.0175621
93
1.22365
0.425996
0.00126769
0.842208
0.0959563
0.00154015
30
0.0186912
0.0735893
0.0711127
74
3.49068
0.0332057
0.00552734
0.887757
0.162578
0.00430666
93
0.00469341
0.0570938
0.00977568
28
2.50131
0.0956014
0.00604148
0.925968
0.112625
0.0035738
80
0.0124684
0.084852
0.450875
61
1.23177
0.712613
0.000924202
0.88473
0.0993668
0.00620043
126
0.00334586
0.0911739
0.234797
11
3.16624
0.423139
0.00723761
0.913879
0.184256
0.00172856
119
0.0192501
0.0324377
0.365858
25
1.38255
0.183008
0.00233551
0.967578
0.116412
0.00691393
122
0.0100328
0.0756214
0.444555
67
2.83062
0.731534
0.00999845
0.986975
0.0356092
0.00683664
131
0.00523499
0.0750862
0.0451944
15
0.26817
0.793238
0.00325726
0.956252
0.0212953
0.00164149
76
0.00339896
0.0885528
0.488491
6
0.162833
0.465946
0.00977183
0.845288
0.0150047
0.00746379
25
0.00234863
0.0983997
0.0809002
10
3.88376
0.568227
0.00879953
0.96454
0.169289
0.00423863
12
0.0170387
0.0813793
0.218967
63
1.34541
0.448987
0.000346298
0.909376
0.156341
0.00987435
89
0.0194835
0.0583383
0.36163
13
2.8571
0.134078
0.000185488
0.86215
0.18558
0.00218887
133
0.0158071
0.0302584
0.083908
95
2.15019
0.137181
0.00902701
0.996106
0.122993
0.00668975
69
0.0156485
0.034033
0.273057
90
1.29171
0.703858
0.00384049
0.811254
0.0823203
0.00212944
15
0.0055953
0.0692797
0.430705
94
0.203102
0.499181
0.0019325
0.968292
0.16479
0.00819842
44
0.0178724
0.0647766
0.112196
42
1.17594
0.143905
0.00230707
0.870469
0.154815
0.00607434
13
0.0140044
0.0314288
0.164249
46
1.09062
0.300249
0.00771846
0.924297
0.16141
0.00511662
126
0.0059372
0.0430247
0.391931
7
2.90232
0.0542252
0.00672887
0.803414
0.14877
0.00103198
26
0.00722999
0.0482846
0.289981
60
0.596058
0.530253
0.00584738
0.958168
0.0776526
0.00868854
111
0.00698797
0.0511393
0.463354
32
0.578875
0.514857
0.00321458
0.804726
0.0747476
0.00629902
60
0.0161668
0.0677057
0.055417
91
1.25267
0.204495
0.00343479
0.998596
0.101039
0.0013924
113
0.00618269
0.0958301
0.447187
49
1.93874
0.223301
0.000827972
0.969506
0.166789
0.00726966
39
0.00293829
0.0609707
0.276379
27
3.06912
0.447471
0.00558463
0.919313
0.014223
0.00968281
23
0.00597085
0.0521425
0.0418496
86
1.04901
0.0852695
0.00468928
0.969804
0.121435
0.00771274
6
0.0152279
0.0310361
0.238664
20
3.92654
0.589291
0.00796469
0.850814
0.0380817
0.00623399
98
0.0139415
0.0679718
0.209231
52
2.13065
0.544058
0.00931858
0.859956
0.119171
0.00805985
144
0.0189443
0.0829732
0.027057
24
0.481131
0.658117
0.00401943
0.891945
0.187331
0.00330782
57
0.00225155
0.099305
0.484998
10
1.05108
0.371972
0.00911529
0.860343
0.196357
0.00547269
24
0.0059811
0.0320429
0.139631
73
3.28793
0.198724
0.00446012
0.892785
0.0934504
0.00640658
19
0.00180681
0.0776912
0.282195
56
2.36752
0.0419453
0.0071696
0.831205
0.100377
0.00568474
43
0.0093957
0.0283672
0.162239
86
0.838158
0.321593
0.00316656
0.995725
0.110309
0.00125161
82
0.00956018
0.0185234
0.313159
24
0.769501
0.776915
0.000440885
0.981279
0.0155637
0.00118447
71
0.0156029
0.0139404
0.256841
16
1.66938
0.252466
0.00373262
0.976141
0.179966
0.00394436
64
0.0118982
0.0724364
0.324095
58
3.01316
0.231957
0.00436814
0.930313
0.0699738
0.00711758
72
0.007745
0.0342559
0.271479
17
0.608327
0.209421
0.00826114
0.881965
0.0880019
0.00444921
95
0.0044212
0.0919175
0.272672
35
3.14283
0.781957
0.00583014
0.900825
0.165986
0.00962998
118
0.011306
0.0236793
0.0927004
48
0.649783
0.509103
0.00596189
0.903396
0.149364
0.00885319
8
0.0148661
0.0882616
0.471562
54
0.850687
0.640597
0.00298972
0.800373
0.0461875
0.00759973
66
0.00153412
0.0450384
0.487193
57
1.5107
0.775169
0.0066439
0.961198
0.0246023
0.00228511
35
0.0198706
0.0719734
0.102047
78
1.79324
0.201588
0.000111348
0.942456
0.151161
0.00406948
140
0.0165421
0.0871995
0.245322
54
0.802643
0.436468
0.00721174
0.939502
0.143696
0.00452239
120
0.00253785
0.0975913
0.105874
41
2.98785
0.359009
0.0010578
0.978308
0.160588
0.00627482
78
0.00502766
0.0790168
0.323603
50
0.884607
0.601275
0.00966295
0.926859
0.139187
0.00878305
22
0.00753412
0.0679102
0.0517102
7
2.41902
0.214056
0.00318842
0.815624
0.167118
0.00282639
30
0.00578568
0.0717141
0.204912
8
1.67812
0.765741
0.00400394
0.945113
0.0555834
0.00945745
116
0.0193132
0.0410619
0.231996
81
1.10204
0.398444
0.00523809
0.995096
0.106953
0.00718045
27
0.00911684
0.0483709
0.491375
84
1.52547
0.722447
0.00544349
0.948531
0.127582
0.00843735
10
0.00498342
0.0498931
0.259845
79
1.5653
0.736384
0.00843992
0.861255
0.134951
0.0072448
78
0.010521
0.0954963
0.0758424
100
1.74607
0.120263
0.00713292
0.819295
0.0417432
0.0011462
54
0.00284347
0.0767385
0.305416
96
2.86534
0.486398
0.000244947
0.87885
0.182976
0.00728863
85
0.00107985
0.0832873
0.0209537
39
0.696211
0.346383
0.00569736
0.986431
0.19792
0.00821757
144
0.00401242
0.0670526
0.483216
92
0.424203
0.190994
0.0090753
0.87764
0.155531
0.00420303
121
0.00129037
0.0247497
0.191999
97
2.59874
0.613121
0.00611118
0.839687
0.0894964
0.00907098
42
0.0193322
0.0175458
0.0321908
29
3.6132
0.548457
0.00212977
0.916329
0.124615
0.00796173
86
0.0139847
0.016001
0.219512
9
3.56199
0.312035
0.00525002
0.865034
0.0226847
0.00776094
50
0.00902822
0.0304238
0.296128
39
1.26843
0.798158
0.00330853
0.934111
0.0220758
0.00508771
6
0.00985189
0.0627422
0.101766
47
1.11703
0.129709
0.00205568
0.978074
0.140814
0.00386209
147
0.00539457
0.090222
0.184936
25
0.325447
0.128356
0.00982498
0.922305
0.162903
0.00495384
115
0.00660643
0.0212065
0.285909
98
3.55066
0.0221215
0.00816829
0.839874
0.194205
0.00435476
138
0.0102308
0.06053
0.0496926
53
1.78026
0.266638
0.00332894
0.853115
0.101847
0.00720421
120
0.0188779
0.022426
0.0705677
40
0.549096
0.564661
0.0073614
0.9913
0.175182
0.00686037
51
0.0149751
0.0344955
0.412546
49
0.492235
0.451424
0.0017516
0.887007
0.199482
0.00607844
143
0.0111512
0.0554408
0.309477
39
1.78522
0.593611
0.00725397
0.851895
0.162122
0.00561188
22
0.0150825
0.0711004
0.0657079
31
0.708016
0.49384
0.00588318
0.970906
0.0342061
0.00705685
11
0.0163014
0.0196961
0.125926
93
3.00845
0.537157
0.00876821
0.93716
0.0620954
0.0046796
68
0.00425006
0.01946
0.330294
25
2.45552
0.0988716
0.0057472
0.970228
0.0149344
0.00699633
107
0.0170326
0.0645141
0.199297
61
0.914261
0.48244
0.00663297
0.819837
0.105147
0.00152576
32
0.0169738
0.0853704
0.212852
13
0.478604
0.0746465
0.00959328
0.940181
0.0706568
0.00656241
9
0.0186166
0.0808226
0.18299
18
2.62252
0.41863
0.00858687
0.944786
0.05619
0.00175608
32
0.00113413
0.0208414
0.492986
3
3.31964
0.259223
0.00805383
0.902372
0.129213
0.00116704
41
0.0169457
0.0319529
0.39408
14
2.42645
0.456786
0.00110248
0.976396
0.133455
0.00750362
139
0.0104355
0.0427903
0.333844
46
2.69658
0.741728
0.00617984
0.90875
0.0806891
0.00930902
75
0.00707606
0.0499678
0.426876
12
2.20676
0.515688
0.00605418
0.87714
0.117982
0.00804351
9
0.00764627
0.0507469
0.452079
1
1.76541
0.133288
0.00146604
0.90977
0.10839
0.0064836
118
0.00192776
0.0572107
0.30255
22
2.95991
0.677139
0.00727222
0.925165
0.0750405
0.00576056
65
0.00489818
0.0888765
0.150898
19
2.13257
0.191202
0.00531392
0.811038
0.0269897
0.00543892
126
0.0159331
0.0435032
0.456195
15
0.427597
0.196893
0.00579411
0.993886
0.160229
0.00348073
111
0.0175959
0.0440891
0.170428
28
2.99862
0.224765
0.00746347
0.857997
0.0673606
0.00960791
134
0.0173342
0.0274497
0.18065
9
0.556645
0.0909567
0.00224075
0.938157
0.072228
0.00892158
48
0.00521278
0.0738695
0.159594
80
1.18417
0.656092
0.00742786
0.861944
0.0686487
0.00660324
114
0.0192134
0.0416701
0.33626
12
2.09097
0.378278
0.00159618
0.83869
0.0889995
0.00579854
51
0.0135892
0.07709
0.176543
95
3.09194
0.0110778
0.0051832
0.928186
0.0927064
0.00740509
28
0.00925424
0.057461
0.11988
49
2.59066
0.642293
0.00668163
0.827268
0.159379
0.0064705
148
0.0123247
0.0934105
0.058474
15
3.9535
0.35007
0.00922669
0.955724
0.114531
0.00653887
70
0.00321479
0.0694211
0.478627
56
0.448705
0.0138972
0.00323492
0.912085
0.104687
0.00463432
11
0.00571467
0.0426675
0.249143
60
3.77364
0.487722
0.00674757
0.987585
0.137599
0.00382979
35
0.0145703
0.0186475
0.0595676
74
1.01781
0.510135
0.00367228
0.902826
0.191876
0.00339248
64
0.0155196
0.0226539
0.303741
23
0.872954
0.513124
0.00709744
0.873758
0.0214056
0.009569
134
0.00171587
0.0306709
0.473731
27
0.517354
0.54237
0.00218327
0.922079
0.0571228
0.00872208
131
0.00248788
0.0175899
0.155254
44
1.36225
0.0158352
0.00187266
0.825787
0.0280501
0.00997943
73
0.0147122
0.0327078
0.477163
44
3.3066
0.662999
0.000575111
0.923743
0.0877108
0.00715882
108
0.0142495
0.0112052
0.453495
81
0.243885
0.650663
0.00422211
0.992421
0.0528764
0.00368045
8
0.012132
0.0152033
0.0463808
62
0.901169
0.497427
0.00452212
0.920963
0.186504
0.00546037
128
0.00767511
0.0936889
0.247224
62
3.98399
0.358677
0.00900898
0.989564
0.118866
0.00773119
113
0.00742484
0.0373379
0.283067
38
2.9716
0.693287
0.0085539
0.968531
0.195532
0.00389874
41
0.0199422
0.0577731
0.470878
39
0.669122
0.112454
0.00775804
0.887369
0.132461
0.00794306
83
0.0120316
0.0860463
0.166329
3
1.2425
0.076834
0.00212333
0.896386
0.0851914
0.00374967
130
0.0147886
0.0674187
0.222511
9
2.5872
0.260039
0.000163228
0.808454
0.134469
0.00296119
118
0.0173772
0.0276992
0.205714
11
1.42246
0.00151298
0.00147121
0.950747
0.0333031
0.00837815
15
0.0162467
0.0201446
0.381283
3
2.92515
0.0670618
0.00792753
0.830229
0.141992
0.00758533
85
0.00671743
0.0414825
0.439089
18
3.4369
0.730101
0.00776434
0.924139
0.144386
0.0056785
16
0.0109901
0.0659336
0.331393
29
3.27939
0.742679
0.007644
0.889633
0.0590618
0.00254626
124
0.00963032
0.0249427
0.42354
51
0.323395
0.0867654
0.00576802
0.905566
0.19856
0.00702702
143
0.0107036
0.0657646
0.295225
99
3.51892
0.77909
0.00181378
0.975905
0.0232919
0.00260793
57
0.0123645
0.0587202
0.304768
18
2.46818
0.27873
0.00763178
0.866482
0.116263
0.00481718
149
0.00772166
0.0351011
0.141231
57
0.720822
0.618853
0.00961558
0.982698
0.0756144
0.00436623
7
0.0111314
0.0189396
0.469215
17
3.78866
0.241771
0.00869256
0.942775
0.0435674
0.00449558
59
0.00205884
0.0948104
0.111982
12
2.99215
0.366926
0.00201292
0.847059
0.0923152
0.0039268
115
0.00319338
0.0213484
0.244084
98
1.45177
0.257765
0.00476671
0.953999
0.0618651
0.00665975
91
0.00806982
0.0395647
0.21614
44
2.33125
0.773615
0.0041357
0.863527
0.0915573
0.00562996
61
0.00731623
0.0608087
0.334135
35
1.73865
0.566608
0.00314448
0.84196
0.194766
0.00262728
135
0.00884781
0.0343371
0.475441
61
3.91479
0.18492
0.00975946
0.81422
0.109191
0.00389188
127
0.00841345
0.019107
0.00625627
60
3.26559
0.125196
0.0024034
0.833694
0.165614
0.00841524
27
0.00757983
0.0417107
0.393798
29
1.47687
0.709893
0.00493675
0.824221
0.117673
0.00830149
71
0.00306136
0.019326
0.181621
81
3.87063
0.659708
0.00488325
0.856487
0.164047
0.00861053
111
0.0154223
0.0939597
0.349412
38
1.21786
0.630092
0.00232534
0.985849
0.132854
0.00780356
97
0.00508837
0.0541483
0.415286
47
2.93424
0.716712
0.00684281
0.874388
0.0636119
0.00976375
143
0.0119338
0.0178065
0.384739
93
2.78427
0.206662
0.00116615
0.946726
0.0974412
0.00322306
107
0.018053
0.0640227
0.353457
77
2.22232
0.656363
0.00590324
0.879905
0.112302
0.00224055
117
0.0165079
0.0261547
0.023065
82
2.83783
0.763956
0.00736378
0.904596
0.0272715
0.00871831
74
0.0127405
0.0987035
0.301711
58
1.10947
0.517698
0.00835394
0.996281
0.0297105
0.00674218
81
0.0115949
0.0799045
0.499205
72
0.773666
0.54477
0.00183579
0.911286
0.183609
0.00250033
9
0.00877099
0.0598286
0.183623
99
3.02581
0.639727
0.00921399
0.804057
0.0408316
0.00127728
9
0.00689563
0.0103713
0.431624
41
2.10892
0.382565
0.00434701
0.979497
0.111645
0.00605651
72
0.00393898
0.0748728
0.0132772
55
2.74642
0.461763
0.00550719
0.867863
0.18481
0.00905421
12
0.0156927
0.0785516
0.311645
53
1.45518
0.162611
0.00132858
0.867551
0.180672
0.00447177
35
0.0118078
0.0873095
0.261231
55
3.99766
0.762091
0.00645813
0.863818
0.0835991
0.00470983
44
0.00805828
0.0478006
0.386897
82
2.08059
0.298681
0.00653487
0.830709
0.0390131
0.00788402
129
0.0102645
0.0182248
0.257696
1
2.55877
0.32767
0.00758328
0.918685
0.185499
0.00951963
49
0.0164397
0.0355444
0.49847
83
3.32595
0.527796
0.00969822
0.85448
0.102423
0.00850441
59
0.00726551
0.010891
0.127693
5
2.79594
0.562889
4.33052e-05
0.916094
0.0900412
0.00469532
127
0.00152999
0.092428
0.375847
32
1.72637
0.533213
0.00882356
0.859319
0.0679022
0.00453089
50
0.0179797
0.0535259
0.213705
32
2.66998
0.393109
0.000885789
0.833974
0.183779
0.00645322
76
0.00647015
0.0760412
0.315154
40
2.52586
0.552284
0.00471083
0.934871
0.0225302
0.00313043
25
0.00986364
0.0307642
0.0156669
84
1.06066
0.669628
0.00149623
0.864357
0.0831168
0.00886943
68
0.0079882
0.0963845
0.224749
62
2.52236
0.739313
0.00228491
0.950966
0.152946
0.0014701
29
0.00667424
0.0971235
0.0168218
71
2.01377
0.17638
0.00143962
0.973526
0.0183358
0.00372993
34
0.0100755
0.0745251
0.402744
55
3.58908
0.227327
0.0091486
0.88532
0.0398354
0.00325383
104
0.00132975
0.037676
0.0147394
4
1.94192
0.647781
0.00449963
0.809875
0.150628
0.00894445
57
0.0154426
0.0119262
0.0640773
64
3.99182
0.290599
0.00103828
0.821161
0.14381
0.00503155
115
0.0103731
0.0445808
0.325549
25
1.60641
0.654401
0.00641411
0.870936
0.0316605
0.00136647
87
0.0194171
0.0526852
0.255631
64
1.96885
0.207648
0.00892919
0.990762
0.055878
0.00703521
121
0.0145313
0.0982481
0.410621
5
3.9212
0.646442
0.00484296
0.932802
0.181429
0.00276399
137
0.00820946
0.0990101
0.263419
92
2.75447
0.651958
0.00875483
0.820729
0.0120167
0.00934313
107
0.005557
0.0868244
0.337632
14
3.54124
0.614968
0.00862043
0.898365
0.169712
0.00707329
53
0.0168727
0.0547797
0.416632
90
3.81454
0.305812
0.00447957
0.965581
0.0135488
0.00636356
29
0.00272714
0.0941217
0.165892
36
1.03286
0.422526
0.00751702
0.880247
0.0951074
0.00755995
143
0.0135299
0.0142443
0.21424
80
2.33492
0.307035
0.00453804
0.874799
0.0374756
0.00336871
142
0.0185277
0.0537201
0.00170731
2
1.90043
0.664838
0.00711289
0.977652
0.113977
0.00949169
149
0.00907034
0.0383304
0.268943
50
3.41492
0.28442
0.0007338
0.806866
0.195294
0.00797838
102
0.0117705
0.0851324
0.0561492
34
3.83047
0.186554
0.000281529
0.917493
0.135926
0.00572083
125
0.0152826
0.019928
0.413885
58
3.82871
0.048883
0.00815639
0.875308
0.178568
0.00693736
73
0.0121416
0.0558417
0.328325
32
3.66513
0.628808
0.00700475
0.902102
0.0345878
0.00614247
21
0.0101937
0.0566607
0.113664
31
0.829642
0.0722033
0.00873314
0.831668
0.0499656
0.00302914
137
0.0133542
0.0883092
0.489739
90
0.369924
0.158175
0.00388819
0.843217
0.177126
0.00973132
109
0.0187702
0.0827362
0.145502
60
3.89954
0.631542
0.000227283
0.810743
0.14696
0.00808848
75
0.0068616
0.0268648
0.157937
74
3.58133
0.625398
0.00973729
0.955478
0.186038
0.00601214
64
0.00243211
0.0392247
0.299071
89
3.59133
0.674002
0.00279806
0.91553
0.14457
0.0018447
126
0.0182033
0.0244827
0.0479485
31
3.20366
0.661759
0.00410046
0.800896
0.125613
0.0052367
63
0.00172722
0.0825961
0.0198157
46
1.64093
0.402898
0.00171894
0.992796
0.174786
0.00937868
90
0.01208
0.0402626
0.203802
76
3.05997
0.23428
0.00479713
0.906051
0.168914
0.00598621
60
0.00200602
0.0134636
0.485555
8
1.20355
0.522538
0.00733708
0.824511
0.10317
0.00504882
20
0.00263813
0.0635593
0.354483
35
1.83467
0.691886
0.00754797
0.960101
0.0443504
0.0058128
68
0.0184721
0.0183278
0.350055
81
2.31275
0.0608787
0.000267617
0.847859
0.0794727
0.00915279
103
0.00989897
0.0275089
0.147018
49
0.630701
0.291941
0.00416178
0.883632
0.0979853
0.00200012
70
0.00409423
0.0514716
0.039147
94
1.08676
0.329025
0.00269863
0.929982
0.0235424
0.00512278
96
0.00212003
0.0966833
0.10685
47
2.94472
0.109765
0.00520699
0.896763
0.13537
0.0053046
30
0.00140842
0.0955644
0.120014
72
2.30067
0.339127
0.00180355
0.953171
0.0774296
0.00891824
33
0.0037858
0.0703725
0.0359454
52
1.92716
0.295804
0.00890666
0.806532
0.121797
0.00554
139
0.00535353
0.0468175
0.189823
96
0.279168
0.533032
0.00627238
0.800418
0.171091
0.00556726
75
0.00483601
0.08933
0.438049
91
1.51521
0.0280027
0.00944403
0.815421
0.0861738
0.00398842
27
0.00867772
0.0646321
0.082684
75
3.42457
0.750572
0.000690277
0.842638
0.0695631
0.00815175
106
0.0189922
0.0551675
0.33819
61
0.406762
0.441328
0.00513476
0.829019
0.154076
0.00277129
136
0.0185921
0.0157586
0.481503
48
1.13708
0.707393
0.00350678
0.826211
0.0292362
0.00671909
79
0.0112898
0.0564823
0.22094
26
0.529979
0.635447
0.00839693
0.875841
0.0451597
0.00425699
15
0.00382747
0.0734652
0.446943
33
3.63356
0.115764
0.00744879
0.89508
0.0739803
0.00982385
6
0.00459382
0.0322046
0.0258663
21
3.36551
0.45862
0.00385657
0.883188
0.111936
0.00434354
121
0.0163933
0.0115167
0.177254
63
1.91198
0.0450912
0.00862483
0.970464
0.157385
0.00134455
34
0.0182696
0.0147502
0.335043
23
0.806118
0.0733022
0.00510626
0.936421
0.127258
0.00725995
105
0.00441328
0.0945362
0.142612
6
2.03809
0.558968
0.00134331
0.893956
0.0419996
0.00731413
87
0.0157202
0.0457657
0.433449
17
1.3255
0.364727
0.00138088
0.963831
0.113089
0.00454999
61
0.00790298
0.0515899
0.319674
21
2.80404
0.00761112
0.000364502
0.951402
0.0648611
0.00664128
81
0.0132496
0.0258727
0.228005
23
3.95916
0.580973
0.00822584
0.898224
0.0759571
0.0095637
146
0.00511663
0.0793514
0.208967
31
3.45899
0.599611
0.00632851
0.865673
0.0330758
0.00584902
150
0.00485762
0.0370531
0.0854593
9
1.57441
0.282104
0.00940765
0.888023
0.0614646
0.00330017
77
0.00493603
0.0310615
0.138251
79
3.6384
0.0495407
0.0092474
0.985293
0.189603
0.00777776
5
0.0197354
0.0603284
0.356005
63
1.47047
0.607851
0.00573579
0.832238
0.0765155
0.00442032
82
0.017776
0.0380185
0.23521
41
0.675124
0.105816
0.00599531
0.885837
0.19355
0.00485097
111
0.00280179
0.0422724
0.292211
92
3.34773
0.168234
0.00049075
0.865334
0.173877
0.00827816
61
0.00148028
0.0240031
0.0974262
34
1.41946
0.745565
0.00122844
0.983223
0.172995
0.00573784
86
0.00913842
0.0301282
0.395337
37
2.90602
0.434821
0.00274266
0.920384
0.115586
0.00618148
135
0.00117308
0.020544
0.167798
71
2.21487
0.35652
0.00937211
0.93216
0.104156
0.00251331
44
0.0183522
0.0100153
0.089799
93
1.15787
0.21133
0.00929755
0.955086
0.193494
0.00487514
110
0.0129635
0.0788419
0.126492
7
3.24577
0.455611
0.00396807
0.85885
0.15859
0.00897676
149
0.00464192
0.049487
0.434812
97
3.36792
0.195789
0.00129131
0.841409
0.188723
0.00111194
88
0.00259142
0.0592403
0.0799738
10
3.85106
0.141305
0.00377276
0.988158
0.0262678
0.00926263
97
0.00261102
0.0465525
0.448844
77
0.564703
0.323198
0.00738921
0.967498
0.130629
0.00243884
37
0.0021905
0.0506262
0.260122
4
1.84858
0.149092
0.00128407
0.832433
0.0172662
0.0018021
80
0.0195653
0.0568213
0.069866
98
2.6068
0.546613
0.00303716
0.834878
0.144905
0.00286027
119
0.0160036
0.0964022
0.280186
61
3.90402
0.759113
0.0014159
0.835663
0.178987
0.00492938
56
0.0165969
0.0247621
0.168394
94
2.45647
0.314141
0.00407548
0.876781
0.0604724
0.00596927
84
0.0140875
0.062019
0.406035
76
1.82958
0.734187
0.00729587
0.907486
0.0905533
0.00689142
66
0.01074
0.0297288
0.217117
36
0.435542
0.724253
0.00369764
0.984265
0.190038
0.00859025
46
0.00630932
0.0562686
0.360874
100
3.35701
0.286332
0.00203985
0.88096
0.0703751
0.00113853
70
0.0141707
0.0451655
0.366192
89
1.3065
0.236937
0.00507818
0.919905
0.167575
0.00480134
109
0.00787124
0.060734
0.348489
52
3.78212
0.637746
0.00965926
0.993804
0.138758
0.00978732
135
0.00198385
0.0463814
0.163083
55
3.226
0.0241763
0.00529914
0.833067
0.150442
0.00550821
39
0.0153904
0.0924828
0.382264
16
1.40506
0.710595
0.00788267
0.935264
0.158046
0.00773276
30
0.014467
0.0706167
0.41803
85
2.30256
0.352507
0.00684372
0.814987
0.0438966
0.0063977
99
0.00653784
0.0140092
0.239464
97
1.21151
0.0532921
0.00261961
0.933558
0.052062
0.00783742
41
0.0191085
0.0377626
0.0424551
83
0.306516
0.395493
0.00519566
0.986255
0.101214
0.0073286
141
0.00847674
0.0840213
0.206507
52
0.541422
0.557331
0.00795701
0.92641
0.177579
0.00404971
144
0.0116565
0.0121864
0.414547
65
2.10421
0.188974
0.00535861
0.962476
0.179838
0.0049837
20
0.0125711
0.0713298
0.27898
99
0.313346
0.749497
0.00108482
0.921195
0.0199808
0.00590591
18
0.0183061
0.0298817
0.237305
21
3.17839
0.121879
0.0053848
0.917936
0.164583
0.00440133
145
0.00634325
0.0992324
0.116123
22
2.05954
0.0509017
0.00871372
0.945446
0.0991735
0.00801823
17
0.0179874
0.0391117
0.0748267
16
3.03659
0.244693
0.00256298
0.965233
0.156201
0.00946814
112
0.0117286
0.01072
0.468451
28
2.17333
0.60283
0.00249862
0.812423
0.140543
0.00697452
89
0.0183915
0.0224087
0.385747
45
0.215725
0.526666
0.00954659
0.906847
0.0713726
0.00722057
91
0.0115179
0.0868853
0.345077
36
0.937792
0.483931
0.00492108
0.946953
0.0266889
0.00587952
105
0.0170868
0.0165412
0.250736
41
2.81906
0.26168
0.00821719
0.850315
0.163584
0.00271975
130
0.0142178
0.028737
0.172811
46
2.15806
0.095075
0.00806973
0.836172
0.0108991
0.00210564
14
0.0119921
0.0835098
0.0945091
66
0.2003
0.510937
0.00174472
0.845638
0.187928
0.00889512
47
0.0073562
0.0559387
0.188372
50
3.42988
0.18329
0.00536766
0.802179
0.114313
0.00326881
142
0.00551152
0.0624003
0.449974
45
0.508941
0.73913
2.10217e-05
0.88067
0.154736
0.00694311
113
0.00749752
0.0862174
0.399146
11
1.68757
0.701637
0.00456246
0.928705
0.0366339
0.00911723
116
0.0105761
0.0667879
0.0109006
33
2.7781
0.165605
0.00808587
0.990472
0.191228
0.00943611
31
0.0105472
0.0366617
0.198443
92
3.88807
0.772785
0.0081918
0.839184
0.067411
0.00841718
89
0.00830394
0.0769118
0.161574
67
2.64549
0.591018
0.00731951
0.919618
0.161962
0.00558203
26
0.0138564
0.0168796
0.341154
58
1.82125
0.529682
0.000325309
0.818624
0.0883437
0.00186196
55
0.00304743
0.0241027
0.403188
43
1.58955
0.0202729
0.00614257
0.917305
0.145324
0.00169002
84
0.00415854
0.0365043
0.376895
51
3.46578
0.395986
0.00916769
0.829596
0.0966715
0.00541394
114
0.0145193
0.0523172
0.200991
89
3.21126
0.704767
0.00285099
0.82815
0.194653
0.009228
55
0.0112138
0.084353
0.0304273
99
0.951022
0.310769
0.00357872
0.929673
0.1085
0.0093305
45
0.0167144
0.0228088
0.124281
7
3.50477
0.761139
0.00392897
0.809453
0.0297696
0.00342898
122
0.0199645
0.0313346
0.270975
4
0.249727
0.586577
0.0069733
0.823582
0.0744425
0.00902337
129
0.0137108
0.0931494
0.310964
14
2.19366
0.114101
0.0060883
0.899262
0.0130433
0.00676495
63
0.00292101
0.0123616
0.121576
33
2.43539
0.363404
0.00440922
0.848661
0.126495
0.00377498
94
0.00543355
0.0950438
0.293489
79
1.5378
0.667091
0.00631637
0.93741
0.0580651
0.00448512
148
0.011239
0.0926321
0.0621495
69
0.742362
0.0643556
0.00899007
0.941845
0.0460093
0.00552848
42
0.0114125
0.012052
0.117215
53
2.27253
0.671352
0.00740298
0.888918
0.10588
0.00166952
47
0.0130696
0.0329674
0.226982
64
1.30514
0.290178
0.00790599
0.993215
0.0654116
0.00431597
137
0.0148834
0.0612693
0.175706
59
0.33979
0.27226
0.00349878
0.940081
0.0371947
0.00537978
83
0.0172584
0.0113416
0.0964122
51
3.6716
0.683968
0.00621126
0.868081
0.0455128
0.00734645
142
0.00729429
0.0109002
0.372535
50
0.658603
0.597748
0.00607994
0.949825
0.166429
0.00396662
10
0.013801
0.0881196
0.494728
48
0.636879
0.0309425
0.00381674
0.952144
0.0791532
0.00803417
63
0.00586909
0.0600223
0.340109
41
1.16611
0.143076
0.00953548
0.822792
0.0157074
0.00649651
123
0.0178428
0.0727125
0.4257
77
3.61973
0.569228
0.00430071
0.837152
0.139527
0.00196537
82
0.0144068
0.0970338
0.0441268
2
1.46682
0.400727
0.00266729
0.819935
0.0829308
0.00181648
135
0.00640231
0.0382013
0.153315
87
2.22944
0.554801
0.0045664
0.801266
0.130118
0.00235949
62
0.0101066
0.0796143
0.122417
2
2.39728
0.675597
0.00488983
0.803654
0.0185317
0.00609651
96
0.0036155
0.0491514
0.00880357
36
2.7355
0.477668
0.00749157
0.949153
0.0283836
0.00603197
59
0.0085656
0.068653
0.109641
87
2.35473
0.699244
0.00926242
0.864581
0.133678
0.00244358
104
0.00232464
0.0280549
0.486198
73
1.69532
0.15444
9.35256e-05
0.980629
0.19063
0.00744154
104
0.00399722
0.0590293
0.00397634
49
3.26679
0.434036
0.0098692
0.836692
0.136366
0.00473378
145
0.00947964
0.0747146
0.000163596
84
1.85438
0.332114
0.00253097
0.976867
0.158499
0.00765381
21
0.0115515
0.050458
0.409263
36
1.13245
0.159334
0.00498237
0.81232
0.153405
0.00370573
42
0.00244901
0.0266684
0.236497
72
0.616525
0.229368
0.00295906
0.983717
0.136798
0.00300078
55
0.00811523
0.046267
0.47422
39
1.35819
0.0292647
0.00704447
0.899766
0.0466672
0.00993703
72
0.00677896
0.0621317
0.253247
88
1.87179
0.780376
0.00994066
0.961699
0.0625899
0.00596177
127
0.00852363
0.0721786
0.0727156
88
3.96222
0.406285
0.000891097
0.914973
0.031036
0.00824673
13
0.00404435
0.0137385
0.240536
1
2.71335
0.634707
0.00466645
0.870162
0.0731526
0.00903446
26
0.00614024
0.0817651
0.411763
75
3.7946
0.199669
0.00102179
0.856538
0.11717
0.00150137
51
0.0116054
0.0981741
0.398071
44
1.39484
0.594535
0.0038672
0.959453
0.0112161
0.00146529
116
0.0181427
0.0232239
0.277043
57
3.81597
0.585689
0.00166541
0.891715
0.0728049
0.00621186
56
0.00347539
0.0531966
0.373818
78
0.191716
0.173988
0.00289129
0.877429
0.143145
0.0030611
48
0.0125217
0.0419358
0.0532828
9
2.68727
0.475786
0.00830684
0.817119
0.196122
0.0058694
60
0.0124865
0.0445008
0.466166
29
3.5069
0.150298
0.00139593
0.910162
0.0662371
0.00913483
19
0.014924
0.0357692
0.0294834
97
3.21852
0.696271
0.006575
0.826854
0.098416
0.00143938
141
0.016809
0.0961493
0.0213152
97
1.81459
0.69599
0.00162592
0.944458
0.0125138
0.00333009
103
0.0187352
0.0330742
0.038949
86
0.72829
0.468994
0.00768144
0.818001
0.054316
0.00708409
58
0.0106158
0.0501414
0.144895
43
0.624284
0.561683
0.00305623
0.8216
0.060062
0.00410909
109
0.00665585
0.0405375
0.346455
30
1.12097
0.754938
0.00463978
0.947879
0.192305
0.00854008
43
0.0184997
0.0540967
0.329564
57
2.04904
0.469686
5.2399e-05
0.988861
0.0716988
0.00786103
125
0.0144511
0.0831395
0.156241
38
0.681668
0.253748
0.00283416
0.890843
0.12397
0.00100949
115
0.0131013
0.0626056
0.344312
38
3.44643
0.622089
0.00555319
0.911444
0.030168
0.00919752
147
0.00188307
0.0652381
0.0905548
67
1.31835
0.216135
0.00378849
0.881268
0.0726321
0.00257597
76
0.00650488
0.0384859
0.246177
18
0.692765
0.577861
0.00938171
0.802493
0.0770287
0.00522513
101
0.00529949
0.0126148
0.342365
23
0.462166
0.769463
0.00282037
0.941414
0.189068
0.00324843
78
0.0036506
0.0220264
0.392863
18
2.25041
0.0826366
0.00908586
0.94806
0.17915
0.00267672
146
0.019608
0.0589405
0.388057
54
3.85936
0.795296
0.00626337
0.838289
0.0335825
0.00376443
19
0.0157668
0.0943204
0.401524
77
1.61879
0.00381104
0.00890053
0.913693
0.0612661
0.00294324
19
0.0103133
0.0687236
0.320392
34
1.0776
0.283496
0.000374876
0.927765
0.130019
0.00441703
131
0.00801027
0.0363734
0.248438
18
0.962773
0.33573
0.00783323
