0.872149
0.194657
0.00450164
90
0.00372433
0.00615546
0.0844376
0.0831613
40
0.917977
0.14397
0.00437004
106
0.0185464
0.00845794
0.0649537
0.297749
73
0.866116
0.117663
0.00351048
121
0.0186337
0.00369735
0.0574742
0.240132
2
0.945252
0.0406597
0.00972341
70
0.00635587
0.0097658
0.0602963
0.229678
25
0.97876
0.189832
0.00573826
134
0.0154082
0.000521767
0.011498
0.32682
46
0.987049
0.0507868
0.00451034
126
0.0045478
0.00573755
0.077264
0.132161
35
0.943724
0.0950163
0.0033541
35
0.00730642
0.00541558
0.0991176
0.249038
19
0.96108
0.0424712
0.00582405
98
0.00463899
0.00552425
0.0413613
0.4485
59
0.839504
0.0913335
0.00125575
41
0.0195078
0.00353485
0.0824057
0.0920248
85
0.934359
0.075396
0.00897262
77
0.0109579
0.00510291
0.0462873
0.346664
82
0.975068
0.15647
0.00409499
49
0.0121652
0.00448641
0.0664787
0.323215
25
0.917422
0.0225184
0.00282753
108
0.0185727
0.00837948
0.0746658
0.364774
3
0.869135
0.0529553
0.00964309
78
0.0164517
0.00140321
0.0982065
0.144169
91
0.86579
0.184993
0.00220353
107
0.0132213
0.00644258
0.0611883
0.362079
68
0.837197
0.0993426
0.0011474
93
0.0143456
0.00761452
0.0711527
0.302113
94
0.946437
0.180391
0.00645171
145
0.00382417
0.000285966
0.0597882
0.0861624
33
0.822191
0.173946
0.00514454
8
0.0176101
0.00339375
0.0291008
0.010796
87
0.962581
0.0542665
0.00909178
78
0.00724071
0.00377965
0.0554484
0.37079
72
0.841996
0.16014
0.00882732
26
0.00482832
0.00182916
0.0800142
0.292379
51
0.973131
0.188191
0.00242609
30
0.0155942
0.00505089
0.0722318
0.193963
9
0.973091
0.113311
0.00934146
9
0.0115178
0.00619163
0.0107174
0.412644
50
0.866635
0.157772
0.00241281
83
0.0142386
0.00243583
0.0831992
0.115391
95
0.998688
0.112839
0.0084117
24
0.0135384
0.00643293
0.0691454
0.0378476
76
0.808396
0.0597367
0.00741169
81
0.0111447
0.00535418
0.0656405
0.438599
42
0.941783
0.0710628
0.00346596
134
0.0133959
0.000618577
0.0877726
0.310397
60
0.953694
0.123535
0.0092801
10
0.00992926
0.00828728
0.0266908
0.376913
38
0.92126
0.0740833
0.00813929
54
0.0115678
0.00186712
0.0743056
0.33115
7
0.860364
0.186463
0.00200452
85
0.0112935
0.00703046
0.0459153
0.295605
87
0.803537
0.0927538
0.00720554
7
0.0122803
0.00773721
0.0496232
0.206366
69
0.82853
0.0501026
0.00940716
85
0.00943332
0.000561727
0.0104905
0.46693
96
0.901752
0.107698
0.00683216
130
0.00978259
0.00991338
0.0511169
0.107583
51
0.908634
0.0880132
0.00205531
69
0.0148356
0.00413029
0.0354852
0.287562
14
0.940172
0.176365
0.00413969
45
0.00809713
0.00393618
0.024819
0.277803
70
0.9632
0.0316146
0.00918194
103
0.00858313
0.00398911
0.0955785
0.333616
51
0.858281
0.116686
0.00182935
130
0.0198023
0.00395931
0.0108259
0.0350166
36
0.921445
0.166962
0.0085437
30
0.00391578
0.00431322
0.0260259
0.0218819
20
0.952111
0.0686202
0.00405868
81
0.0118194
0.00922719
0.0147098
0.453292
83
0.991702
0.194965
0.00398966
22
0.00790436
0.00887437
0.0817179
0.266805
53
0.886613
0.195398
0.00466694
116
0.00712631
0.00926848
0.0549471
0.0693969
74
0.802088
0.143085
0.00419802
113
0.0114366
0.0031767
0.0580701
0.0723509
69
0.931129
0.0781298
0.00306846
88
0.0169857
0.000803732
0.0314896
0.123338
36
0.864583
0.15466
0.00141972
22
0.017315
0.00410163
0.0238274
0.366065
5
0.910948
0.151202
0.00576498
74
0.0101317
0.00170974
0.0345268
0.406284
69
0.992009
0.114911
0.00277922
20
0.0136742
0.00532965
0.0303977
0.25064
28
0.922517
0.14059
0.00833951
114
0.0013734
0.00985961
0.069973
0.238326
65
0.940522
0.0570404
0.00579601
21
0.00495059
0.00857393
0.089875
0.221183
64
0.942676
0.0973332
0.00767607
149
0.0158226
0.00975556
0.0750934
0.319729
56
0.937644
0.0231483
0.00382572
76
0.00881511
0.00366784
0.0852426
0.0748011
53
0.907236
0.0932367
0.00498341
86
0.0102565
0.00274373
0.0482281
0.102738
38
0.975304
0.0605979
0.00658418
32
0.0187853
0.00210043
0.056264
0.125635
100
0.913752
0.105976
0.00487948
94
0.00473105
0.0080008
0.0594491
0.00246098
57
0.883436
0.183358
0.00439756
19
0.019439
0.00811113
0.0924155
0.472289
80
0.851598
0.192251
0.00757538
100
0.0134367
0.000753272
0.0408162
0.216146
9
0.914185
0.0243082
0.00344184
9
0.0157715
0.00467877
0.0310114
0.256938
35
0.937765
0.0519185
0.00201564
98
0.0112124
0.00378488
0.0136126
0.414444
27
0.97651
0.0717489
0.0094908
86
0.00731193
0.00403543
0.0299787
0.486139
11
0.872662
0.0197634
0.0012089
68
0.00112487
0.00314013
0.0427712
0.143707
66
0.865313
0.103605
0.00831125
138
0.00335942
0.00500113
0.0365743
0.257516
28
0.84709
0.0191095
0.00996666
10
0.0160772
0.00130486
0.0191767
0.0278958
46
0.900081
0.190961
0.00819201
46
0.0160021
0.00978715
0.0756664
0.31213
37
0.882468
0.131308
0.00775366
9
0.0102958
0.00939952
0.0765345
0.228753
25
0.931793
0.141858
0.00700718
136
0.00653583
0.00996767
0.0929815
0.369489
87
0.990621
0.0864555
0.00865144
21
0.00306648
0.00432023
0.0941862
0.0345533
44
0.811586
0.10968
0.00230234
18
0.0158946
0.00374768
0.0850626
0.459208
83
0.899294
0.150187
0.00625984
92
0.0125391
0.0043573
0.08904
0.215269
42
0.859158
0.175143
0.00890175
80
0.0110711
0.00733028
0.0780058
0.119693
71
0.929927
0.079842
0.00132486
6
0.0173448
0.00705406
0.0943389
0.101138
95
0.856262
0.192637
0.00852442
28
0.00495678
0.00104776
0.0654349
0.173588
26
0.853253
0.170123
0.00328082
19
0.01626
0.00630408
0.060968
0.336943
27
0.996915
0.0760783
0.00386118
90
0.0053779
0.00641053
0.0522055
0.133286
70
0.845909
0.139789
0.00313451
119
0.00192475
0.00589019
0.0264831
0.207616
8
0.961818
0.0565735
0.00457387
28
0.00297968
0.00948924
0.0120374
0.415241
53
0.871891
0.196802
0.00919137
95
0.0192172
0.00941545
0.058498
0.439796
66
0.803669
0.0940918
0.00692152
49
0.00425948
0.0066345
0.020093
0.121277
55
0.955432
0.0269884
0.00554155
32
0.00760944
0.00516791
0.086711
0.183644
71
0.97008
0.0333696
0.00161983
63
0.0108202
0.000855809
0.0308662
0.195502
33
0.880572
0.123103
0.00302237
52
0.00640208
0.00530791
0.0338502
0.288655
21
0.903161
0.0446852
0.00340829
32
0.0198909
0.00496382
0.0634897
0.440252
30
0.912729
0.064163
0.00950646
117
0.0164763
0.000422332
0.0935265
0.223414
73
0.813356
0.184255
0.00597946
115
0.00103661
0.00694378
0.061964
0.34078
48
0.881943
0.0362361
0.00782576
44
0.00286651
0.00595204
0.0987498
0.00817537
30
0.834224
0.137246
0.00474788
65
0.0182148
0.00988508
0.0557724
0.403215
4
0.82703
0.16916
0.00203741
127
0.0130079
0.0051969
0.0169825
0.316074
17
0.911731
0.0694018
0.00559038
120
0.0126887
0.00857692
0.0437915
0.248838
3
0.921905
0.132689
0.00616792
146
0.0142757
0.00494205
0.0668614
0.17749
55
0.965697
0.188981
0.00837888
79
0.00171002
0.00767818
0.0211049
0.0444094
44
0.891151
0.108621
0.00516698
61
0.0166656
0.00305592
0.053432
0.237561
68
0.969104
0.0619404
0.00695547
6
0.00255881
0.00675327
0.087945
0.260194
24
0.841643
0.0154302
0.00680449
68
0.00512972
0.00303401
0.0342196
0.427678
59
0.914763
0.134674
0.00256342
29
0.0130192
0.00316046
0.0900474
0.460943
99
0.876865
0.0545086
0.00529622
11
0.0136383
0.00660947
0.0221483
0.498286
47
0.897187
0.0298176
0.00245959
120
0.0117446
0.00253871
0.0864664
0.175486
16
0.827231
0.0814001
0.00977088
27
0.0160867
0.000883544
0.083768
0.339073
87
0.869699
0.105012
0.00406001
45
0.00551277
0.00153884
0.0197347
0.14064
76
0.900967
0.108059
0.00495423
81
0.00797127
0.00482297
0.0727065
0.093179
18
0.922738
0.18943
0.00630151
28
0.00918557
0.00600488
0.0738169
0.481585
33
0.812098
0.0823324
0.00308362
98
0.00419085
0.00168348
0.0399948
0.0192825
5
0.997962
0.150239
0.00391128
54
0.0055738
0.00213086
0.0674426
0.0913598
7
0.950605
0.182819
0.00497295
28
0.0106047
0.00813822
0.0417969
0.178205
18
0.926616
0.0556797
0.00412005
39
0.00924841
0.000264841
0.0209648
0.444749
62
0.995991
0.187758
0.00543261
115
0.00310643
0.00047384
0.0160689
0.0153518
23
0.967573
0.126784
0.00581754
24
0.0196916
0.00133636
0.0457898
0.308131
29
0.89244
0.0751856
0.00272643
42
0.0184275
0.00311994
0.0532228
0.041954
97
0.878178
0.184456
0.00473447
65
0.0067319
0.0062496
0.0571162
0.182064
70
0.812511
0.18009
0.00296678
113
0.00509856
0.00909868
0.0644646
0.35459
12
0.836813
0.170833
0.00931147
48
0.00693894
0.00648774
0.0412559
0.469529
70
0.852239
0.130787
0.00970871
99
0.0132567
0.00561584
0.0641077
0.0018612
86
0.95572
0.0428802
0.00363232
137
0.00752043
0.0047836
0.0742004
0.160003
71
0.814169
0.014354
0.00320567
27
0.00502506
0.00961383
0.078405
0.0542627
15
0.929417
0.153662
0.00924642
69
0.0100444
0.00726786
0.0230183
0.433754
61
0.923005
0.0122998
0.00698278
105
0.0163708
0.00969071
0.0390212
0.405038
100
0.968739
0.0613125
0.00827159
21
0.00590384
0.00587701
0.0775788
0.426965
95
0.931592
0.0955567
0.0044155
103
0.0084946
0.00717464
0.0876179
0.344757
19
0.945511
0.0667461
0.00280355
84
0.00987273
0.00526394
0.0276083
0.23571
35
0.887968
0.0886354
0.00171553
41
0.0139293
0.00458721
0.095091
0.0964746
26
0.860521
0.180776
0.00244705
100
0.0179322
0.00252871
0.0285996
0.432096
1
0.835798
0.0576003
0.00396157
15
0.0105031
0.00122059
0.0614199
0.380946
60
0.809663
0.0471901
0.00666402
70
0.0109124
0.00579841
0.0520606
0.0681432
73
0.985954
0.198129
0.00501773
36
0.0154925
0.00714967
0.0464914
0.211472
41
0.83382
0.110785
0.00789712
55
0.00204905
0.00090694
0.0692801
0.313935
98
0.864198
0.0902715
0.0090523
103
0.0190058
0.00702071
0.0431843
0.30088
5
0.873932
0.0638378
0.00752049
84
0.00960555
0.0040596
0.0830146
0.212188
4
0.80175
0.104235
0.00986997
138
0.0180678
0.00177778
0.0236412
0.393265
71
0.830568
0.124535
0.00886163
122
0.0153735
0.00819243
0.0965638
0.154123
60
0.90547
0.119851
0.00883424
97
0.00290159
0.00355824
0.0467075
0.258946
2
0.888575
0.162606
0.00520071
73
0.00700124
0.000385902
0.0997837
0.436792
17
0.960187
0.115442
0.00545765
92
0.0196395
0.00453459
0.0134891
0.139198
25
0.964469
0.0516543
0.00159961
8
0.0181038
0.00816338
0.0587486
0.351375
74
0.849878
0.117058
0.00283619
94
0.00792279
0.000659638
0.069613
0.137572
58
0.916182
0.100381
0.00318072
65
0.00268696
0.00284026
0.0854604
0.0526047
14
0.898034
0.161844
0.00376259
33
0.00820393
0.00953479
0.0373701
0.301423
39
0.815241
0.106375
0.00878336
62
0.0103481
0.00222687
0.0658711
0.0220633
61
0.887793
0.17371
0.00366439
119
0.0107326
0.00163765
0.0357184
0.409184
21
0.947144
0.0205879
0.00209904
43
0.00683039
0.00320633
0.0608275
0.180429
37
0.847624
0.0931994
0.00394183
91
0.0120789
0.00861413
0.0192321
0.342045
34
0.950276
0.155309
0.00185072
85
0.0109474
0.00417407
0.014089
0.276514
22
0.958118
0.159407
0.00638968
74
0.00874667
0.00722415
0.0725901
0.0409771
83
0.824497
0.168054
0.00371692
149
0.0197702
0.00237323
0.0205665
0.156099
93
0.817075
0.0714651
0.00453452
73
0.0133074
0.00656121
0.0456198
0.327283
44
0.88683
0.138218
0.00311989
89
0.00543258
0.00688835
0.0531585
0.0393266
67
0.868202
0.125613
0.00955507
74
0.00572694
0.00924086
0.0861462
0.458947
12
0.984524
0.111866
0.00301356
136
0.00997384
0.00633303
0.0543233
0.241222
20
0.860061
0.147323
0.00508736
118
0.0112591
0.00309776
0.0972205
0.371393
63
0.94936
0.166053
0.00237891
23
0.00265783
0.00665792
0.0183844
0.315754
36
0.935576
0.0635423
0.00267764
75
0.00420066
0.0090359
0.0889839
0.35741
8
0.900498
0.049789
0.00619082
24
0.00374427
0.00522141
0.0927654
0.446137
22
0.963716
0.148323
0.00323836
5
0.00238306
0.00682268
0.0995077
0.255366
47
0.858605
0.129635
0.00492345
58
0.00470686
0.00973461
0.0255395
0.247327
89
0.988894
0.0438511
0.00150079
48
0.0108773
0.00835804
0.0488324
0.296458
13
0.952451
0.0397127
0.00427173
10
0.00775056
0.00424027
0.0502012
0.34391
63
0.928327
0.181374
0.0013659
72
0.0110116
0.00449673
0.0886774
0.428665
4
0.822777
0.0235817
0.00863975
23
0.0100333
0.00564258
0.0128454
0.463039
3
0.806391
0.0524711
0.00247917
26
0.0115507
0.000217637
0.0977011
0.150411
33
0.910345
0.0283739
0.00921947
62
0.00933386
0.00677543
0.0494274
0.0268092
60
0.895553
0.0981687
0.00759339
12
0.0190215
0.00400586
0.0569055
0.492053
48
0.890577
0.0467216
0.00726913
39
0.00452399
0.0066866
0.0367231
0.0709727
8
0.807477
0.190608
0.00482116
34
0.00314021
0.0046191
0.0377167
0.274214
64
0.997123
0.152212
0.00961537
128
0.0187052
0.00582408
0.0241088
0.161149
91
0.840073
0.0210725
0.00653697
23
0.0144129
0.00501691
0.0728592
0.416407
97
0.981512
0.026707
0.00764072
140
0.0125829
0.00936129
0.0145672
0.285139
94
0.810409
0.0418572
0.00735071
148
0.0104492
0.00604884
0.0804799
0.244181
87
0.903705
0.13637
0.00258089
89
0.0165183
0.00464184
0.0769335
0.234195
41
0.879121
0.158403
0.00224856
59
0.0166408
0.00283017
0.0525933
0.41195
58
0.954168
0.166308
0.00386785
120
0.00219191
0.00204447
0.0822637
0.164436
88
0.99067
0.124352
0.00423293
5
0.0172918
0.00511142
0.0289555
0.280841
5
0.942952
0.0172519
0.00706205
103
0.00945342
0.00998627
0.0150293
0.267
64
0.909911
0.0649931
0.00802142
61
0.0192892
0.00195395
0.0539834
0.106329
61
0.953264
0.0218237
0.00298727
134
0.00487419
0.000817703
0.0766058
0.299219
29
0.832062
0.031163
0.0073132
53
0.00931527
0.0050329
0.0344146
0.0763044
58
0.962122
0.06634
0.0090046
87
0.0131909
0.00628138
0.06426
0.0517223
5
0.982949
0.158094
0.00989385
48
0.00273118
0.00637425
0.0934371
0.246589
72
0.894502
0.090741
0.00692243
39
0.0133284
0.00439628
0.03775
0.25222
84
0.856948
0.179697
0.00175578
47
0.00247866
0.00945282
0.0818921
0.236774
90
0.823144
0.1103
0.0054103
144
0.0155297
0.00658505
0.0909735
0.0945822
11
0.979969
0.0494497
0.00771534
33
0.0199967
0.00785919
0.0931633
0.0209402
90
0.891803
0.0561038
0.00786682
102
0.0113628
0.00175099
0.0719715
0.109068
49
0.896379
0.0612464
0.00781762
118
0.0148863
0.00865529
0.0101066
0.00562178
71
0.948181
0.0631119
0.00667159
50
0.003433
0.00497099
0.0928845
0.189917
42
0.892774
0.0703684
0.00316462
112
0.00630519
0.00834109
0.0256841
0.20481
39
0.845487
0.0141746
0.00735769
44
0.00407317
0.00233689
0.0280013
0.224146
81
0.906659
0.0488611
0.00724516
90
0.0135969
0.0061181
0.0474653
0.0619654
72
0.956751
0.154246
0.00844758
54
0.0145369
0.0096816
0.0777558
0.0890594
91
0.893611
0.048555
0.00613433
79
0.00972668
0.00269286
0.0588182
0.194333
25
0.842314
0.17133
0.00107486
62
0.0179915
0.00852508
0.0460211
0.305327
14
0.876523
0.177595
0.0020865
145
0.016907
0.00674716
0.0360829
0.307045
55
0.925834
0.154887
0.00965938
109
0.00891568
0.00409634
0.0200371
0.190734
13
0.820288
0.183712
0.00895502
82
0.0144549
0.000251077
0.0189533
0.355372
93
0.95508
0.169364
0.00871025
50
0.00837015
0.00806058
0.0364513
0.41731
85
0.925114
0.111712
0.00933145
52
0.0197331
0.00652499
0.0712022
0.197937
34
0.912196
0.0179868
0.00182017
7
0.00210481
0.00719585
0.0881983
0.163164
91
0.939556
0.0921527
0.00657693
83
0.0134845
0.00750507
0.0845825
0.222482
80
0.978286
0.0370944
0.00231474
88
0.00748937
0.00908458
0.053578
0.0320059
64
0.948764
0.0593486
0.00859802
141
0.00565849
0.00013392
0.0673824
0.35056
99
0.809259
0.172013
0.00898115
91
0.00779646
0.00359843
0.0971123
0.451331
36
0.821522
0.0193254
0.00481073
150
0.0180612
0.00739251
0.0253737
0.281501
15
0.846599
0.0658184
0.00886657
101
0.0156466
0.00120441
0.0172876
0.457808
54
0.902779
0.161248
0.00632682
137
0.00706836
0.00867451
0.0478001
0.141691
7
0.978368
0.0228034
0.00852281
37
0.017451
0.00690925
0.0515691
0.402735
78
0.837453
0.162208
0.00616183
87
0.00567779
0.00325409
0.0483513
0.135439
56
0.804462
0.072663
0.00193508
20
0.0070348
0.00418475
0.0228524
0.353138
32
0.801385
0.179469
0.00761737
100
0.00555477
0.00951601
0.0735121
0.3789
57
0.887366
0.0272438
0.00610746
59
0.00109403
0.00606191
0.0966861
0.347831
90
0.818545
0.139455
0.00655265
76
0.00815048
0.000482356
0.0894098
0.152215
77
0.816579
0.161048
0.00263021
119
0.00134001
0.00902283
0.0153403
0.0235404
48
0.994536
0.0255694
0.00403866
104
0.0146301
0.000839775
0.0885996
0.311972
93
0.848282
0.126491
0.00982461
133
0.00868156
0.000725339
0.0833636
0.349979
69
0.853345
0.193696
0.001026
76
0.0116849
0.00775214
0.0333964
0.200563
27
0.838541
0.17165
0.00537117
35
0.00677466
0.00179121
0.074445
0.2329
67
0.862612
0.182059
0.00682326
16
0.00413101
0.000316562
0.0769873
0.0134554
74
0.849162
0.167538
0.00416768
126
0.00648456
0.00626406
0.0749057
0.0819996
34
0.800435
0.0419366
0.008253
132
0.00906681
0.0015816
0.0708218
0.198763
50
0.874237
0.193218
0.00956813
38
0.00410551
0.00136413
0.0411065
0.17046
34
0.849659
0.0736834
0.00648951
57
0.00595551
0.00199986
0.0551234
0.0381579
56
0.938157
0.0510715
0.00995954
58
0.0107737
0.00269458
0.0471968
0.289374
79
0.81116
0.0897842
0.00573159
53
0.00148407
0.00546343
0.0849262
0.359929
83
0.909422
0.107169
0.00963637
107
0.0175457
0.00876759
0.0969287
0.482077
24
0.805029
0.135786
0.0012227
18
0.008856
0.00335082
0.0647866
0.148472
43
0.831482
0.15335
0.0099115
109
0.00179374
0.00707661
0.0116498
0.230059
77
0.982445
0.0728353
0.00847221
137
0.017826
0.00248035
0.0321789
0.407708
2
0.920103
0.163648
0.00903736
141
0.00479657
0.00258181
0.0181367
0.184081
25
0.827636
0.115906
0.0061243
71
0.0127401
0.00331428
0.0352301
0.0828088
9
0.929324
0.197226
0.00540497
51
0.0119705
0.0047946
0.0827477
0.20388
97
0.901888
0.029665
0.00215865
25
0.0141041
0.00299569
0.0122113
0.388829
65
0.951657
0.132019
0.00360672
143
0.0034982
0.00873332
0.0193733
0.181617
68
0.889212
0.0836613
0.00138765
105
0.0140039
0.00913426
0.0801451
0.395454
99
0.957495
0.175414
0.00188421
86
0.0123847
0.00995919
0.0922006
0.46863
78
0.880851
0.190364
0.00890492
63
0.01767
0.00882042
0.0791663
0.422901
82
0.831061
0.138025
0.00621757
94
0.0177625
0.00795509
0.0499213
0.437068
24
0.875962
0.0917193
0.00169303
31
0.0101857
0.00366143
0.0976273
0.38146
59
0.84326
0.0875538
0.00548175
38
0.0135734
0.00825716
0.0480394
0.493405
96
0.870797
0.17316
0.00564573
123
0.0127456
0.001111
0.02678
0.306767
65
0.809148
0.191979
0.00803832
126
0.004652
0.00209242
0.074043
0.273108
28
0.871601
0.0327849
0.00154774
14
0.0124363
0.00474906
0.0508116
0.0127037
88
0.898554
0.119105
0.00740487
135
0.0126014
0.00900454
0.0993713
0.0300685
98
0.855254
0.157004
0.003723
7
0.0123525
0.00591469
0.0840654
0.0550011
11
0.867123
0.0699742
0.00288227
71
0.0177573
0.00295544
0.0402461
0.455269
37
0.890823
0.0259074
0.00728468
29
0.0124619
0.00333475
0.0277529
0.0258006
40
0.947378
0.151589
0.00750013
109
0.0149812
0.00915836
0.0439748
0.377967
97
0.80244
0.127517
0.00469986
132
0.0188226
0.00697413
0.0937815
0.478193
52
0.885043
0.139071
0.00329727
109
0.0161752
0.00186191
0.0129046
0.146099
19
0.852083
0.0850921
0.00561562
67
0.00231678
0.00322223
0.0958703
0.0186902
45
0.819654
0.0719464
0.00354228
116
0.0188986
0.00783275
0.0676029
0.278861
18
0.965229
0.13367
0.00880406
126
0.0146714
0.00549546
0.0947462
0.213959
53
0.879234
0.156061
0.00715927
129
0.00598374
0.00741809
0.0559732
0.435891
78
0.864062
0.145484
0.00478141
46
0.0107142
0.00827195
0.0186795
0.205553
40
0.901217
0.105529
0.00959731
144
0.00681092
0.00654307
0.0813808
0.421684
89
0.894322
0.170673
0.00685
61
0.00362946
0.00290741
0.0311421
0.420831
49
0.893202
0.185326
0.00796599
87
0.00439877
0.00894205
0.0699002
0.423511
15
0.97153
0.0871863
0.0095167
12
0.00646911
0.00895868
0.0785816
0.24332
9
0.925586
0.0171634
0.00233549
20
0.00326951
0.00869565
0.0962703
0.0805566
68
0.818027
0.15316
0.00710671
80
0.0150869
0.00684608
0.0123976
0.253122
17
0.96982
0.067188
0.00608191
111
0.0167622
0.00217152
0.0665335
0.272353
37
0.87311
0.0747353
0.00134806
60
0.0183559
0.00472893
0.0810859
0.286428
15
0.836216
0.101188
0.00828688
96
0.019276
0.0012399
0.0601694
0.404795
77
0.928123
0.12108
0.00604791
105
0.0182074
0.00798954
0.0731527
0.15798
63
0.813895
0.134021
0.00999219
47
0.0130658
0.00330089
0.0239957
0.44176
49
0.917306
0.118053
0.00434733
13
0.00669578
0.00889499
0.0155784
0.172317
58
0.895424
0.113708
0.00504483
17
0.0100995
0.00696698
0.098571
0.18718
7
0.983983
0.0887036
0.0066233
142
0.0111619
0.0064721
0.0259582
0.386866
89
0.961554
0.128372
0.00985039
130
0.0131159
0.000540723
0.04224
0.231315
7
0.966187
0.0131517
0.0098025
67
0.00582079
0.00434861
0.0825804
0.413989
92
0.861368
0.0841968
0.00550588
57
0.0139597
0.00955989
0.0572475
0.456543
34
0.830716
0.121941
0.0081141
46
0.00303315
0.0083091
0.0176899
0.0652956
20
0.905002
0.159937
0.00703629
52
0.0129244
0.00554591
0.0404613
0.168044
81
0.845153
0.109151
0.00910801
53
0.00398992
0.000759466
0.0325705
0.467513
43
0.977763
0.0164124
0.00118875
43
0.0179688
0.00937886
0.0328754
0.303233
77
0.934819
0.118531
0.00640175
26
0.00395466
0.00125012
0.0796001
0.485919
65
0.886141
0.127962
0.00671385
148
0.0187205
0.000640706
0.0858151
0.358656
23
0.932231
0.131958
0.00436232
7
0.00587941
0.00864064
0.0758695
0.43002
75
0.848642
0.0250596
0.00331013
147
0.0188617
0.00429483
0.0164945
0.0291447
6
0.932868
0.0168302
0.00603321
112
0.0153588
0.00291954
0.0957397
0.375069
38
0.857635
0.152022
0.00111484
81
0.00822406
0.00406027
0.0723569
0.0850714
90
0.854256
0.114177
0.00893745
117
0.00285775
0.00537787
0.0870648
0.251186
40
0.881567
0.0238079
0.0091357
64
0.0193181
0.00622945
0.091034
0.418498
80
0.954597
0.0217587
0.00672751
42
0.00711708
0.00724494
0.0397657
0.245406
15
0.86943
0.0457047
0.00325913
25
0.0043522
0.00786654
0.0883403
0.368613
5
0.838705
0.0479867
0.00336768
43
0.011938
0.00419861
0.0476205
0.192066
2
0.817471
0.174526
0.00168067
79
0.0060544
0.00847878
0.0474201
0.352547
74
0.991198
0.140897
0.00191078
34
0.0020793
0.00197469
0.0620883
0.2652
13
0.973677
0.158997
0.00253797
116
0.00771127
0.00679979
0.0961121
0.0588969
47
0.927514
0.0366604
0.00810942
63
0.00799675
0.0073513
0.0716783
0.0978212
20
0.812817
0.0809603
0.00570427
54
0.00519808
0.00357986
0.0681674
0.066239
87
0.805728
0.112329
0.00217126
76
0.0120984
0.00326828
0.0669586
0.317461
1
0.983631
0.0286708
0.0045573
64
0.00121529
0.00383288
0.0219505
0.464721
59
0.987504
0.131013
0.00953395
16
0.0157928
0.00557667
0.0269978
0.443896
67
0.972517
0.0992653
0.00348155
70
0.00515173
0.00860363
0.0368216
0.219313
6
0.890038
0.129288
0.00222279
94
0.00163374
0.00159007
0.0625845
0.0874487
12
0.916229
0.141478
0.00927972
29
0.00529324
0.00115804
0.0708617
0.117253
1
0.880092
0.0185585
0.00507207
13
0.00160066
0.00596147
0.0815386
0.450392
13
0.94125
0.185763
0.00939969
149
0.00949059
0.00620841
0.0945213
0.0561248
31
0.967962
0.0434113
0.00914762
31
0.019404
0.00487982
0.017879
0.12793
88
0.976002
0.134356
0.00877373
68
0.0152542
0.00485608
0.0553513
0.270818
81
0.808164
0.0987551
0.00443981
32
0.00975317
0.00338032
0.0948644
0.488726
67
0.935959
0.0776488
0.00528254
71
0.0157172
0.0063813
0.0542216
0.398171
44
0.828101
0.178758
0.00366113
52
0.00255377
0.00297517
0.0246454
0.399342
10
0.926267
0.098079
0.00295251
30
0.0175989
0.00884551
0.0444248
0.0787387
19
0.918511
0.14889
0.00163595
139
0.00954547
0.00457424
0.0161852
0.0843238
63
0.836441
0.0572285
0.00258538
101
0.0169583
0.00247254
0.0565871
0.185187
75
0.85284
0.118692
0.00701289
142
0.0110421
0.00144998
0.0633311
0.338425
91
0.877758
0.166772
0.00235408
93
0.0161571
0.00136731
0.0979288
0.374303
81
0.833
0.13678
0.00725596
36
0.0160459
0.00281099
0.0702107
0.361158
59
0.904235
0.0602835
0.00722528
22
0.00601603
0.00571296
0.0517887
0.431569
70
0.967065
0.0730989
0.00637436
16
0.00832624
0.00483639
0.0294318
0.155671
72
0.86858
0.138488
0.00994284
45
0.00896445
0.00671622
0.0305426
0.363685
8
0.936753
0.0644821
0.00651845
34
0.00620347
0.00385831
0.0718354
0.208043
92
0.84097
0.0794496
0.00431632
72
0.0126657
0.00987735
0.0144438
0.2546
85
0.934117
0.0974696
0.00768499
36
0.0129569
0.00879081
0.0214947
0.145219
84
0.883622
0.160737
0.00448142
118
0.0199573
0.00905797
0.0185675
0.429136
67
0.923825
0.0341016
0.00352233
141
0.00664686
0.000995045
0.0661456
0.360836
29
0.856622
0.0247728
0.00409896
146
0.00249508
0.00132164
0.0873289
0.225816
57
0.814743
0.198722
0.00460998
144
0.00900735
0.00362252
0.0393402
0.0996178
4
0.939011
0.199567
0.00794612
17
0.00994913
0.0059876
0.0761131
0.494709
92
0.809963
0.181587
0.00587399
59
0.00740856
0.00603005
0.0940174
0.00379887
94
0.912432
0.034393
0.00670242
84
0.0104934
0.00669721
0.0102295
0.476245
41
0.927167
0.0483462
0.00664409
133
0.0139117
0.00441009
0.0605195
0.151785
94
0.944497
0.193113
0.00800665
96
0.00183517
0.00241343
0.0453691
0.44519
26
0.88521
0.0586904
0.00562849
57
0.0150305
0.00919617
0.0629236
0.496967
23
0.86764
0.0377035
0.00548213
139
0.00969468
0.000455893
0.0341113
0.390186
52
0.856002
0.142791
0.00442989
14
0.00685445
0.00202195
0.0790971
0.0502609
43
0.907002
0.017751
0.00857984
15
0.0106802
0.00397402
0.0904309
0.454842
11
0.985008
0.0764677
0.00829357
138
0.0172059
0.000590358
0.068902
0.0711203
73
0.993336
0.17723
0.00647162
113
0.00142038
0.00489302
0.022453
0.304531
50
0.833049
0.164688
0.00756731
13
0.0141677
0.00964756
0.0212018
0.233221
78
0.963173
0.0743782
0.00109452
47
0.0128665
0.00172428
0.0379586
0.0421672
17
0.939889
0.114771
0.0027329
117
0.0149166
0.00982459
0.0684909
0.0460326
18
0.832245
0.147803
0.00333204
125
0.0183908
0.00294202
0.0714728
0.239818
83
0.899052
0.100526
0.0019768
66
0.00655301
0.00946917
0.0924822
0.167261
51
0.941339
0.175835
0.00976408
8
0.00755677
0.00128522
0.0263782
0.293258
93
0.83501
0.0625793
0.00798221
96
0.00368914
0.00542804
0.0493239
0.34854
46
0.823494
0.135076
0.00935753
38
0.0120493
0.00301167
0.0426476
0.162229
51
0.897112
0.147988
0.00778463
58
0.00261145
0.00259717
0.038726
0.314033
28
0.956937
0.109269
0.00873381
51
0.0189411
0.00778286
0.0526823
0.188167
86
0.815797
0.0801383
0.0043024
56
0.00848257
0.00234583
0.0908107
0.186315
50
0.908229
0.101505
0.00375355
131
0.0131597
0.00737884
0.0538309
0.112067
20
0.855328
0.126004
0.00868704
122
0.00504981
0.00608291
0.0561727
0.113478
10
0.905879
0.149808
0.00712827
31
0.0191563
0.0077772
0.0447635
0.016569
84
0.805488
0.0329833
0.00943735
93
0.0182589
0.00731896
0.0820131
0.499597
75
0.992789
0.0597967
0.00106371
40
0.00240836
0.00566005
0.0651511
0.329426
59
0.924716
0.0860102
0.00923229
91
0.019104
0.00441891
0.0442574
0.322578
52
0.884741
0.195941
0.00907824
18
0.0086745
0.00523436
0.0317885
0.382828
76
0.997633
0.0504416
0.00636352
60
0.00117964
0.000780646
0.0373512
0.387257
31
0.882094
0.178583
0.0035827
106
0.00853114
0.0071458
0.024489
0.283062
23
0.959594
0.195469
0.00308841
111
0.0167818
0.00164682
0.0918445
0.116549
29
0.959974
0.103193
0.00606837
75
0.00548103
0.00547906
0.0985532
0.383493
80
0.963988
0.196574
0.00538714
143
0.00837667
0.00754195
0.037004
0.24229
66
0.844725
0.0391178
0.00744866
105
0.00559914
0.00220973
0.0349465
0.191169
95
0.976963
0.120821
0.00593516
148
0.00723111
0.000946744
0.0287444
0.0981657
82
0.870152
0.183029
0.00689379
147
0.00318271
0.00993421
0.0680321
0.284624
14
0.829256
0.0945835
0.00588603
75
0.0168168
0.00243723
0.051678
0.158601
16
0.994643
0.186119
0.00261073
132
0.00189699
0.00797284
0.039306
0.131674
95
0.970587
0.143683
0.00674524
69
0.0137996
0.00593693
0.0151811
0.218448
33
0.980824
0.121706
0.00518182
124
0.0145768
0.00444636
0.0207741
0.220348
12
0.989945
0.062168
0.00599378
144
0.00578255
0.00752344
0.0500122
0.142128
99
0.936308
0.0351434
0.00710127
12
0.0138819
0.00454079
0.0167178
0.130548
79
0.951579
0.0784522
0.00101043
41
0.0048989
0.00802433
0.0575968
0.419236
92
0.919111
0.0768092
0.0055307
36
0.00153773
0.0049311
0.0429842
0.0955196
30
0.824861
0.142565
0.00569643
67
0.00965604
0.00926242
0.0618209
0.384598
94
0.986523
0.169656
0.00856346
89
0.015006
0.00762933
0.0383535
0.461966
68
0.814649
0.165288
0.00472062
99
0.0172557
0.00729754
0.0671747
0.138022
69
0.843525
0.0827868
0.00815081
11
0.00623214
0.00539984
0.0513214
0.209571
6
0.928721
0.0317907
0.00807991
91
0.00763155
0.00747668
0.0732494
0.389522
46
0.878758
0.176582
0.0039871
133
0.0171125
0.00389256
0.027427
0.345078
93
0.987095
0.0775661
0.00490468
106
0.00329952
0.00141446
0.0695084
0.341822
81
0.924557
0.0206702
0.00817947
56
0.0195778
0.00105394
0.0113068
0.410161
92
0.981117
0.0768898
0.00749032
101
0.00138415
0.00218686
0.092055
0.149939
82
0.974117
0.164058
0.00468793
69
0.011381
0.000415568
0.0705667
0.159555
76
0.95632
0.164363
0.00676542
23
0.00235846
0.00373758
0.0395525
0.471882
39
0.98981
0.199833
0.00764666
124
0.00296748
0.0038701
0.0451705
0.385418
18
0.816024
0.165525
0.00839727
92
0.00214975
0.00152432
0.0224048
0.49167
62
0.915733
0.0550076
0.00157909
119
0.0181629
0.0015571
0.0787917
0.480551
32
0.998405
0.0869055
0.00145197
123
0.0133712
0.00960186
0.0118628
0.147719
52
0.969281
0.0681615
0.00687607
87
0.00361457
0.00582147
0.0974132
0.400904
24
0.804124
0.0382215
0.00477143
122
0.0193834
0.000340338
0.0783623
0.0361512
26
0.966565
0.0705923
0.00946408
40
0.00276449
0.007102
0.0242269
0.334383
96
0.82602
0.197537
0.00806279
129
0.00320548
0.0095835
0.0159299
0.000891222
43
0.907757
0.0280808
0.00526457
56
0.00628138
0.000366856
0.0505971
0.196435
82
0.944201
0.0890793
0.00969006
63
0.0187785
0.00346751
0.0279517
0.462777
66
0.826325
0.178111
0.00535163
127
0.0167242
0.00091397
0.0335472
0.0627424
21
0.970875
0.0859399
0.00314379
25
0.0176892
0.00266065
0.030315
0.490628
84
0.933048
0.0414367
0.00718957
83
0.0151293
0.00308742
0.03889
0.396728
41
0.844278
0.110624
0.0036145
82
0.0086119
0.00789241
0.0282738
0.226916
39
0.996371
0.0675598
0.00116477
89
0.00921338
0.0027924
0.0435828
0.32827
46
0.915075
0.122143
0.00337757
99
0.00402552
0.00980313
0.0509339
0.379453
99
0.806768
0.187373
0.00789031
143
0.0113001
0.000598148
0.038514
0.126857
56
0.902501
0.012711
0.00341357
108
0.00523889
0.00143161
0.0843096
0.332849
89
0.905632
0.117346
0.00916403
19
0.0102075
0.00239107
0.01384
0.114091
64
0.824016
0.0527397
0.00521592
40
0.0159469
0.00230624
0.0835204
0.0881433
10
0.899554
0.0149376
0.0037734
27
0.00221682
0.00781899
0.0418926
0.391665
37
0.820621
0.0839332
0.00773656
111
0.00341434
0.000969078
0.0685757
0.134243
54
0.884137
0.191341
0.00532798
131
0.00584494
0.0034375
0.0754059
0.0149973
12
0.894886
0.124808
0.00264588
82
0.014305
0.00742892
0.054788
0.365463
10
0.843993
0.168272
0.00446478
83
0.0156907
0.00891722
0.0156477
0.447156
31
0.889675
0.0335886
0.00150968
78
0.0159283
0.00712863
0.0330788
0.470309
88
0.830064
0.0259936
0.00862425
61
0.0174653
0.000106301
0.0600324
0.214116
61
0.992465
0.144541
0.00622853
66
0.00841096
0.00340861
0.0321327
0.0479784
97
0.942225
0.0899534
0.00304444
114
0.0154485
0.00651057
0.0808513
0.39435
40
0.897611
0.157406
0.00945344
18
0.0170236
0.0050861
0.0913686
0.373835
60
0.817689
0.106565
0.00292198
51
0.00356206
0.00466751
0.0875393
0.321568
78
0.979643
0.0586101
0.00746521
135
0.0164095
0.00150235
0.0401393
0.165472
31
0.83921
0.0463937
0.00187518
57
0.017071
0.00687079
0.0142826
0.449635
98
0.977351
0.0152611
0.00266578
134
0.0175105
0.00918134
0.0896655
0.263095
99
0.958662
0.122551
0.00530444
77
0.00938435
0.000153342
0.0490864
0.442747
62
0.988001
0.0121444
0.00592516
116
0.00458206
0.00109351
0.0857277
0.473055
32
0.822682
0.0275874
0.00584423
67
0.0147395
0.00844963
0.0759728
0.0602165
50
0.994007
0.150818
0.00286389
93
0.0148255
0.00476356
0.065486
0.337151
39
0.980585
0.0437419
0.00356204
139
0.00387322
0.003911
0.0470727
0.425251
41
0.88309
0.0292527
0.00369683
121
0.0144397
0.00514489
0.0203045
0.217432
32
0.985138
0.142236
0.00649087
71
0.00532709
0.00108429
0.0323685
0.271894
16
0.825291
0.0830938
0.00820948
14
0.0198108
0.00744618
0.0132689
0.105539
37
0.820886
0.10182
0.00743588
77
0.0103328
0.00223951
0.044965
0.0778338
66
0.80775
0.0302112
0.00737381
17
0.0116191
0.00147727
0.0227608
0.136825
8
0.933692
0.0680098
0.00393153
148
0.0174151
0.0003216
0.0421036
0.174391
6
0.825515
0.0910029
0.00147461
95
0.00448572
0.00517026
0.0300803
0.408004
86
0.946053
0.102446
0.00379592
145
0.00803924
0.00228575
0.0163958
0.0570719
89
0.867835
0.0473545
0.00223993
37
0.0141428
0.00264256
0.0688087
0.0757603
88
0.842758
0.0451807
0.00512099
102
0.0081217
0.0028715
0.0327435
0.261005
21
0.853887
0.158749
0.00846881
50
0.0145053
0.00843423
0.0752388
0.309629
75
0.810903
0.037834
0.00214358
95
0.00768333
0.00370899
0.057873
0.489086
51
0.989446
0.145134
0.00194786
131
0.00165856
0.00758507
0.0593066
0.103569
72
0.951124
0.0963897
0.00875106
10
0.0123233
0.001806
0.0180029
0.00912953
7
0.972047
0.114059
0.00140888
14
0.00735218
0.00275985
0.0794286
0.25969
47
0.937295
0.145822
0.00523375
80
0.0137452
0.00755745
0.0906336
0.0288632
85
0.91446
0.163196
0.00462788
60
0.0163334
0.00191837
0.0294513
0.108373
90
0.935067
0.172346
0.00566861
97
0.00278869
0.00617841
0.0250423
0.325521
32
0.985718
0.0100134
0.00276099
17
0.0035188
0.00840095
0.0632013
0.0904366
17
0.94799
0.128935
0.00157411
149
0.00637546
0.000679752
0.0595134
0.294944
79
0.995471
0.176843
0.00384022
135
0.0165751
0.00346101
0.0381472
0.434784
34
0.981893
0.152526
0.00289368
85
0.0104152
0.00815135
0.031688
0.264226
45
0.971776
0.162826
0.00714145
79
0.0152251
0.00691707
0.0486236
0.42495
55
0.920278
0.0538964
0.00628012
127
0.0128342
0.00880676
0.0557155
0.22758
74
0.870992
0.081764
0.00938277
72
0.0118488
0.00912241
0.0504848
0.129023
96
0.818906
0.0803098
0.00868234
44
0.0017589
0.00324243
0.0802325
0.397415
43
0.918612
0.104725
0.00596083
101
0.00826356
0.00117673
0.0232507
0.122053
11
0.841304
0.0445361
0.00555593
64
0.0012722
0.00963593
0.0283841
0.298605
22
0.846342
0.0201163
0.00792451
65
0.0155614
0.00700788
0.0735847
0.475037
78
0.993686
0.0459868
0.00128321
147
0.0194912
0.00934151
0.0798267
0.11193
56
0.80086
0.120446
0.00624325
140
0.00332923
0.00612036
0.0523719
0.0497228
2
0.952879
0.0322509
0.0084997
12
0.0119009
0.00577147
0.0763913
0.176807
35
0.885697
0.0349569
0.00513594
139
0.0186288
0.00527451
0.0662532
0.0533242
97
0.967241
0.0789768
0.00417855
140
0.0116581
0.000982827
0.0251312
0.0731399
13
0.909014
0.0820487
0.00401553
128
0.0183218
0.00051346
0.044598
0.199478
81
0.860943
0.0845566
0.00251925
104
0.00905002
0.00351622
0.0678929
0.0632224
85
0.879932
0.0651514
0.00227231
123
0.0121725
0.00262092
0.0780689
0.0644948
45
0.819223
0.119709
0.0078464
102
0.0151462
0.00771693
0.0215938
0.33538
50
0.919481
0.0855602
0.00424885
55
0.00199023
0.00930137
0.0271246
0.282538
49
0.857931
0.0359651
0.00270946
46
0.00428329
0.00188579
0.0869272
0.320836
48
0.854666
0.116057
0.00501005
66
0.0179067
0.00162054
0.0297096
0.00401071
77
0.949025
0.107572
0.00770412
142
0.013698
0.00569848
0.0953594
0.0317544
96
0.876033
0.123717
0.00105187
115
0.00662313
0.00764493
0.0917144
0.367717
86
0.874855
0.0553284
0.00505569
114
0.00957209
0.000706123
0.0350781
0.45232
3
0.979384
0.100008
0.00558842
110
0.00107401
0.00793771
0.0637514
0.290252
57
0.821476
0.127326
0.00979629
113
0.00912814
0.0080948
0.0567896
0.479745
61
0.835111
0.0403918
0.00778973
98
0.0152088
0.00942687
0.0806185
0.497639
16
0.862021
0.130279
0.00463817
39
0.00228177
0.00575377
0.0170925
0.39268
53
0.889094
0.186745
0.00707734
26
0.0153175
0.00446579
0.0912984
0.291849
45
0.97446
0.199174
0.00973601
34
0.0162093
0.00725575
0.0196657
0.120313
62
0.877516
0.0307944
0.00661456
49
0.0125008
0.00757922
0.0606527
0.179279
12
0.896123
0.103022
0.00195966
128
0.00124358
0.00584416
0.021807
0.110669
79
0.938541
0.14637
0.00577151
35
0.0191713
0.00364033
0.057906
0.477915
58
0.850787
0.125461
0.0084237
108
0.0198814
0.00257237
0.05909
0.0335294
22
0.930916
0.140023
0.00485134
132
0.00378059
0.00662509
0.0615812
0.0451645
27
0.829683
0.133145
0.00642435
20
0.00150815
0.00635513
0.0952117
0.356659
75
0.83805
0.104246
0.00212743
41
0.00983919
0.00850024
0.0893654
0.100218
75
0.862265
0.146658
0.00429194
110
0.0122225
0.00102725
0.0861003
0.268761
10
0.863059
0.15563
0.00207532
114
0.0114626
0.00200976
0.0998303
0.201222
47
0.850198
0.147017
0.00180774
42
0.00786034
0.00469797
0.0233514
0.324825
22
0.859601
0.0951731
0.00485513
146
0.0119931
0.00832528
0.0416293
0.153464
35
0.943606
0.0580941
0.00322839
123
0.017094
0.00380481
0.0980295
0.0676461
9
0.800157
0.0394689
0.00278483
6
0.00535175
0.00427524
0.0990103
0.495773
30
0.875606
0.0113247
0.0024949
44
0.0117628
0.00348822
0.0433413
0.318316
48
0.99507
0.132838
0.00176242
96
0.0185178
0.0082331
0.0847159
0.0790865
45
0.959058
0.172979
0.00239084
15
0.00185356
0.00019006
0.0811248
0.210895
19
0.891951
0.168622
0.00902543
107
0.0127818
0.00821142
0.0528919
0.202162
29
0.911055
0.0106858
0.00987606
128
0.0105496
0.00872663
0.0312503
0.275534
63
0.964927
0.174917
0.00591186
29
0.00198106
0.00250042
0.062798
0.11884
55
0.909506
0.182448
0.00695928
97
0.00613482
0.00932426
0.0838659
0.40196
54
0.94654
0.188275
0.00421881
59
0.00888522
0.00112985
0.0130628
0.166603
38
0.873392
0.197741
0.00153508
50
0.00718809
0.00272067
0.0424342
0.00629431
29
0.920655
0.19418
0.00129498
136
0.0147663
0.00423159
0.0582553
0.484877
31
0.975674
0.0969288
0.00823154
124
0.0171771
0.00194036
0.0624295
0.372311
16
0.834544
0.188921
0.00165813
11
0.0141913
0.0046085
0.0489326
0.169626
98
0.988375
0.111103
0.00173743
73
0.00609633
0.00214526
0.0441968
0.0487821
30
0.930288
0.0158204
0.00388626
125
0.0190518
0.00769574
0.0174053
0.269131
38
0.904368
0.102039
0.00732855
129
0.0184597
0.00567613
0.090268
0.262006
3
0.913265
0.0118234
0.00349901
129
0.0178429
0.00886572
0.0347805
0.059988
46
0.983219
0.0659396
0.00130701
73
0.00742531
0.00227155
0.0703268
0.128456
23
0.916621
0.0937425
0.00292918
120
0.0146892
0.00288313
0.0357451
0.124456
54
0.874763
0.137604
0.00112909
108
0.00443038
0.00790894
0.036101
0.330503
66
0.865163
0.0387319
0.00229336
121
0.00432687
0.000175107
0.0467632
0.0243964
73
0.949894
0.149431
0.00178013
112
0.00914328
0.00853508
0.0638864
0.0436808
44
0.840246
0.135593
0.00600848
125
0.0165965
0.00971644
0.0866262
0.00714135
84
0.847771
0.0692583
0.0075511
141
0.0106345
0.00169133
0.0407375
0.104278
21
0.806248
0.0135412
0.00458518
137
0.0138117
0.00897807
0.0645977
0.0118406
16
0.803062
0.0962531
0.00124996
33
0.0140538
0.00805186
0.0109656
0.474778
64
0.923724
0.0535484
0.007992
37
0.0195907
0.00529872
0.0112526
0.171684
79
0.828693
0.0110448
0.00143466
111
0.00781013
0.000238329
0.054576
0.279352
26
0.85117
0.0356609
0.00835129
104
0.0162825
0.00207274
0.077389
0.48742
57
0.960514
0.0411054
0.00493752
44
0.0168609
0.00414539
0.0336201
0.48387
42
0.957788
0.129828
0.00679004
55
0.00878595
0.00553836
0.0126068
0.465561
28
0.863287
0.144174
0.00633563
142
0.00690186
0.00559795
0.0623505
0.0176175
54
