0.959341
0.171421
0.049548
88
0.0096537
0.0454534
0.326971
17
3.3393
0.0222357
0.00448079
0.926415
0.0633373
0.0654112
8
0.00651004
0.0171609
0.312239
88
1.89911
0.295854
0.00452897
0.974076
0.110081
0.320587
11
0.00723414
0.0354338
0.185681
38
3.98376
0.079166
0.00733082
0.947211
0.147352
0.475624
96
0.00532213
0.0410253
0.11705
80
2.25694
0.254535
0.00532262
0.920832
0.195774
0.407614
27
0.00516495
0.0420979
0.296232
49
2.47755
0.580124
0.00073746
0.944486
0.111723
0.263246
64
0.00380039
0.0345734
0.225947
89
3.39675
0.371377
0.00663601
0.917265
0.0921653
0.287062
14
0.0061539
0.0181409
0.208836
39
0.171321
0.636232
0.00983247
0.93631
0.128689
0.251872
18
0.00257209
0.041991
0.240897
58
2.12248
0.624227
0.00201943
0.900312
0.157306
0.334994
46
0.00406542
0.0203886
0.113271
90
1.0859
0.314653
0.00427394
0.922456
0.0289544
0.369277
73
0.00773991
0.0337114
0.0987651
31
1.72814
0.546543
0.00143226
0.997544
0.0524902
0.0963064
88
0.00687794
0.0302638
0.0219982
82
1.79331
0.135772
0.00704435
0.928249
0.161301
0.355956
79
0.00956756
0.0438881
0.131314
2
2.39067
0.298648
0.00628371
0.998188
0.146387
0.353728
82
0.00330345
0.0244227
0.102465
93
2.69152
0.505757
0.0092273
0.922592
0.19729
0.479683
12
0.00217494
0.0119396
0.107159
93
2.3317
0.206754
0.0054391
0.912238
0.105535
0.178151
36
0.00775729
0.0473288
0.388644
48
2.96012
0.706286
0.00432796
0.979744
0.0761738
0.414881
14
0.00610648
0.0498148
0.256121
65
0.475708
0.602791
0.00496759
0.97945
0.156351
0.41927
11
0.00761722
0.0489492
0.0717242
61
3.07128
0.0341086
0.00697853
0.91362
0.0334095
0.493953
82
0.00264102
0.0103535
0.1945
59
2.45351
0.683454
0.00121462
0.997403
0.0930238
0.499336
90
0.00829122
0.0276415
0.278801
10
3.08983
0.00763781
0.00522178
0.977194
0.177575
0.00314342
45
0.00165725
0.0157509
0.175924
16
1.77687
0.320296
0.00356483
0.970797
0.107855
0.228356
8
0.00368738
0.0476509
0.281528
29
1.77225
0.290623
0.00249055
0.965738
0.0417694
0.167165
50
0.00877031
0.0483762
0.302785
33
3.54134
0.581211
0.00691123
0.971209
0.137073
0.451111
49
0.00793625
0.0199839
0.300552
42
2.92462
0.779178
0.00947279
0.937481
0.0259839
0.0105381
44
0.00589745
0.0402553
0.0622991
11
1.43461
0.0512027
0.00685366
0.972193
0.0786388
0.147158
37
0.000429241
0.0297435
0.448668
86
2.74357
0.73645
0.00346509
0.94651
0.0239809
0.153176
77
0.00809514
0.0229836
0.493306
11
0.381917
0.396702
0.00108534
0.902217
0.0159618
0.338632
26
0.00520973
0.0143828
0.428273
82
2.51363
0.440829
0.00477964
0.985775
0.0480484
0.486652
5
0.00297599
0.0256835
0.477768
43
3.12634
0.0273098
5.16029e-05
0.9713
0.0947434
0.103209
2
0.000918571
0.049051
0.324172
17
3.67153
0.472988
0.00511677
0.949572
0.13932
0.141645
93
0.00101497
0.0349483
0.200183
24
1.24301
0.256841
0.00928725
0.983185
0.0858847
0.174161
26
0.00325325
0.0192357
0.413035
96
0.425228
0.777263
0.00384425
0.934304
0.0688672
0.15211
2
0.00994522
0.0447529
0.162902
33
3.05663
0.495108
0.00935457
0.974309
0.197771
0.204736
99
0.00706423
0.0416129
0.494404
13
2.89938
0.537739
0.00416252
0.960091
0.188597
0.474888
35
0.000728086
0.043108
0.119123
1
0.378732
0.100008
0.00137546
0.978417
0.0197629
0.132853
93
0.00556438
0.0363835
0.272791
15
0.319468
0.731041
0.00495673
0.993412
0.193517
0.119471
31
0.00253961
0.0343028
0.303343
3
1.469
0.332801
0.0048149
0.909135
0.10623
0.253063
94
0.00412747
0.0287789
0.328968
28
3.45345
0.443948
0.00755327
0.99384
0.104255
0.398477
13
0.00199974
0.0435517
0.463148
50
3.5966
0.576311
0.000725109
0.934698
0.126716
0.351852
3
0.00477056
0.0268074
0.060022
19
3.29344
0.173309
0.00657195
0.933258
0.0666607
0.100681
43
0.000381117
0.0380616
0.0266879
9
0.722797
0.728807
0.00219706
0.921991
0.128025
0.277643
79
0.00901754
0.0283588
0.0873709
76
1.46073
0.341528
0.00602447
0.933774
0.171885
0.43353
35
0.0018703
0.0453348
0.0749616
94
1.23059
0.288249
0.000628915
0.958088
0.0309781
0.425908
23
0.00736418
0.0323825
0.0835776
72
2.77372
0.259418
0.00790523
0.921714
0.0783676
0.029634
62
0.00276221
0.0411819
0.0197242
69
3.78184
0.799428
0.00534438
0.952997
0.169717
0.0154357
43
0.00362217
0.0461459
0.166357
1
3.19977
0.463404
0.00872867
0.967202
0.124584
0.124262
54
0.00528711
0.0299785
0.43705
24
1.80766
0.175794
0.00264102
0.99399
0.144011
0.0645848
72
0.00817156
0.0411167
0.403238
36
3.98956
0.613986
0.00973374
0.935071
0.129469
0.339253
50
0.00144036
0.0451528
0.220853
52
2.34746
0.47132
0.00589438
0.976988
0.14935
0.121361
37
0.000931688
0.0226575
0.151156
75
3.8621
0.794261
0.00349165
0.992372
0.0441858
0.0663114
62
0.00656333
0.0202013
0.197857
6
3.15057
0.409535
0.00525865
0.915242
0.10877
0.317749
88
0.00259795
0.0491314
0.36913
63
3.748
0.743796
0.0088886
0.950497
0.00174822
0.319126
41
0.00148747
0.0206095
0.398216
98
0.294217
0.318803
0.00550235
0.9615
0.0754668
0.206414
15
0.0054436
0.0188991
0.46226
69
2.71307
0.207383
0.00239432
0.97802
0.0499592
0.273467
40
0.0095451
0.0210484
0.183561
98
0.332772
0.724167
0.00840074
0.981768
0.0792354
0.389129
78
0.00653114
0.0473781
0.43509
15
2.84355
0.333954
0.00256965
0.936521
0.140577
0.323689
45
0.000710247
0.0357473
0.415115
56
1.55838
0.15354
0.000386564
0.929262
0.021524
0.395169
19
0.0077772
0.0315942
0.179965
15
2.79953
0.347003
0.00893769
0.915706
0.0841139
0.238666
97
0.00209315
0.049526
0.0508091
86
0.455042
0.710824
0.00660095
0.924656
0.174664
0.312368
85
0.00549982
0.0485409
0.394338
90
0.753234
0.387719
0.00276163
0.99127
0.141277
0.466525
2
0.00805159
0.0307229
0.458581
26
2.50648
0.749237
0.00438845
0.957083
0.028444
0.345589
90
0.00243912
0.0101881
0.0907652
16
2.29476
0.20414
0.00595404
0.902066
0.0684092
0.449007
16
0.000538158
0.0197772
0.314551
87
0.820053
0.368821
0.00583247
0.930851
0.0151335
0.142541
24
0.00800996
0.0260574
0.144434
50
1.63425
0.464542
0.00382064
0.934529
0.0270142
0.0707611
89
0.00840223
0.0277144
0.0407374
22
1.28406
0.662315
0.00924996
0.961379
0.0588646
0.0429741
42
0.00789535
0.0484478
0.396927
29
0.872465
0.414984
0.00653605
0.998237
0.198739
0.236227
18
0.0038895
0.0482714
0.057024
57
2.60592
0.403319
0.00782538
0.929694
0.194859
0.0316593
25
0.00145732
0.0479982
0.340483
10
0.610082
0.226758
0.00440693
0.963452
0.144394
0.195947
6
0.0024358
0.0285945
0.237257
48
3.72506
0.0491776
0.000184696
0.907057
0.109322
0.144255
22
0.0050213
0.0422841
0.335622
7
2.233
0.198787
0.00301776
0.955599
0.126807
0.447556
60
0.00518506
0.0263568
0.363893
2
1.6492
0.0877925
0.00987281
0.987425
0.191512
0.255412
70
0.00890158
0.017568
0.171206
8
0.495426
0.710373
0.00563527
0.921579
0.0428148
0.368351
3
0.00082433
0.0222323
0.381225
74
3.19372
0.462312
0.00792812
0.903072
0.101136
0.386157
84
0.00609438
0.0221526
0.395408
75
0.232467
0.543534
0.00412872
0.949261
0.0341738
0.187689
83
0.00645459
0.0355333
0.213775
32
0.559638
0.0846385
0.00372036
0.906181
0.100169
0.461278
53
0.00586944
0.0482108
0.0790347
46
2.99893
0.0716958
0.0035965
0.936867
0.0734734
0.307418
31
0.00860365
0.0187808
0.085414
64
1.66628
0.230488
0.00299673
0.91996
0.133587
0.00594651
40
0.00206044
0.0169183
0.156021
45
0.81401
0.306981
0.00534599
0.930154
0.0489892
0.478169
26
0.00419387
0.039873
0.416992
71
0.712327
0.292963
0.00339883
0.910485
0.176511
0.160118
69
0.00898442
0.0159978
0.250727
19
0.180159
0.603729
0.00766202
0.906007
0.0873162
0.00901027
66
0.00133737
0.0253888
0.255439
22
3.96364
0.306027
0.00775423
0.911577
0.0718498
0.495506
75
0.00935888
0.0458967
0.135811
1
2.20338
0.127123
0.0074392
0.966451
0.0914673
0.411676
57
0.00124344
0.0475146
0.13012
68
3.16621
0.553246
0.000116902
0.938266
0.0288392
0.0215394
94
0.00837321
0.0317443
0.0319048
21
1.90073
0.529426
0.00358641
0.972726
0.123217
0.222697
78
0.00511086
0.0160928
0.0125
71
1.02488
0.720195
0.00868757
0.900641
0.118741
0.201656
84
0.00998069
0.0141061
0.254352
67
1.99334
0.484995
0.00514749
0.902617
0.180468
0.481969
73
0.000181737
0.0293945
0.105427
24
0.83689
0.760817
0.00498687
0.996817
0.0254318
0.0333784
28
0.000751867
0.0369778
0.4407
30
1.9628
0.781408
0.00425935
0.964391
0.00769248
0.107011
91
0.00791746
0.036717
0.371825
70
0.895322
0.725179
0.00421256
0.927487
0.0724824
0.0572878
70
0.00599566
0.0291277
0.399269
4
1.68189
0.678509
0.00186423
0.927642
0.0459596
0.300712
96
0.00289462
0.0144223
0.343722
22
2.13312
0.398065
0.00577553
0.957561
0.102298
0.488117
23
0.000398568
0.0141626
0.333249
3
0.237867
0.679996
0.00722302
0.969984
0.0762518
0.0975248
61
0.0070922
0.0151294
0.0399291
12
3.27576
0.0377379
0.00632145
0.926892
0.0325303
0.0362255
99
0.00909027
0.0403314
0.17249
91
0.506254
0.652384
0.00194163
0.974871
0.0966527
0.15702
33
0.00429378
0.0168016
0.411488
36
3.63835
0.0537733
0.00963624
0.990562
0.0184556
0.107282
52
0.00564974
0.015083
0.451619
10
3.89856
0.649821
0.00565388
0.972328
0.117676
0.185509
9
0.00714695
0.038937
0.483524
25
2.57206
0.00280176
0.000481862
0.974488
0.096363
0.318388
7
0.00666079
0.0279374
0.290748
77
2.34955
0.649438
0.00761132
0.926294
0.0748675
0.190929
62
0.00573078
0.025973
0.304529
76
2.30985
0.764724
0.00855302
0.939588
0.0669367
0.0758872
67
0.00059647
0.0191551
0.239079
57
0.245776
0.277821
0.00959062
0.969426
0.172863
0.390076
4
0.00176353
0.020989
0.139825
73
3.8217
0.733709
0.00915055
0.965653
0.166614
0.068831
25
0.00920452
0.0362117
0.0569685
14
3.22892
0.0581604
0.0084439
0.911168
0.0602677
0.480044
40
0.00707161
0.0212098
0.0689867
98
0.90203
0.200481
0.00552758
0.976613
0.185821
0.268955
9
0.00456981
0.027235
0.430778
49
3.0768
0.421017
0.00181863
0.947729
0.0219358
0.438704
13
0.00557967
0.0155041
0.48217
34
1.74949
0.732235
0.000670517
0.961918
0.0649405
0.0913123
24
0.00382045
0.0397255
0.467745
35
1.27371
0.0680381
0.00158102
0.994966
0.0935932
0.23425
69
0.00859197
0.0257795
0.436514
77
2.16084
0.742311
0.00922026
0.968637
0.115648
0.261312
13
0.00431134
0.0448512
0.492537
79
2.63631
0.0973652
0.00444648
0.966665
0.00563842
0.367335
47
0.00194347
0.0406205
0.148044
62
1.37532
0.12065
0.00338369
0.931173
0.00206983
0.216681
79
0.00320704
0.0152878
0.359188
13
0.369312
0.272567
0.00312655
0.93419
0.0124332
0.0263475
75
0.00342336
0.0432391
0.260899
81
2.08274
0.148775
0.00231649
0.952408
0.0569975
0.214714
93
0.0024835
0.0122437
0.315941
68
1.36063
0.631491
0.0019884
0.939825
0.00220426
0.110343
56
0.000440462
0.044141
0.0930643
51
0.645061
0.715953
0.00196449
0.981324
0.149794
0.258736
36
0.00383458
0.0409571
0.308742
52
1.32385
0.424909
0.00700657
0.97307
0.0196336
0.295734
4
0.00870902
0.0322362
0.391445
18
2.43001
0.382304
0.0031981
0.909763
0.0767501
0.060827
36
0.00583854
0.044431
0.0428071
25
2.83902
0.644922
0.0073461
0.933566
0.0744214
0.0100042
98
0.0038651
0.0445488
0.104181
12
2.46735
0.751947
0.00256404
0.978914
0.126171
0.279978
63
0.00422572
0.043943
0.111796
77
2.48386
0.348354
0.00630133
0.990362
0.108407
0.322723
46
0.00314523
0.0324547
0.376697
37
3.92371
0.62656
0.00970343
0.977963
0.18715
0.387984
89
0.00953927
0.032269
0.348414
70
2.55277
0.683199
0.0048945
0.988153
0.160826
0.420121
4
0.00811478
0.024655
0.318764
23
0.435993
0.238547
0.00640356
0.92451
0.0391149
0.139585
42
0.00414619
0.0112507
0.232887
41
0.759011
0.0481228
0.00581534
0.939677
0.0381535
0.377445
93
0.00595469
0.0339405
0.195059
54
1.35384
0.571605
0.00992822
0.915549
0.197041
0.427798
76
0.00544713
0.0234895
0.253174
23
0.963565
0.224556
0.00303833
0.933007
0.163885
0.291638
42
0.00336576
0.0408471
0.112021
33
3.59861
0.0638646
0.00590773
0.91699
0.151729
0.436299
31
0.000688833
0.0138089
0.106188
18
3.95202
0.108809
0.00198526
0.95408
0.0846533
0.439488
31
0.00112256
0.0331892
0.211636
72
2.54637
0.690006
0.000781015
0.982781
0.088462
0.376108
17
0.000257187
0.0147629
0.29432
2
2.29332
0.26421
0.00306358
0.969814
0.0565312
0.269291
48
0.00510272
0.0248167
0.298143
49
1.01663
0.638169
0.00739527
0.960926
0.118347
0.154187
19
0.00495335
0.019907
0.405642
50
3.86992
0.658363
0.00100413
0.927948
0.11439
0.2006
36
0.00642484
0.0321133
0.426539
73
3.62346
0.37997
0.00273563
0.942661
0.179682
0.170677
71
0.00513443
0.0177373
0.337772
98
2.27142
0.579159
0.00163994
0.930445
0.0514581
0.199045
75
0.00426971
0.0282793
0.479551
84
3.17099
0.10757
0.00388553
0.93712
0.132441
0.184739
54
0.00377573
0.0351759
0.276463
71
2.09288
0.416633
0.000826046
0.995043
0.166396
0.326382
83
0.00741446
0.0364904
0.274548
51
1.4386
0.229199
0.00411089
0.956333
0.120028
0.039137
66
0.00747905
0.0105508
0.0372964
96
1.04861
0.753044
0.0047994
0.975745
0.154188
0.267811
57
0.00536418
0.0184301
0.247233
83
2.40737
0.531642
0.00391432
0.991555
0.0355935
0.0692429
56
0.00613246
0.0433873
0.218171
31
0.877157
0.761736
0.00342727
0.928624
0.187855
0.290381
22
0.00945666
0.0458378
0.45673
77
2.67085
0.784023
0.000329741
0.946322
0.0347831
0.146727
80
0.00730242
0.046311
0.288635
26
0.574268
0.197544
0.00510404
0.920028
0.130784
0.0736431
37
0.00181873
0.0415495
0.0946115
58
2.82812
0.276203
0.00437648
0.940594
0.0913425
0.143667
48
0.00339874
0.0395262
0.236242
60
3.69627
0.154871
0.00713324
0.974799
0.130192
0.245591
74
0.00751003
0.0100194
0.478773
91
3.1543
0.646333
0.0043463
0.917552
0.0826415
0.284044
68
0.00740457
0.0180632
0.370132
27
0.567926
0.163559
0.00307025
0.995798
0.0555913
0.280647
60
0.0048474
0.03132
0.418576
7
0.683737
0.128124
0.00119159
0.951166
0.0796383
0.415696
63
0.00634359
0.0170932
0.379111
65
1.71684
0.263036
0.00109207
0.927811
0.00321117
0.49858
80
0.00358496
0.0312785
0.123405
85
3.24467
0.633704
0.00778337
0.935483
0.0360651
0.162198
58
0.0062523
0.0264574
0.389201
30
1.19071
0.265987
0.00467116
0.9079
0.153262
0.112034
19
0.00806156
0.0238249
0.127378
44
0.931184
0.104841
0.00114855
0.917777
0.168233
0.336082
100
0.00220601
0.0209452
0.1966
97
0.693139
0.474312
0.000104167
0.986273
0.0612929
0.413143
48
0.00158383
0.0384132
0.251908
58
3.96989
0.722837
0.00703429
0.993068
0.117388
0.0179596
12
0.00295555
0.0129477
0.0953898
29
2.43716
0.062267
0.00141632
0.914779
0.00835737
0.0119355
47
0.000558075
0.0160597
0.301979
43
1.55072
0.0531206
0.00147839
0.931697
0.0155263
0.302036
25
0.00908421
0.0217836
0.322885
85
1.31013
0.515487
0.00700111
0.958793
0.0432151
0.426157
87
0.00311552
0.0133707
0.258554
58
1.13005
0.490537
0.00621424
0.925906
0.198954
0.165217
10
0.00668249
0.0123803
0.473965
22
3.87962
0.191764
0.00694667
0.994607
0.199681
0.0432044
29
0.00291332
0.0472306
0.316716
29
1.52315
0.0388399
0.00666137
0.986067
0.147845
0.37219
92
0.00205311
0.0445603
0.339323
32
1.10813
0.392682
0.00996954
0.996229
0.0494721
0.037513
30
0.00504861
0.0185122
0.285779
63
0.732998
0.534021
0.00745018
0.967897
0.068196
0.378094
68
0.00968891
0.0241867
0.475179
79
0.554579
0.350566
0.00135332
0.927283
0.073294
0.397206
65
0.00347926
0.0363033
0.0844024
54
1.30434
0.266341
0.00561509
0.998648
0.154495
0.464794
40
0.00854972
0.0284739
0.0470849
38
1.98095
0.694542
0.00176825
0.983616
0.185517
0.416795
21
0.00524507
0.0214859
0.327404
20
3.79269
0.692404
0.00801443
0.955781
0.106641
0.460844
42
0.00497781
0.0434644
0.0673754
40
1.68854
0.167497
0.00679396
0.941979
0.0928227
0.176568
65
0.00950664
0.042042
0.355111
79
2.85283
0.345262
0.00400516
0.980401
0.155017
0.259368
94
0.000330182
0.0459969
0.0593943
99
1.4515
0.708497
0.00936501
0.911452
0.167591
0.469216
12
0.00169093
0.044071
0.206597
7
1.63831
0.221056
0.00875016
0.914014
0.184551
0.0898335
92
0.00525217
0.0466622
0.459003
16
0.161777
0.171119
0.0016963
0.973846
0.0402401
0.213235
53
0.00602852
0.0399536
0.201844
9
2.73629
0.67279
0.00216474
0.984766
0.156674
0.278659
51
0.00886669
0.0118767
0.168242
82
3.00617
0.771373
0.00600812
0.939177
0.020623
0.309382
29
0.0094007
0.043315
0.266442
83
2.88297
0.641769
0.000554289
0.97559
0.104706
0.164514
61
0.00991933
0.022293
0.489178
63
0.615017
0.0860156
0.00486845
0.99694
0.0145091
0.283831
69
0.00338103
0.0308143
0.259925
16
0.403424
0.63407
0.00999253
0.982475
0.0088895
0.00508475
50
0.000836475
0.0392863
0.248056
74
2.12555
0.502668
0.00330938
0.915856
0.00387416
0.392911
96
0.00753095
0.0135904
0.0631515
28
1.98969
0.703117
0.00513291
0.907323
0.0696991
0.0818366
97
0.00465275
0.040047
0.187133
99
0.989268
0.704469
0.00342633
0.922777
0.0496373
0.331615
81
0.000372684
0.046354
0.465754
42
0.948756
0.253404
0.00443088
0.907631
0.178047
0.173147
78
0.0081258
0.0290306
0.198539
36
3.82546
0.551233
0.00188424
0.935973
0.189654
0.1227
59
0.00767124
0.0178793
0.412875
31
1.09859
0.160695
0.00130518
0.943349
0.0424447
0.393748
80
0.00849487
0.0162686
0.282427
55
1.73977
0.699369
0.00243449
0.935249
0.0203078
0.243056
34
0.00931941
0.048876
0.244777
6
0.286431
0.771147
0.00741679
0.923734
0.190937
0.348301
76
0.00392952
0.0197562
0.186946
47
1.17891
0.665206
0.00386008
0.938444
0.0583495
0.0550355
25
0.00147513
0.0288712
0.269789
30
1.20736
0.251573
0.000357044
0.920567
0.179286
0.432598
92
0.00214845
0.0426954
0.38424
45
3.31981
0.216839
0.0080445
0.989964
0.00670863
0.0272609
86
0.00940798
0.035663
0.344062
97
1.69776
0.406731
0.00750508
0.965138
0.129658
0.0558835
77
0.00437808
0.038259
0.367809
7
2.69611
0.621735
0.00885389
0.900144
0.178505
0.443591
58
0.00884816
0.0290742
0.361979
22
3.21882
0.170098
0.00529522
0.930894
0.0616982
0.25416
39
0.0028685
0.0332134
0.0258868
3
1.87984
0.234105
0.00449024
0.953614
0.057827
0.208658
70
0.00257741
0.0334729
0.222447
69
3.80581
0.215531
0.00882228
0.911997
0.084295
0.0390243
17
0.00432574
0.0494807
0.480033
91
1.39361
0.500513
0.00927077
0.957884
0.111111
0.457246
72
0.00683037
0.0347737
0.471504
39
0.768043
0.239622
0.0055533
0.971896
0.00338953
0.428093
99
0.00912198
0.0164134
0.00113157
89
2.38009
0.156368
0.00485083
0.957342
0.0410992
0.00213309
33
0.0091811
0.0136606
0.226504
19
0.169227
0.407988
0.00708319
0.901168
0.0985207
0.3822
28
0.00862348
0.0426361
0.0612324
80
2.97518
0.0130966
0.00994849
0.90737
0.130599
0.0145348
26
0.00213587
0.0239452
0.382241
96
1.1996
0.789137
0.00812453
0.921187
0.191884
0.0791459
17
0.000522792
0.0121488
0.0464244
28
0.428877
0.488094
0.00290887
0.988331
0.0349742
0.128363
75
0.00824339
0.039003
0.0181723
19
3.03127
0.117623
0.003301
0.903184
0.101891
0.366677
87
0.00403876
0.0251286
0.421225
99
2.88865
0.215131
0.00224857
0.926662
0.0703286
0.189478
87
0.00447154
0.0139
0.184112
44
3.58125
0.343141
0.000466992
0.909909
0.151226
0.210908
92
0.00467199
0.030074
0.311184
81
0.150055
0.429947
0.00942011
0.966866
0.183586
0.46863
10
0.00089711
0.015026
0.422081
82
2.00711
0.18614
0.00944217
0.920597
0.0394917
0.28591
63
0.00120688
0.021996
0.137264
88
1.4985
0.029353
0.00707477
0.944935
0.18435
0.294837
56
0.0035546
0.0382329
0.0973723
14
0.196185
0.365876
0.000530693
0.965249
0.17341
0.272753
74
0.00844978
0.0327668
0.205238
92
3.17429
0.600541
0.00328032
0.916789
0.195267
0.0323434
78
0.00731016
0.0288836
0.229043
65
0.633289
0.413316
0.00363714
0.997958
0.119606
0.494373
10
0.0083254
0.0122203
0.486596
61
1.00447
0.75438
0.00633233
0.961125
0.0596293
0.48945
39
0.00282882
0.0165352
0.160916
5
2.05454
0.517398
0.000758634
0.951824
0.192676
0.180572
21
0.00756886
0.0492883
0.495768
71
1.90947
0.646647
0.00683813
0.94384
0.100582
0.159308
7
0.00664005
0.0115777
0.0731116
61
2.46107
0.530327
0.00604631
0.962304
0.0279952
0.424009
23
0.00738549
0.042491
0.0754268
77
2.03123
0.459646
0.00756863
0.959519
0.0504076
0.186839
43
0.00623089
0.0477448
0.29906
89
0.832335
0.558405
0.00681996
0.951445
0.00133279
0.197358
72
0.00606055
0.0383866
0.275568
60
0.636205
0.507027
0.00952295
0.90875
0.0099492
0.00690947
71
0.00763833
0.0281544
0.443575
31
0.970474
0.0655033
0.00781307
0.941213
0.158355
0.444778
91
0.000582162
0.0286661
0.0166725
95
1.06289
0.654515
0.00895487
0.962416
0.152802
0.396383
18
0.0077973
0.0319327
0.461359
68
0.850096
0.727588
0.00389779
0.945233
0.166163
0.0404186
59
0.00350825
0.0261556
0.16748
84
0.410688
0.447285
0.00559007
0.938726
0.0953456
0.286193
28
0.00822418
0.0134469
0.262912
67
0.220313
0.493297
0.000851288
0.932758
0.0315304
0.347952
85
0.00677354
0.0359402
0.0813207
91
2.58171
0.674548
0.00127612
0.990125
0.194343
0.341945
60
0.00453379
0.0252394
0.0222726
46
2.41985
0.327843
0.00409867
0.947626
0.103488
0.30821
38
0.00724972
0.0243645
0.297762
95
0.80449
0.455282
0.00689806
0.945904
0.141931
0.496713
46
0.00727077
0.0101109
0.321512
83
2.68195
0.294595
0.00859119
0.953216
0.00510495
0.305612
91
0.0044278
0.0190775
0.13263
48
3.84824
0.685241
0.00796182
0.979011
0.0559945
0.246742
98
0.00649188
0.0452702
0.40965
30
0.803163
0.426898
0.00786456
0.963919
0.112999
0.335253
70
0.00107413
0.025503
0.163546
39
3.27182
0.302026
0.00599183
0.941447
0.13405
0.0777207
73
0.00605266
0.0478901
0.146408
85
2.9319
0.132332
0.000197291
0.9064
0.0772303
0.104404
35
0.00711847
0.0227994
0.305333
82
0.862367
0.422139
0.00284955
0.989657
0.0752566
0.463429
65
0.00126037
0.0378083
0.270836
59
2.91524
0.664109
0.0095556
0.950346
0.117068
0.0229648
20
0.00993078
0.0131444
0.0432374
66
2.0711
0.73799
0.00149176
0.937262
0.0581771
0.169309
94
0.00720408
0.0225183
0.140964
81
2.6428
0.404602
0.0090274
0.941702
0.00282676
0.0465425
54
0.00251062
0.0329704
0.425419
11
1.05349
0.689225
0.00908741
0.919159
0.18171
0.225059
97
0.00268044
0.0105948
0.136012
8
0.656937
0.080204
0.000431973
0.982209
0.173307
0.171566
96
0.0030785
0.0125031
0.439366
41
2.95737
0.795363
0.00852468
0.97172
0.102783
0.105305
21
0.00592377
0.0443824
0.0140588
53
3.37009
0.587414
0.00647248
0.979359
0.0415285
0.11698
58
0.00569622
0.0315091
0.39218
56
1.56371
0.451702
0.00322433
0.921845
0.0364421
0.052991
21
0.00499704
0.0175077
0.125195
15
0.671457
0.616822
0.00364781
0.906822
0.100013
0.0885737
55
0.00272384
0.0467289
0.0308474
15
2.65583
0.668353
0.00820849
0.904988
0.0635983
0.0249881
70
0.00949802
0.0392362
0.212926
74
3.51342
0.23735
0.00965698
0.90439
0.0477751
0.340066
49
0.00978431
0.017285
0.164468
32
1.35014
0.788305
0.00871734
0.930525
0.0624922
0.0711572
43
0.0031653
0.0461992
0.410794
44
2.82487
0.124463
0.00539874
0.922224
0.113249
0.45081
64
0.000123434
0.0298272
0.231987
41
2.14621
0.59706
0.00612803
0.923247
0.163624
0.0531992
94
0.0074578
0.0417958
0.402094
6
2.81331
0.485364
0.00655479
0.953426
0.155911
0.410967
34
0.00850333
0.0442668
0.124624
92
1.70566
0.734534
0.00318309
0.943128
0.192048
0.412916
40
0.00110226
0.0173928
0.0245039
12
2.0636
0.300336
0.00575861
0.949489
0.107335
0.345015
69
0.00537929
0.0429832
0.353015
27
3.01404
0.492571
0.00980367
0.937715
0.119441
0.362701
66
0.00640704
0.0179614
0.386686
87
2.55901
0.605317
0.00687134
0.957622
0.150005
0.321726
42
0.00424836
0.0225689
0.414064
78
3.42207
0.68756
0.00173329
0.952581
0.052947
0.402066
83
0.00131621
0.032503
0.0543362
21
3.32463
0.589779
0.000949076
0.962936
0.0172438
0.177817
91
0.0098815
0.0379256
0.114373
31
2.87874
0.739596
0.00505211
0.994279
0.0970375
0.440692
24
0.00135554
0.0194334
0.00541612
16
2.16675
0.0614161
0.00829917
0.901765
0.0241366
0.262208
98
0.00301849
0.0492429
0.257856
60
1.0121
0.282413
0.00768393
0.908931
0.143161
0.257334
22
0.00293366
0.03712
0.149202
54
2.00846
0.433565
0.00230708
0.996462
0.141031
0.437875
99
0.00185926
0.0162155
0.364227
35
2.94576
0.628341
0.00401436
0.954479
0.0141027
0.21749
46
0.00566992
0.025
0.310511
46
3.74209
0.372448
0.00246881
0.949967
0.169841
0.2828
89
0.00927449
0.0205043
0.0137728
3
0.260078
0.504185
0.00103979
0.965506
0.16225
0.292144
3
0.00136943
0.0311913
0.150243
2
1.07874
0.759034
0.00846161
0.921015
0.139508
0.324224
66
0.00211398
0.0317957
0.460045
40
2.7899
0.610641
0.00905291
0.903915
0.0836169
0.467081
93
0.00672727
0.0407039
0.0321295
74
3.46066
0.562548
0.0050195
0.917838
0.17692
0.0871204
90
0.00875104
0.0401052
0.280442
99
3.25428
0.255979
0.00808741
0.973977
0.0809795
0.23063
13
0.000216708
0.0202811
0.246861
6
1.62919
0.336065
0.00675948
0.946967
0.0518853
0.299804
88
0.00905445
0.0273412
0.261511
41
1.1513
0.324484
0.00625519
0.913441
0.0817689
0.125919
97
0.000767022
0.0208626
0.227115
18
3.84492
0.541919
0.00730632
0.948703
0.148455
0.203415
8
0.00756198
0.0338605
0.491256
72
3.3326
0.182477
0.00370039
0.92934
0.00898215
0.23338
44
0.00236047
0.0154371
0.449265
52
1.5751
0.599972
0.00978274
0.986884
0.182454
0.0955426
47
0.00398315
0.039494
0.108813
73
3.28781
0.0396784
0.00896877
0.982617
0.120582
0.112276
79
0.00846287
0.0169988
0.0640958
46
2.17934
0.671608
0.00333114
0.938948
0.085745
0.453168
19
0.000225396
0.0236312
0.400983
84
3.48504
0.0433499
0.00806201
0.968872
0.18741
0.0613004
4
0.00490299
0.0368666
0.157356
18
3.92137
0.0897589
3.00833e-05
0.964773
0.123858
0.0478007
100
0.00128348
0.0460295
0.29366
59
0.442705
0.202714
0.00649186
0.955116
0.170316
0.313108
62
0.00601982
0.0498832
0.36557
8
1.0693
0.435875
0.00118459
0.959797
0.0119708
0.33351
58
0.00190853
0.0336256
0.441567
27
1.41065
0.352399
0.00324001
0.99548
0.0231158
0.297468
32
0.00116422
0.0220358
0.09146
21
3.73224
0.161209
0.00159009
0.993629
0.138735
0.346727
30
0.00172999
0.0245971
0.0209858
53
0.248117
0.431074
0.00857517
0.95025
0.013562
0.183612
81
0.000995005
0.0471606
0.245912
19
3.94522
0.701447
0.00608561
0.987896
0.13445
0.226229
61
0.00795219
0.0247217
0.18212
13
1.38377
0.0949763
0.00287158
0.900854
0.109181
0.0290682
76
0.00881543
0.0365665
0.235657
49
3.85527
0.189211
0.00842468
0.987064
0.168148
0.365662
7
0.00459978
0.0120148
0.336581
81
2.67559
0.118397
0.00431338
0.914062
0.181171
0.113688
71
0.00238291
0.0109601
0.249033
21
0.53457
0.755712
0.000328312
0.998458
0.131221
0.354505
11
0.00702026
0.0266029
0.000479035
36
3.26081
0.446619
0.00931615
0.95542
0.0876639
0.303419
15
0.00434796
0.0301729
0.277409
10
3.43175
0.482192
0.00294031
0.992086
0.174274
0.199311
11
0.000279435
0.020675
0.038614
43
3.412
0.56083
0.00624352
0.914627
0.0300517
0.115138
5
0.00974706
0.0388131
0.216456
63
1.60518
0.00972245
0.00728446
0.943391
0.0109631
0.135178
30
0.00930103
0.0207968
0.0809827
25
1.59234
0.329645
0.001789
0.936152
0.122934
0.0443645
38
0.0021941
0.0133419
0.00690524
4
2.49465
0.121203
0.00346868
0.934853
0.19631
0.231895
96
0.00596238
0.0418414
0.120111
47
1.88487
0.0190903
0.00810928
0.904816
0.119041
0.343396
6
0.00865504
0.0421964
0.433872
35
2.39543
0.608892
0.00373069
0.925537
0.102957
0.449909
37
0.00676873
0.0240861
0.199842
97
2.70874
0.110694
0.00676775
0.916441
0.143583
0.127487
49
0.00561042
0.0235579
0.215038
74
3.57027
0.470677
0.00520159
0.928453
0.0548634
0.316974
65
0.00547226
0.034103
0.429755
60
3.61362
0.7444
0.00798792
0.947986
0.157544
0.455024
80
0.00457499
0.0376723
0.445918
96
3.72207
0.588734
0.00942272
0.903413
0.0709306
0.0347027
27
0.00346583
0.035494
0.217143
89
1.8318
0.0258022
0.000502917
0.986674
0.0399261
0.151729
35
0.00923019
0.025604
0.283367
65
2.21743
0.194963
0.00290448
0.97826
0.134761
0.403619
2
0.00987877
0.0196342
0.221892
43
3.58733
0.159077
0.000846786
0.948949
0.152133
0.191595
50
0.00444966
0.0131196
0.00447976
57
0.658953
0.219635
0.00777503
0.964715
0.110746
0.434128
50
0.00563017
0.0183331
0.390649
53
0.337249
0.385847
0.00881895
0.968179
0.105759
0.356211
98
0.00669443
0.0304304
0.49606
45
2.96979
0.224864
0.00518352
0.980362
0.0862412
0.277006
24
0.0050501
0.0218784
0.0550988
26
0.529231
0.073185
0.00457418
0.988797
0.145473
0.394556
90
0.00637885
0.0103006
0.30691
25
2.61196
0.0321721
0.0071557
0.925003
0.0994864
0.14047
6
0.00202481
0.0457326
0.210655
44
1.58115
0.249547
0.000921298
0.911859
0.0609501
0.0353286
54
0.00252294
0.0277898
0.0866765
19
3.38409
0.573279
0.00608336
0.990978
0.031823
0.43511
98
0.00700604
0.0309251
0.058385
26
1.67001
0.0835106
0.00545986
0.988942
0.0978177
0.373551
85
0.000475965
0.0267246
0.134076
5
1.95607
0.786572
0.00642686
0.935658
0.0572139
0.446269
4
0.00167763
0.0373764
0.0232931
36
1.73581
0.361879
0.00818003
0.986343
0.148199
0.235485
32
0.000794004
0.0155274
0.128567
20
3.30328
0.528252
0.000792276
0.960311
0.136411
0.363458
7
0.00390444
0.0156215
0.407683
11
3.46922
0.43447
0.000572519
0.978758
0.0130413
0.405788
50
0.00626578
0.0158293
0.0272862
95
0.735793
0.71323
0.00153055
0.942957
0.0742028
0.0628021
55
0.00857412
0.0390597
0.214197
38
3.18505
0.193235
0.00313595
0.936779
0.0657045
0.249023
51
0.00620063
0.0333944
0.0525949
97
0.298174
0.783199
0.00918384
0.976802
0.0850764
0.424437
22
0.00580587
0.0450039
0.110193
4
3.90503
0.142125
0.0089113
0.983036
0.0629478
0.325518
16
0.00983481
0.0455627
0.35113
20
2.56874
0.286979
0.00271816
0.944666
0.182667
0.0640762
95
0.00303479
0.0185858
0.20964
87
3.35469
0.510571
0.00753532
0.94692
0.0386466
0.157106
44
0.00322785
0.0487719
0.366515
86
3.40326
0.147404
0.00950959
0.980167
0.198384
0.000691512
45
0.0096345
0.0306913
0.404987
57
0.144824
0.515747
0.000650922
0.916152
0.13539
0.49789
77
0.00703632
0.0469332
0.191954
79
1.4212
0.476943
0.00772223
0.964115
0.125792
0.133498
58
0.00629641
0.0228775
0.313937
93
0.851872
0.747654
0.00352241
0.980911
0.0273535
0.302706
23
0.00584311
0.0292752
0.190721
91
3.88572
0.245932
0.000252451
0.980603
0.0605882
0.296897
57
0.00299897
0.014952
0.0967546
4
0.361652
0.0933884
0.00822891
0.907967
0.0543702
0.470556
87
0.000156774
0.0125712
0.271725
13
1.7642
0.391073
0.00374942
0.955016
0.146854
0.126995
96
0.00230302
0.0385896
0.380637
52
3.52398
0.201598
0.00692905
0.950762
0.175528
0.391126
95
0.00323761
0.0211908
0.35013
67
2.53767
0.666103
0.00270503
0.910537
0.0892893
0.182392
52
0.00722418
0.0107324
0.223444
23
3.66258
0.0710971
0.00837385
0.947345
0.127938
0.408208
81
0.00493636
0.0306155
0.393357
95
1.58497
0.522771
0.00175592
0.967997
0.00454699
0.252235
19
0.000634006
0.0233095
0.476883
47
0.349799
0.467259
0.00932677
0.996147
0.161963
0.188546
23
0.00715066
0.0456294
0.1808
61
1.31946
0.717412
0.00949903
0.937873
0.032229
0.298498
39
0.00233892
0.0296763
0.088438
65
0.777245
0.780775
0.00763215
0.938063
0.0532772
0.275394
3
0.00474729
0.0110484
0.383575
96
1.22749
0.02419
0.00832801
0.918065
0.164604
0.172881
20
0.00787389
0.0280198
0.490046
83
3.80741
0.0445694
0.000147488
0.904042
0.0234807
0.0902687
98
0.00395465
0.039762
0.329114
55
3.36116
0.654888
0.00459977
0.966146
0.052182
0.101847
64
0.00926399
0.0201093
0.0720144
26
2.05474
0.375628
0.0039769
0.959141
0.158855
0.306768
71
0.00160296
0.0243129
0.325205
69
2.2093
0.612732
0.00233437
0.915399
0.0536168
0.42171
82
0.00317201
0.0357974
0.45331
6
1.40561
0.394399
0.00568219
0.912655
0.167348
0.0251602
28
0.00178502
0.0368945
0.141163
73
2.72397
0.27525
0.00635102
0.952146
0.0307014
0.0981725
61
0.00718639
0.0261923
0.189709
51
1.25802
0.130159
0.00865191
0.928863
0.141686
0.0482739
76
0.000790279
0.0213699
0.352939
40
0.188613
0.438362
0.0023841
0.983479
0.19071
0.430485
9
0.00973201
0.0348759
0.152761
46
0.400508
0.675546
0.00482636
0.943584
0.0699742
0.0769628
30
0.00937672
0.0182925
0.147119
67
1.94957
0.791205
0.00106647
0.956446
0.168999
0.465767
34
0.0026208
0.0266441
0.133585
61
1.53691
0.557086
0.00974071
0.970448
0.176098
0.181632
39
0.00328331
0.0230869
0.401348
4
0.465692
0.520145
0.000408555
0.975347
0.0781726
0.49272
28
0.00416855
0.0223796
0.0785117
33
3.23679
0.0151528
0.00887751
0.94404
0.181308
0.138025
53
0.00878259
0.0385293
0.347778
94
2.09647
0.245022
0.00183401
0.9897
0.0147663
0.406767
6
0.00842318
0.0178158
0.203673
98
0.708349
0.7696
0.00403659
0.931304
0.0190723
0.194424
51
0.00267006
0.0343801
0.497642
87
1.51235
0.280742
0.00418865
0.995392
0.175214
0.0139982
48
0.0098461
0.0115002
0.397854
34
2.59353
0.0179571
0.00546574
0.900545
0.121545
0.330844
45
0.00814069
0.0396166
0.00201601
24
0.305616
0.479789
0.00472302
0.918907
0.0463136
0.229213
59
0.00488842
0.0264916
0.469011
70
3.61749
0.114473
0.00592708
0.903598
0.135675
0.148235
44
0.00684562
0.0229002
0.264515
76
2.98968
0.660486
0.00125443
0.96332
0.0510659
0.375173
49
0.00225649
0.0475361
0.334862
13
2.33633
0.321307
0.00901395
0.931483
0.115255
0.350042
29
0.00176125
0.0412179
0.121559
42
3.3472
0.497808
0.00522945
0.948223
0.0439211
0.21837
10
0.00288849
0.039174
0.349427
34
1.86562
0.568385
0.00111982
0.987308
0.189205
0.221236
63
0.00943954
0.0381292
0.420951
45
1.27698
0.594407
0.00666484
0.905641
0.0263541
0.134093
59
0.00769974
0.0465421
0.424582
75
1.25039
0.51131
0.000272069
0.985056
0.176674
0.241515
13
0.00827306
0.0279104
0.116685
11
3.83634
0.241148
0.00367108
0.958288
0.114649
0.0128838
68
0.00734424
0.0427463
0.122583
56
1.4792
0.454337
0.00222634
0.918333
0.0879652
0.242934
33
0.00331262
0.0109462
0.406555
84
1.76089
0.639579
0.006723
0.926093
0.0991721
0.130457
87
0.00889028
0.0284967
0.0100257
55
1.85606
0.458578
0.00281083
0.961679
0.183938
0.123534
86
0.00921365
0.0371481
0.10107
72
2.37407
0.213337
0.00721319
0.93331
0.0944424
0.250423
41
0.00893828
0.0294684
0.0703045
81
0.67501
0.232455
0.00802276
0.988073
0.0894703
0.274952
76
0.00646755
0.0231752
0.242715
14
1.8217
0.498288
0.0036145
0.976283
0.0370496
0.441653
85
0.00437035
0.0423709
0.307992
94
0.955391
0.383918
0.00465034
0.959691
0.0339503
0.12057
15
0.00834773
0.0412898
0.373639
8
2.32294
0.337205
0.00759077
0.910835
0.142731
0.265404
81
0.00409162
0.0281809
0.356221
35
2.03284
0.15207
0.00851546
0.960714
0.199464
0.158708
5
0.00892821
0.0499859
0.142621
60
1.37519
0.507931
0.00246009
0.908636
0.0888877
0.364286
82
0.00363929
0.021645
0.498513
92
1.03904
0.139561
0.0028043
0.949879
0.152424
0.352768
12
0.00349294
0.0352435
0.0343912
93
2.48977
0.179825
0.00162494
0.91709
0.0448054
0.0165336
9
0.00559173
0.0146426
0.0086496
68
1.18749
0.74663
0.00725429
0.942495
0.101297
0.359001
33
0.00829932
0.0431502
0.077386
40
3.63568
0.681219
0.00223307
0.932064
0.0406677
0.47369
75
0.00343685
0.0240494
0.0458659
64
0.696196
0.114146
0.000888677
0.908311
0.125014
0.194059
1
0.000973454
0.0367932
0.202048
30
1.29168
0.766258
0.000988622
0.9677
0.0798308
0.150552
1
0.00478068
0.0375649
0.472578
76
3.68672
0.338784
0.00190134
0.952745
0.133006
0.270585
79
0.00680308
0.0193191
0.20769
38
3.11885
0.0691709
0.00569064
0.941825
0.131981
0.304457
7
0.00400619
0.0394285
0.0480573
39
1.49032
0.427775
0.00672498
0.92983
0.18506
0.418657
85
0.00851873
0.0328979
0.228804
41
3.77462
0.101567
0.00988246
0.991833
0.107166
0.247316
74
0.000493564
0.0275268
0.0495967
55
3.10081
0.0209758
0.00579266
0.989416
0.0867305
0.041464
30
0.00577781
0.036123
0.454751
27
2.62195
0.623864
0.00645181
0.954669
0.165553
0.0303455
47
0.00961517
0.0404709
0.233004
62
1.11329
0.693946
0.00960441
0.956666
0.0692695
0.349078
89
0.00354038
0.0341648
0.0530817
37
2.24719
0.284959
0.00748736
0.944225
0.010936
0.429613
72
0.00914735
0.0413989
0.0034864
88
3.50277
0.714604
0.00617288
0.927051
0.0101559
0.239826
11
0.0069235
0.0486469
0.265572
83
2.75768
0.358827
0.00585727
0.951623
0.155027
0.232808
18
0.00467982
0.0152696
0.161883
50
1.78532
0.540633
0.0098492
0.958959
0.0952371
0.310352
38
0.00632424
0.0269068
0.273551
87
1.0941
0.00657333
0.00913014
0.968991
0.0671447
0.1925
31
0.0018941
0.048994
0.332092
66
1.65709
0.173711
0.00508036
0.939315
0.150935
0.0868731
14
0.00895211
0.0104503
0.419636
25
0.212485
0.616156
0.00430193
0.924178
0.180017
0.458807
40
0.00372004
0.0352834
0.434495
33
2.17337
0.297312
0.000420806
0.9734
0.00780753
0.118175
55
0.00797444
0.0128448
0.0338634
24
1.02796
0.144049
0.00132612
0.912298
0.0266029
0.260492
27
0.003572
0.0158722
0.17692
99
0.387087
0.0357965
0.000632289
0.92567
0.0452798
0.0939826
84
0.00310169
0.0464622
0.011878
51
1.50621
0.243815
0.00967631
0.929973
0.127223
0.0943008
20
0.00971417
0.0232205
0.0922939
56
3.11161
0.571307
0.00536945
0.904286
0.0166853
0.446009
86
0.00748919
0.0127237
0.289359
43
3.76787
0.123466
0.00205202
0.953718
0.0825461
0.422374
56
0.00976977
0.0335929
0.0171914
37
3.13764
0.448637
0.00353039
0.997152
0.0471067
0.357852
39
0.00229294
0.0111699
0.309711
86
0.749371
0.210359
0.000165806
0.963722
0.159315
0.145493
2
0.0010453
0.0140266
0.241002
39
1.85224
0.130656
0.00826037
0.924022
0.033138
0.35912
95
0.00758802
0.0195145
0.372255
93
3.4955
0.260794
0.00416921
0.91427
0.142313
0.370556
25
0.004615
0.0237393
0.103761
6
1.16617
0.133898
0.0061041
0.970619
0.00947678
0.289881
56
0.00183922
0.0269933
0.153826
34
2.66192
0.767039
0.00969149
0.975169
0.138087
0.136724
35
0.00240034
0.041697
0.145994
70
3.71178
0.27942
0.00168241
0.946535
0.0164156
0.271948
27
0.00122509
0.0142644
0.0510431
7
2.44515
0.190937
0.0021152
0.918454
0.163046
0.462653
51
0.00655386
0.0377117
0.00700466
4
1.82776
0.438863
0.005969
0.998994
0.193131
0.224233
32
0.00967942
0.0106767
0.126795
15
0.274548
0.411256
0.00789374
0.971069
0.067862
0.404531
27
0.0015413
0.0113386
0.118794
61
3.02042
0.549885
0.004907
0.984218
0.0375705
0.459139
8
0.00863387
0.0387048
0.330464
66
0.544994
0.378554
0.000299789
0.992828
0.180551
0.109523
16
0.000162193
0.0360303
0.1097
47
1.34393
0.304492
0.00502885
0.933995
0.0803634
0.0677169
88
0.00030498
0.0350891
0.455073
89
3.68312
0.356358
0.00124407
0.90936
0.0622255
0.388498
60
0.00129767
0.0438015
0.100747
100
1.42634
0.418391
0.00916989
0.923799
0.0551353
0.288195
66
0.00771594
0.0478309
0.375317
73
1.92016
0.798007
0.00455227
0.977743
0.183014
0.179733
41
0.0095929
0.0481595
0.284702
9
2.36441
0.270312
0.00475213
0.932541
0.170658
0.431528
91
0.00449696
0.0124694
0.0667608
54
3.53254
0.313162
0.00172393
0.985231
0.13163
0.196208
61
0.00539233
0.0132068
0.267758
64
2.63323
0.36717
2.98101e-05
0.92341
0.168915
0.343027
94
0.00453803
0.0340271
0.12956
85
3.55487
0.583242
0.00461137
0.994187
0.0904439
0.0590492
47
0.00783278
0.0436092
0.444602
78
1.71286
0.00559574
0.00166084
0.967459
0.165244
0.0237578
25
0.00273631
0.0303811
0.165978
94
1.80327
0.592742
0.00251326
0.969677
0.0227199
0.0503303
71
0.00449031
0.031877
0.432103
53
0.913092
0.00189945
0.00977305
0.981829
0.0830952
0.484127
33
0.00105827
0.0126574
0.224514
84
3.64534
0.177386
0.00878681
0.968425
0.0472538
0.161091
83
0.00141594
0.0224562
0.295385
85
3.93289
0.69839
0.00720169
0.912982
0.190336
0.211166
77
0.0038492
0.0350367
0.474078
78
0.920807
0.513307
0.00396219
0.962056
0.153799
0.490309
53
0.00225846
0.0454392
0.342507
66
0.312028
0.468511
0.00898987
0.985702
0.0650862
0.256067
83
0.00376261
0.0176422
0.360801
71
2.5975
0.386125
0.00266838
0.992531
0.0177417
0.477146
26
0.00154696
0.0298692
0.159588
2
1.9705
0.559071
0.00133189
0.966987
0.162804
0.0592372
95
0.00980298
0.0186457
0.13897
20
0.785724
0.268713
0.00376678
0.991287
0.186855
0.402006
64
0.00193811
0.0326132
0.45023
79
2.04336
0.669747
0.00861885
0.942214
0.105177
0.328944
84
0.000648481
0.0344175
0.346663
5
3.5201
0.477891
0.00816019
0.958417
0.122159
0.0840789
36
0.00659212
0.0238811
0.484313
66
2.52908
0.697253
0.00571297
0.977325
0.0717244
0.241046
60
0.00799473
0.0345046
0.169327
9
3.38013
0.310141
0.00835918
0.991922
0.111539
0.129086
51
0.000879707
0.0497513
0.155385
95
3.78938
0.362575
0.00451809
0.904745
0.196731
0.20281
89
0.00409975
0.0271618
0.243823
75
1.51608
0.53529
0.000248832
0.948364
0.144878
0.149825
69
0.00507645
0.0301507
0.0890615
54
2.193
0.400395
0.00526671
0.981022
0.173804
0.176065
77
0.00765374
0.0387526
0.488211
52
2.75381
0.641847
0.00862756
0.957002
0.0212844
0.220905
5
0.00551792
0.0405569
0.320716
99
0.986216
0.322682
0.00473609
0.902775
0.00735198
0.29354
68
0.0039626
0.0316025
0.029998
38
3.06252
0.567586
0.00938112
0.914901
0.137261
0.0077949
22
0.00578664
0.0305236
0.286806
76
2.80638
0.629668
0.00392817
0.956065
0.0484889
0.418015
76
0.00933111
0.0372715
0.0769775
14
0.888788
0.364331
0.00956335
0.905171
0.0728066
0.0513737
14
0.00480196
0.0364722
0.357687
44
0.271213
0.620771
0.00738248
0.971631
0.186326
0.215743
52
0.00552532
0.0137377
0.427509
62
1.60812
0.331334
0.00907623
0.992929
0.178597
0.2095
80
0.000871991
0.0188186
0.466238
76
1.94182
0.353021
0.00334931
0.940207
0.189519
0.0562638
19
0.00698807
0.0116461
0.0693748
17
3.75414
0.165972
0.00094725
0.985519
0.124207
0.399707
52
0.00873002
0.0320418
0.252925
36
3.30865
0.0772316
0.00637576
0.952007
0.125562
0.163897
86
0.00440515
0.0114394
0.29287
47
2.30882
0.183285
0.00848704
0.973597
0.0957702
0.10005
22
0.00534484
0.0163928
0.499864
45
0.592445
0.0567761
0.000512763
0.982035
0.00466997
0.0726146
67
0.00519402
0.018996
0.188037
23
3.08723
0.390511
0.00423725
0.972611
0.0301741
0.205906
84
0.00618693
0.0216815
0.368342
18
1.17048
0.607288
0.00493607
0.94871
0.161539
0.0824292
32
0.0088017
0.0130345
0.192592
50
1.87197
0.326448
0.00573402
0.908335
0.0908199
0.485879
34
0.00492486
0.0146115
0.0356093
72
1.22002
0.0812377
0.00662254
0.940469
0.1037
0.22738
67
0.00744325
0.0262823
0.452491
10
3.43832
0.308828
7.87777e-05
0.987694
0.194676
0.483637
46
0.000274176
0.0293216
0.279518
80
2.01673
0.111309
0.00406579
0.929053
0.164531
0.0454113
7
0.00630452
0.0447074
0.331519
92
3.04105
0.773667
0.00207201
0.906551
0.160448
0.452603
32
0.00636197
0.0245087
0.291534
48
0.910725
0.792825
0.00796861
0.90589
0.081232
0.282031
15
0.00673535
0.0442
0.323586
53
2.10224
0.523645
0.00711263
0.902452
0.122768
0.491952
65
0.00420576
0.0415008
0.268828
68
2.86638
0.563796
0.00830194
0.945022
0.160032
0.0801781
99
0.00781257
0.0429263
0.408852
58
1.92843
0.106208
0.00210273
0.990801
0.0593098
0.131964
10
0.00694438
0.016656
0.317356
64
3.22717
0.548638
0.00214451
0.90134
0.077454
0.168169
67
0.0016276
0.0358574
0.464231
40
1.84324
0.0961088
0.00295113
0.923012
0.112801
0.0181025
54
0.00333316
0.0407359
0.45729
81
1.14192
0.235053
0.00877563
0.924802
0.0918483
0.456061
61
0.00997121
0.0480336
0.41775
92
2.35793
0.525582
0.00152107
0.997627
0.0295637
0.311812
20
0.00685699
0.0234004
0.447594
90
2.25454
0.0300487
0.00991567
0.940848
0.193884
0.314599
14
0.00616547
0.0249511
0.468804
86
2.77033
0.401335
0.00842026
0.905384
0.159437
0.32708
5
0.00900087
0.048602
0.354716
63
3.65808
0.140029
0.00192066
0.960559
0.109906
0.442146
56
0.00820372
0.0468774
0.170305
80
2.85829
0.0751253
0.00586919
0.918643
0.139905
0.223344
16
0.0080223
0.0270845
0.178043
42
0.936608
0.208829
0.00767266
0.970234
0.0643713
0.102121
46
0.00662234
0.0449375
0.345058
28
3.13509
0.165504
0.0055092
0.984627
0.113995
0.487178
5
0.00660852
0.0470377
0.431257
35
3.95604
0.565815
0.00652201
0.972864
0.0466136
0.360656
43
0.0022201
0.027515
0.0997413
23
2.1984
0.186469
0.00866135
0.901785
0.0186424
0.381105
55
0.00118463
0.0250656
0.319351
88
2.27018
0.75742
0.00819066
0.909572
0.121842
0.0853751
92
0.00576085
0.0117248
0.387461
14
2.90482
0.457592
0.00407285
0.919477
0.0125585
0.472857
74
0.00277918
0.0118378
0.238347
10
3.99423
0.14565
0.00309954
0.95442
0.0976555
0.384803
15
0.00784304
0.0167996
0.154561
40
3.55059
0.481949
0.00558081
0.964192
0.112215
0.0196262
9
0.0024568
0.0165789
0.485921
100
0.203797
0.137627
0.0028335
0.983906
0.0640832
0.374748
17
0.00139405
0.021307
0.378095
54
2.1503
0.450649
0.00115322
0.984352
0.00628586
0.264638
48
0.00690404
0.0333041
0.341125
48
3.04656
0.545752
0.00669539
0.984024
0.0901197
0.36181
82
0.00487152
0.0148318
0.20477
55
1.53786
0.4898
0.00203294
0.912849
0.0173366
0.0785969
72
0.00473153
0.0428075
0.385957
21
0.462266
0.538627
0.00464248
0.946063
0.172309
0.379378
63
0.00200991
0.0494246
0.115423
79
0.979904
0.424153
0.00542011
0.919347
0.0543145
0.454105
90
0.0083796
0.0314348
0.00944101
59
0.483121
0.316607
0.00618436
0.913178
0.115084
0.47131
29
0.000500891
0.0450873
0.17419
29
1.93867
0.0592998
0.00325171
0.975861
0.0357717
0.115029
1
0.00572227
0.0337929
0.438773
8
1.1543
0.378093
0.00254131
0.955997
0.138655
0.13838
55
0.00373798
0.0215845
0.338614
32
1.61562
0.774628
0.00140361
0.920309
0.0662153
0.315369
58
0.00232318
0.0200653
0.177598
73
1.1217
0.0162733
0.00746725
0.981414
0.121111
0.155296
53
0.00170911
0.0310888
0.374547
37
3.91238
0.103144
0.00154989
0.901564
0.116621
0.212069
74
0.00481731
0.0139579
0.0284258
51
1.3301
0.591405
0.00217657
0.976077
0.0251914
0.380492
44
0.00364875
0.029526
0.287823
59
2.72707
0.443328
0.000909055
0.995992
0.03779
0.476687
52
0.00197607
0.0204027
0.173926
21
0.788902
0.413209
0.00716392
0.932449
0.155764
0.332835
34
0.00697003
0.0437222
0.143985
12
2.11101
0.0416899
0.00378691
0.962667
0.146125
0.20724
18
0.00948246
0.0172017
0.470111
88
2.28434
0.718583
0.000701067
0.962987
0.188322
0.0018096
20
0.00152183
0.0379061
0.015187
5
3.44514
0.618875
0.00146117
0.916253
0.148732
0.266678
57
0.0090312
0.0327076
0.442854
34
0.488889
0.355169
0.00262436
0.940121
0.0713227
0.0930455
8
0.00306109
0.0496252
0.230957
65
3.69962
0.554468
0.00911837
0.945604
0.0445942
0.108941
16
0.00916459
0.046575
0.193623
17
3.21248
0.656226
0.00266339
0.910945
0.157935
0.249055
68
0.000953998
0.0402253
0.158763
78
2.52371
0.0915495
0.00315332
0.945442
0.150321
0.167001
62
0.00284009
0.0108623
0.0362795
63
0.58149
0.222956
0.000215631
0.994654
0.145541
0.371385
41
0.0028108
0.0375082
0.481003
62
2.98521
0.150338
0.00297321
0.989244
0.136229
0.0742696
38
0.00868485
0.0273929
0.37721
32
0.518337
0.288675
0.00784355
0.954031
0.0820186
0.337723
17
0.00470416
0.0346536
0.219494
42
0.60292
0.0471073
0.00227878
0.919711
0.116294
0.400456
81
0.00529069
0.0471177
0.0820778
94
3.56077
0.574941
0.000590878
0.9661
0.171282
0.409836
73
0.00367266
0.0309796
0.358515
90
0.620957
0.012032
0.00241278
0.977602
0.0222736
0.482784
29
0.000115293
0.0258844
0.23466
69
2.41684
0.180806
0.00614865
0.913681
0.128936
0.244692
12
0.00114052
0.0195322
0.44669
95
0.515357
0.596824
0.00102795
0.941067
0.137593
0.117819
37
0.00405301
0.0328343
0.181286
67
0.347132
0.521049
0.0064194
0.979946
0.042291
0.0201964
64
0.00161036
0.025303
0.423131
27
2.23116
0.311739
0.00772235
0.932231
0.00579387
0.0849458
34
0.00271356
0.02559
0.362708
90
1.45699
0.374302
0.00235205
0.950929
0.0983422
0.385675
41
0.000354887
0.0181923
0.263786
56
2.93919
0.341244
0.00727116
0.910248
0.0245659
0.329839
79
0.000673194
0.0373558
0.487043
28
3.42024
0.585476
0.00277499
0.925203
0.011415
0.219164
67
0.00818946
0.0424701
0.0656903
12
3.47769
0.359092
0.00259849
0.988577
0.133487
0.237604
72
0.00541314
0.0330498
0.0416396
70
2.78628
0.273343
0.00468935
0.969254
0.0939916
0.38323
86
0.0059056
0.0145192
0.0444124
49
1.26325
0.248245
0.00826811
