0.795757
0.049289
0.169531
18
0.00902602
0.0990431
0.416161
18
2.03726
0.437654
0.00343522
0.822206
0.0300699
0.363191
59
0.00339337
0.016833
0.333107
78
3.55686
0.0516067
0.000863749
0.714822
0.0662541
0.244042
2
0.00838241
0.0709346
0.0378603
2
1.32546
0.776537
0.00511436
0.997663
0.0794435
0.468308
13
0.00590225
0.0337329
0.196338
96
3.287
0.0217296
0.00247819
0.789474
0.0876102
0.380127
89
0.0034457
0.0360374
0.354539
73
2.00763
0.177276
0.00370658
0.864157
0.0676188
0.319671
34
0.00440381
0.0862247
0.349428
15
0.750506
0.410589
0.00740834
0.704743
0.0370786
0.275052
3
0.00237576
0.0301694
0.213462
98
1.46904
0.140078
0.0093512
0.894286
0.066035
0.198763
27
0.00572099
0.0470141
0.00202857
61
2.63874
0.359279
0.00779277
0.755145
0.0483114
0.360352
55
0.00493233
0.0321455
0.258816
79
3.44798
0.450205
0.00382013
0.752243
0.0707985
0.233421
43
0.00836312
0.0903196
0.174413
72
0.517341
0.45254
0.00332905
0.912267
0.0630726
0.345386
28
0.00368522
0.05693
0.0426156
88
1.79553
0.199349
0.00636515
0.848453
0.0712455
0.421984
91
0.00320451
0.0486951
0.190137
85
2.42028
0.47801
0.00400053
0.700597
0.0131592
0.339478
59
0.00278647
0.0948234
0.329621
96
1.01292
0.17934
0.00450279
0.762718
0.0697444
0.251948
47
0.00717714
0.0345351
0.129487
48
1.11664
0.389049
0.00766443
0.734432
0.018176
0.417232
79
0.00275326
0.0680004
0.335169
41
3.13647
0.360602
0.00682024
0.986477
0.0973775
0.485535
20
0.00550415
0.0815701
0.121358
45
2.80188
0.147753
0.00841838
0.784303
0.0201264
0.498651
98
0.00773031
0.0213929
0.192042
10
3.80582
0.636063
0.000732058
0.763893
0.0486681
0.0900907
100
0.00127773
0.0303763
0.0341717
45
3.92254
0.0903109
0.00211626
0.86984
0.094421
0.416094
94
0.00482548
0.0361406
0.133943
68
3.40523
0.634334
5.50487e-05
0.790806
0.0557669
0.246762
21
0.00514102
0.0681455
0.00454328
29
0.524613
0.788044
0.000170031
0.824801
0.0986687
0.186046
99
0.00603
0.0643806
0.461881
51
3.79614
0.668152
0.00437654
0.960986
0.0810517
0.0213637
42
0.00193787
0.0838538
0.434724
43
0.96478
0.692345
0.0060456
0.958693
0.0317228
0.37605
48
0.00531493
0.0666973
0.427076
25
0.892559
0.0417895
0.00282338
0.78564
0.0645684
0.0536302
77
0.00248123
0.0107593
0.314873
91
2.7753
0.302883
0.00494148
0.861807
0.0715185
0.429962
69
0.00951755
0.0331653
0.49964
16
1.1569
0.487064
0.00509833
0.884818
0.0570592
0.40455
60
0.000970417
0.039743
0.4143
57
1.86692
0.412298
0.00233204
0.850831
0.08691
0.185296
65
0.00503469
0.038984
0.26312
8
1.5606
0.154999
0.0099835
0.971842
0.0695024
0.474202
64
0.00446988
0.0933144
0.14146
89
3.19431
0.475492
0.00713274
0.819222
0.093905
0.0335791
91
0.00572497
0.0881986
0.171936
39
3.73946
0.213206
0.00829909
0.857672
0.0408854
0.491285
80
0.003245
0.028571
0.455169
99
1.16766
0.264439
0.00113639
0.95212
0.0955942
0.165661
90
0.00194865
0.0454691
0.442898
82
3.83589
0.23621
0.00879112
0.91069
0.0465815
0.194319
15
0.000457111
0.0873554
0.0942081
55
1.89366
0.625888
0.00213953
0.972384
0.0599865
0.00236905
42
0.00636651
0.0351657
0.298973
78
0.773392
0.313748
0.00197832
0.964613
0.0639138
0.393846
90
0.00976096
0.0185978
0.476999
83
1.33149
0.218614
0.00422188
0.909723
0.0275569
0.166248
26
0.00103164
0.0249517
0.277269
52
1.23689
0.64289
0.00443043
0.776248
0.0122277
0.2509
32
0.00942799
0.0592023
0.162734
53
2.51731
0.475756
0.00541337
0.838407
0.0338223
0.225979
29
0.00450345
0.089907
0.335915
95
1.88566
0.599752
0.00181981
0.718965
0.0523579
0.419163
2
0.00309881
0.0436189
0.471488
50
2.4594
0.76547
0.00387856
0.955717
0.0173624
0.431468
55
0.00540657
0.0930298
0.469409
17
1.25039
0.0660384
0.00338874
0.886915
0.0687268
0.0973839
78
0.0089399
0.0263807
0.110194
75
1.39002
0.272783
0.00530444
0.954965
0.0253093
0.169831
65
0.00161714
0.0348888
0.165877
25
2.75024
0.439034
0.0068616
0.874121
0.0657069
0.286458
79
0.00862337
0.052813
0.0252953
97
2.7493
0.241263
0.00921229
0.746886
0.0421346
0.484023
6
0.00256501
0.0613338
0.279688
62
3.45634
0.706768
0.00884635
0.765332
0.0267205
0.478954
8
0.00396429
0.0131844
0.46427
21
3.49665
0.590695
0.00172974
0.925711
0.037629
0.0560282
29
0.00600289
0.0738361
0.152278
49
3.56921
0.589036
0.00703718
0.773242
0.0477781
0.40597
50
0.00483353
0.0316087
0.127525
97
2.65705
0.297173
0.00588995
0.705147
0.0249186
0.464628
42
0.0087808
0.0953505
0.111096
60
2.38189
0.707684
0.00937983
0.996144
0.0449447
0.0576232
27
0.0039056
0.0819945
0.317778
54
3.39353
0.00170451
0.00744116
0.71224
0.0813622
0.0280344
50
0.00565347
0.0484725
0.145155
45
2.59319
0.358171
0.00757461
0.90613
0.0130313
0.386651
36
0.00392443
0.0356473
0.220998
30
1.83039
0.55252
0.00480121
0.801533
0.0849993
0.27153
43
0.00831229
0.0522981
0.484598
77
3.61698
0.428156
0.00165551
0.930996
0.0803701
0.180964
50
0.00196331
0.0962398
0.0476477
3
2.41465
0.0493679
0.000509573
0.870879
0.0834436
0.0932657
71
0.00530622
0.0211422
0.16168
66
0.427617
0.45451
0.000599691
0.764696
0.0211318
0.157161
83
0.00396021
0.0129155
0.00128206
96
0.714742
0.43681
0.00391068
0.732469
0.0475147
0.211258
28
0.00381915
0.036561
0.385374
80
1.2769
0.03937
0.0065584
0.743144
0.0146147
0.0490187
42
0.00486085
0.039199
0.163907
76
3.24486
0.165069
0.0054857
0.72651
0.0613936
0.0702567
46
0.00432162
0.0456436
0.33636
56
2.16913
0.785655
0.00568142
0.860708
0.0354895
0.359812
84
0.00801421
0.059833
0.164883
82
2.44542
0.594648
0.00658214
0.983751
0.0289653
0.451607
97
0.00847796
0.0143685
0.271848
66
2.49527
0.570823
0.00284864
0.758271
0.0560554
0.0775694
38
0.00910302
0.0172263
0.0389082
86
1.93772
0.238439
0.00409272
0.992546
0.0158553
0.352305
65
0.001702
0.0725877
0.12503
80
3.20601
0.799489
0.00710965
0.940386
0.0251528
0.139359
88
0.00968222
0.0618266
0.220259
8
2.36321
0.746069
0.00177342
0.939703
0.0853679
0.230722
46
0.00429159
0.0234015
0.0925484
4
3.35955
0.780227
0.00556203
0.968329
0.0228235
0.0375801
97
0.00699363
0.0908184
0.375267
60
3.5798
0.34505
0.00838126
0.90841
0.0705384
0.477127
9
0.000808811
0.0136868
0.198632
34
3.24043
0.204733
0.00513685
0.856205
0.0961079
0.355329
64
0.00456206
0.0323594
0.321016
86
0.792456
0.632475
0.00908386
0.760746
0.0536262
0.428247
33
0.00649045
0.0529293
0.495897
16
2.19742
0.740323
0.00412187
0.759255
0.0147499
0.221595
98
0.00121755
0.0552389
0.480895
30
0.559201
0.712228
0.00618878
0.775261
0.0516155
0.281412
82
0.00671953
0.0579562
0.295011
40
2.71195
0.602822
0.00337908
0.979741
0.0544236
0.365006
78
0.00223161
0.046541
0.467583
25
2.97143
0.74447
0.00659424
0.913741
0.0579397
0.27695
77
0.00338292
0.0215914
0.117515
92
2.17042
0.221659
0.000342836
0.736462
0.0595972
0.402588
49
0.00744484
0.0746908
0.41344
55
1.55679
0.267921
0.00906662
0.863251
0.0997222
0.1672
58
0.00948517
0.0799515
0.466575
23
1.80852
0.22319
0.0058649
0.93537
0.0811666
0.262603
49
0.00027099
0.0284854
0.340493
6
1.67647
0.139235
0.00014639
0.740837
0.0681651
0.383618
65
0.00183422
0.0867861
0.38086
66
1.11163
0.757098
0.00987802
0.707745
0.041522
0.178748
76
0.00575661
0.0556083
0.143499
60
1.42641
0.709304
0.0031446
0.978509
0.0325043
0.177361
87
0.00857663
0.0416809
0.419018
55
3.72935
0.353607
0.00551873
0.802492
0.0746133
0.351443
95
0.0091266
0.0824744
0.441326
28
2.88771
0.670575
0.00929026
0.795007
0.0667425
0.189926
92
0.00845651
0.0147345
0.396998
18
0.887484
0.373004
0.00923727
0.816401
0.091384
0.156489
41
0.00454186
0.0698458
0.0883256
87
0.541166
0.618864
0.00330156
0.968912
0.0760156
0.0209367
35
0.00350194
0.0982987
0.182496
47
0.86946
0.443525
0.000705982
0.732929
0.0529058
0.398754
13
0.00692831
0.0706158
0.383131
80
3.78634
0.700046
0.00983797
0.753913
0.0732253
0.279136
6
0.00537537
0.0140126
0.147519
77
0.948618
0.763324
0.00456479
0.85001
0.0609707
0.285712
7
0.00742432
0.0998984
0.28636
98
2.68507
0.78998
0.00456618
0.894354
0.0546761
0.495282
23
0.00954563
0.0208559
0.305204
76
3.94383
0.362505
0.00419844
0.756437
0.0994556
0.425625
93
0.00786399
0.0239237
0.457965
58
1.64244
0.472726
0.00966606
0.708905
0.0958161
0.263629
38
0.00264871
0.0434281
0.388086
76
1.98806
0.198715
0.00869171
0.827315
0.0934438
0.095464
56
0.00133351
0.0964327
0.154702
36
2.23285
0.123392
0.00845266
0.876313
0.0394712
0.296039
78
0.000498829
0.0450226
0.146638
42
0.504626
0.285134
0.00646597
0.847336
0.0297611
0.220144
17
0.00137284
0.0236057
0.176632
4
3.77711
0.645613
0.00205257
0.75003
0.0526564
0.114461
80
0.00130615
0.0141758
0.130325
23
0.477902
0.489235
0.00297829
0.731263
0.0761231
0.1607
45
0.00645055
0.0934667
0.208592
24
0.49197
0.287313
0.000393171
0.794006
0.034122
0.29371
24
0.00914169
0.0940384
0.325972
80
2.26039
0.597818
0.0026165
0.79526
0.039175
0.273892
30
0.00628439
0.0385413
0.161052
8
2.90357
0.137354
0.000905255
0.842946
0.0776813
0.314896
43
0.00367063
0.0848859
0.0961596
68
2.27623
0.517213
0.00235327
0.953672
0.0801662
0.00783278
85
0.000921557
0.0609804
0.451865
99
0.347328
0.693756
0.0062291
0.729421
0.0360964
0.140964
17
0.0092776
0.0489606
0.400961
41
3.04847
0.3216
0.00622116
0.863419
0.0348611
0.249108
62
0.00844318
0.0414747
0.497488
70
0.728285
0.464674
0.00499234
0.719325
0.0234136
0.418275
12
0.00336629
0.0921932
0.433527
34
2.15782
0.613352
0.00272937
0.939154
0.0160389
0.341755
60
0.00625211
0.0254272
0.210708
65
1.861
0.781137
0.00810984
0.846181
0.0650494
0.125565
7
0.00918136
0.0643156
0.0707793
19
2.77141
0.415617
0.00149227
0.893297
0.0293373
0.212636
62
0.00516378
0.0590883
0.477858
27
0.150098
0.717809
0.00317884
0.933248
0.0983517
0.252652
18
0.00388791
0.0163363
0.132375
23
0.784762
0.0252488
0.00724596
0.713587
0.0652057
0.215
81
0.00870416
0.045975
0.436447
87
3.81103
0.15128
0.00604333
0.834732
0.0837548
0.390935
93
0.00833738
0.0227165
0.0133011
13
1.40636
0.738908
0.0018504
0.962243
0.0688686
0.147213
3
0.0041735
0.0472349
0.419674
70
3.05873
0.252802
0.00715973
0.771095
0.082347
0.3137
1
0.00478677
0.0760679
0.0111868
49
0.721884
0.0862864
0.000975042
0.817149
0.0920717
0.0159908
81
0.00703392
0.0813112
0.255828
24
1.17591
0.326245
0.000213343
0.780658
0.0455597
0.0722575
54
0.00341951
0.0312573
0.365814
81
0.14524
0.132712
0.00650953
0.764208
0.0515582
0.0150099
52
0.0022539
0.0116533
0.403876
51
1.56948
0.669715
0.00690249
0.882692
0.0842868
0.0734578
26
0.00973943
0.0535227
0.266119
90
2.73578
0.783618
0.00797506
0.709333
0.0937159
0.00114019
71
0.00511585
0.0178036
0.460552
32
2.1483
0.433124
0.00917518
0.924631
0.0781394
0.324382
72
0.00829047
0.0630403
0.296228
33
1.39435
0.577256
0.00675534
0.88811
0.0215097
0.350983
82
0.00544623
0.0925887
0.327057
69
2.90622
0.749984
0.0029613
0.706913
0.0578734
0.358639
64
0.000389136
0.0310435
0.0274766
31
3.92542
0.426844
0.00415168
0.828139
0.0363719
0.320873
7
0.00788894
0.037769
0.0713299
9
1.35857
0.134618
0.00132866
0.703899
0.059289
0.283564
75
0.00353103
0.0763833
0.289666
31
3.70477
0.448308
0.00269846
0.951063
0.0541343
0.0408523
82
0.00361706
0.0481422
0.0319956
85
2.06275
0.484258
0.00141698
0.89888
0.0168995
0.329471
37
0.00259861
0.015937
0.18289
14
2.69323
0.377072
0.000273237
0.780963
0.0720533
0.0658547
55
0.00745249
0.0943722
0.344409
19
0.253454
0.583329
0.00121854
0.811822
0.0227556
0.08687
98
0.00314861
0.0757198
0.244284
21
1.88119
0.102005
0.00160632
0.987725
0.0556612
0.0613171
94
0.00414365
0.0446242
0.222508
33
0.817497
0.697812
0.00876189
0.890407
0.0504038
0.164064
80
0.00418004
0.0883316
0.453345
58
1.90627
0.715702
0.00896984
0.768311
0.0653486
0.452963
3
0.00985392
0.0704037
0.021299
90
3.19858
0.0607337
0.00404913
0.800267
0.0674509
0.145366
29
0.00823512
0.0559394
0.083873
64
1.2345
0.398891
0.000444252
0.971198
0.0978338
0.36986
26
0.00583557
0.0745068
0.0307356
28
3.22227
0.455448
0.00940106
0.808239
0.0472679
0.00384334
88
0.000893003
0.0125039
0.416578
89
3.84387
0.666688
0.00199611
0.740217
0.0244475
0.189331
83
0.00755934
0.0765518
0.195269
83
3.25327
0.554397
0.00257629
0.847093
0.0179679
0.062059
67
0.00443286
0.0877216
0.452533
9
2.97666
0.742926
0.000998235
0.785432
0.0850764
0.171535
73
0.00982213
0.094636
0.356319
9
2.14272
0.496399
0.00882486
0.884107
0.0428421
0.414813
46
0.00411439
0.0604384
0.300782
51
1.28404
0.540878
0.00827392
0.927682
0.072282
0.0318923
86
0.00370419
0.0546847
0.423007
57
1.8473
0.0218265
0.00469646
0.720709
0.0861844
0.071429
38
0.00535578
0.0119426
0.0575299
35
1.75393
0.422951
0.00989899
0.823953
0.0417836
0.187765
38
0.00579788
0.0892912
0.105068
15
2.9242
0.656328
0.00576029
0.891359
0.0405162
0.271262
69
0.00981568
0.0710743
0.109374
13
1.69505
0.163003
0.000323175
0.976969
0.0120634
0.178161
33
0.00212104
0.0902634
0.0813541
12
2.20322
0.370012
0.00307523
0.791582
0.0791863
0.227575
72
0.00765158
0.040653
0.257184
97
1.04893
0.735197
0.00315272
0.899603
0.089865
0.463865
31
0.00503006
0.0495715
0.134882
70
1.14303
0.383096
0.00135407
0.809807
0.0641578
0.111111
13
0.000139687
0.0730525
0.0659539
78
0.183325
0.515508
0.00188305
0.775553
0.0940959
0.118265
20
0.00876453
0.0428391
0.0672945
17
0.956261
0.703457
0.00721051
0.94815
0.0453218
0.387411
59
0.00613726
0.0409445
0.27941
97
2.69986
0.266951
0.00336359
0.919125
0.0498389
0.0685027
91
0.00813977
0.0951779
0.465175
22
1.27265
0.502098
0.00519753
0.798411
0.0885783
0.196028
24
0.00157541
0.0436633
0.459683
88
1.36044
0.365578
0.0012482
0.879977
0.0348137
0.227239
33
0.00457617
0.0715712
0.449145
21
3.0734
0.0269315
0.00754342
0.817777
0.0772065
0.443071
74
0.00399976
0.032069
0.30707
41
3.03534
0.458654
0.00586221
0.724741
0.0203606
0.423344
10
0.00470998
0.0318822
0.241584
8
0.157297
0.0933201
0.00820483
0.743832
0.0950197
0.0988771
21
0.00968867
0.0785395
0.0953581
94
3.37596
0.629251
0.00225572
0.934225
0.039955
0.127402
52
0.00508354
0.0668146
0.073473
48
0.914946
0.701826
0.00191297
0.831346
0.0144183
0.445708
95
0.00584402
0.0605866
0.284006
81
2.28431
0.30766
0.00880866
0.843779
0.0947378
0.261589
95
0.0025371
0.0822715
0.160101
10
2.18617
0.0669122
0.00464463
0.943786
0.027094
0.225294
25
0.00970411
0.0620056
0.324243
75
0.806756
0.503073
0.0036071
0.869167
0.0960004
0.228626
22
0.0014225
0.0388586
0.40006
26
0.74683
0.0139605
0.00962269
0.835372
0.0539666
0.476678
89
0.00447943
0.0942117
0.255311
35
3.26736
0.122176
0.00355343
0.844341
0.0948374
0.266458
61
0.00439232
0.0515639
0.149684
36
2.75776
0.0815847
0.00964301
0.721395
0.0162371
0.134601
30
0.00637777
0.0326626
0.365153
29
2.31856
0.421508
0.00169035
0.751863
0.0867911
0.0857871
93
0.0022963
0.0540152
0.406114
71
0.283745
0.34037
0.00688157
0.820517
0.0928561
0.49273
63
0.00174826
0.0905896
0.0160959
39
1.19648
0.202547
0.0091054
0.969691
0.011198
0.299318
20
0.00231149
0.0330152
0.116233
20
0.657179
0.303559
0.00147153
0.806642
0.0648053
0.0555012
4
0.00749789
0.0315283
0.468462
27
2.72034
0.250912
0.00692699
0.886497
0.0972929
0.1618
33
0.000450038
0.0792767
0.204459
22
0.827485
0.615616
0.0043515
0.771395
0.0642963
0.338992
60
0.00500725
0.0717564
0.106966
72
1.0658
0.574265
0.00208959
0.905298
0.0737904
0.473087
94
0.00883752
0.0580931
0.0618675
3
2.86371
0.429919
0.00538784
0.821702
0.031426
0.143405
12
0.0033403
0.0988131
0.473096
45
0.696471
0.159475
0.00628614
0.895226
0.0520561
0.472654
11
0.00748493
0.0171626
0.350684
79
3.68488
0.768091
0.00819643
0.947105
0.0232598
0.155328
1
0.00497863
0.0121213
0.101692
31
0.423185
0.0383173
0.0082522
0.925088
0.077878
0.322633
59
0.00987723
0.0252675
0.00668458
61
2.30794
0.705064
0.00487798
0.876545
0.0165042
0.135872
76
0.00853076
0.0844918
0.39346
57
2.04695
0.375419
0.0085513
0.958108
0.0622502
0.0944505
79
0.00152868
0.0106986
0.244959
35
2.71034
0.778656
0.00867438
0.834493
0.0205357
0.290589
21
0.00054211
0.0110733
0.229353
14
3.18465
0.172689
0.00806519
0.902165
0.0219829
0.207337
9
0.00706758
0.0600793
0.231195
38
3.17482
0.64685
0.002897
0.981293
0.0573418
0.133107
81
0.00215987
0.0624956
0.157362
82
0.90896
0.69007
0.00614907
0.985938
0.0784519
0.079553
7
0.00833635
0.0916837
0.358242
97
0.17747
0.217759
0.00859221
0.829929
0.0672719
0.282993
57
0.0054053
0.0218786
0.201602
76
3.21317
0.189592
0.00805285
0.993966
0.0328345
0.327662
58
0.00962014
0.0702497
0.063351
25
1.9932
0.296516
0.00948512
0.877053
0.0149738
0.26991
94
0.00306417
0.0658087
0.312786
37
1.40478
0.111748
0.00216142
0.792911
0.0468043
0.0103984
14
0.00315991
0.0152783
0.351654
87
2.34625
0.0717587
0.00427178
0.880204
0.0602594
0.259705
70
0.00220212
0.0783873
0.300083
67
2.07121
0.631112
0.00786346
0.819879
0.0285415
0.196893
78
0.00176607
0.022485
0.269822
2
3.12785
0.589106
0.00265186
0.995204
0.0505999
0.035107
22
0.00109311
0.0741536
0.322379
2
0.311895
0.226949
0.00733861
0.920365
0.0924817
0.211695
66
0.000318564
0.0426842
0.425352
50
3.01127
0.695483
0.000304017
0.87212
0.0605872
0.303358
74
0.00186561
0.0885663
0.282196
93
3.95569
0.593115
0.00196747
0.945037
0.0881279
0.39256
5
0.0080605
0.0969793
0.483328
30
0.387786
0.205708
0.00790252
0.991835
0.088996
0.0847357
6
0.00422556
0.0448484
0.0159513
40
1.0035
0.378539
0.00218067
0.913417
0.0263843
0.172792
6
0.000200029
0.0833265
0.37774
24
0.167413
0.513781
0.00154037
0.993208
0.0287815
0.496103
14
0.00923033
0.0219692
0.0534188
3
0.5537
0.405743
0.00760878
0.937611
0.056289
0.31792
56
0.00723621
0.078858
0.00736326
85
0.440368
0.543605
0.0028713
0.976069
0.038869
0.0698233
19
0.00269944
0.0980902
0.292077
71
0.457924
0.600998
0.00898868
0.830482
0.077336
0.489217
92
0.00688505
0.0295306
0.368179
15
3.88972
0.0328346
0.00682379
0.911618
0.0927779
0.447409
43
0.00900531
0.0578197
0.00359001
5
0.241208
0.0707879
0.00697289
0.987227
0.0357127
0.330548
99
0.00817775
0.0169958
0.0522528
93
3.99364
0.480477
0.00194298
0.914822
0.0750757
0.030214
32
0.00609842
0.0369844
0.40992
33
1.49089
0.619747
0.00362769
0.892658
0.0340751
0.302116
26
0.00312612
0.0151918
0.133595
94
1.21487
0.211086
0.00546026
0.730247
0.0385557
0.308046
25
0.00712057
0.0551473
0.0758227
74
2.95839
0.63917
0.00291273
0.938154
0.0362737
0.216294
82
0.00617353
0.0293754
0.0555553
90
1.70081
0.605499
0.00168593
0.982658
0.0722148
0.2783
11
0.00364061
0.0279275
0.203535
19
2.7956
0.364264
0.00996123
0.856822
0.0481551
0.171771
4
0.00864063
0.063905
0.0903676
78
3.41222
0.675438
0.00665355
0.808214
0.0333406
0.361841
45
0.00386897
0.0564883
0.25129
6
2.5351
0.521121
0.00208719
0.871523
0.0601813
0.112331
15
0.00697762
0.068405
0.411221
12
3.36824
0.466756
0.00865093
0.82125
0.0170808
0.025354
79
0.00818057
0.0775636
0.423336
26
2.24148
0.658808
0.00547299
0.903763
0.0572563
0.159715
71
0.00782336
0.09868
0.30802
55
1.8039
0.57494
0.004332
0.720174
0.0335805
0.326561
50
0.00435433
0.0866495
0.15938
99
2.62858
0.331993
0.00490363
0.985621
0.0298883
0.137476
31
0.00669895
0.0975814
0.490642
63
2.62482
0.560665
0.00800545
0.814225
0.0917843
0.190792
20
0.00634556
0.091067
0.478959
27
0.395299
0.663921
0.00904638
0.989823
0.0966415
0.0677589
70
0.00611425
0.0113795
0.140399
11
0.600896
0.246054
0.00152088
0.980795
0.0901209
0.370887
10
0.00640044
0.0707835
0.228538
36
3.11163
0.580732
0.00063061
0.959769
0.0435137
0.183945
57
0.00622966
0.0602378
0.309206
55
2.05911
0.158069
0.00578126
0.864716
0.0164132
0.480162
68
0.00868367
0.0376783
0.361365
66
2.72753
0.244282
0.00164296
0.873791
0.0225824
0.128137
9
0.0075116
0.028927
0.341421
22
3.63302
0.25911
0.00105287
0.973853
0.0857625
0.0524164
95
0.00587975
0.0650329
0.394561
52
3.54718
0.425328
0.00573083
0.749028
0.0568282
0.116378
84
0.000373266
0.0809928
0.493149
69
2.48864
0.441538
0.000129467
0.745137
0.0452226
0.120549
19
0.00520179
0.0523716
0.276322
39
0.989409
0.339337
0.00862852
0.858596
0.0501796
0.131668
72
0.000869627
0.0134052
0.486401
46
3.5081
0.265223
0.00278697
0.81354
0.0137524
0.0639562
84
0.00235675
0.0364271
0.128502
52
2.82833
0.394648
0.00125206
0.744549
0.0236502
0.117423
12
0.000655182
0.0401473
0.0545565
12
3.30049
0.0461082
0.00111275
0.757009
0.0806219
0.0184845
96
0.00606252
0.0919621
0.377087
44
2.86596
0.186467
0.00872228
0.74732
0.0838827
0.10244
51
0.0048038
0.0874811
0.185395
30
1.19781
0.498602
0.00912599
0.916461
0.0509857
0.0465041
38
0.00890999
0.0157477
0.440152
69
2.46582
0.64905
0.00901556
0.761299
0.0995377
0.308803
58
0.00652211
0.0382008
0.472611
39
0.645859
0.72241
0.00783258
0.811915
0.0636734
0.219427
40
0.00763118
0.0425062
0.450498
7
1.72386
0.491737
0.00326522
0.721609
0.0953224
0.0580511
68
0.0080246
0.0348006
0.292649
36
1.49102
0.463316
0.000412832
0.923224
0.0893782
0.437784
58
0.00490671
0.0842358
0.262465
23
3.93124
0.171581
0.00445586
0.923983
0.0283017
0.493522
94
0.00132065
0.0727255
0.370077
70
1.53007
0.101343
0.00442004
0.722216
0.0596833
0.46087
8
0.00243761
0.0895619
0.023659
81
3.66562
0.2098
0.000154474
0.837508
0.0575353
0.154154
53
0.00784607
0.0267368
0.0996078
46
3.0005
0.16855
0.00843932
0.71107
0.0967732
0.238138
9
0.00219065
0.0561718
0.268215
3
1.54085
0.605036
0.00129135
0.89688
0.084713
0.15051
99
0.00708797
0.0180223
0.0226792
59
2.58127
0.048881
0.00162209
0.875732
0.0608067
0.105561
51
0.00666508
0.0195207
0.30189
81
2.48421
0.628622
0.003844
0.807625
0.0194236
0.390001
83
0.00289698
0.0198431
0.319724
75
1.43608
0.793293
0.00709955
0.946318
0.0979128
0.34768
40
0.00979199
0.0121973
0.355616
56
0.976712
0.730762
0.00139221
0.879292
0.0820533
0.174219
86
0.00506839
0.0196983
0.236012
62
1.52842
0.285805
0.000812526
0.702342
0.015067
0.367196
5
0.00166949
0.0661169
0.077359
11
2.84157
0.0245479
0.000958371
0.829622
0.0183434
0.463066
3
0.00473267
0.0828848
0.019024
12
0.860265
0.741606
0.00461926
0.867722
0.0277861
0.354254
52
0.00332346
0.0887392
0.498409
82
3.85431
0.720073
0.00050944
0.815016
0.0865696
0.00926223
34
0.0082702
0.0583327
0.097286
20
1.34326
0.471784
0.00661166
0.908879
0.0215907
0.0825344
64
0.00653574
0.083598
0.113974
89
3.12045
0.409438
0.00667324
0.852568
0.0500353
0.240039
28
0.00952934
0.0627203
0.254407
18
1.62058
0.522323
0.00321848
0.868341
0.0196516
0.0394257
90
0.00491932
0.0104407
0.20961
59
3.7121
0.228946
0.00814993
0.777697
0.0460159
0.382269
88
0.00291481
0.0205938
0.0580799
18
1.47712
0.753534
0.00110746
0.782359
0.0665148
0.458054
49
0.00732149
0.0508689
0.184511
48
1.57889
0.328664
0.00271347
0.776721
0.0894387
0.256388
85
0.00646186
0.0869466
0.0449605
20
3.30996
0.396489
0.00956816
0.981727
0.0807697
0.484329
74
0.00808353
0.0467368
0.124182
8
2.67329
0.00732669
0.00946619
0.881191
0.0671517
0.221404
32
0.0040366
0.0714832
0.437419
81
3.63981
0.128633
0.00103821
0.877811
0.0916514
0.44102
37
0.00421065
0.0394931
0.388326
71
2.88008
0.729362
0.00204664
0.716171
0.0797749
0.0275019
49
0.000528117
0.0102987
0.0315817
91
1.74027
0.486425
0.00350974
0.725762
0.0586829
0.245574
88
0.00227147
0.0201528
0.362981
16
3.0137
0.153447
0.0095287
0.991582
0.024017
0.447036
57
0.00325842
0.0863754
0.0434449
72
1.71322
0.41475
0.00583373
0.956909
0.0174999
0.103733
67
0.00241842
0.0531335
0.252964
88
1.82166
0.00341065
0.00984124
0.936332
0.0250511
0.110735
56
0.00851012
0.0247641
0.312305
88
3.60645
0.558889
0.00396245
0.932902
0.0743771
0.130469
71
0.000977022
0.0780513
0.00906539
100
0.270773
0.38112
0.00374286
0.774573
0.079108
0.236018
45
0.00246818
0.0770151
0.462587
1
2.20928
0.756011
0.00475153
0.7901
0.0407373
0.0240448
15
0.00677386
0.0669992
0.379781
76
0.708275
0.324259
0.00537405
0.866636
0.0418743
0.123115
83
0.00190402
0.028739
0.0337602
50
3.74697
0.043934
0.00902658
0.891486
0.0184792
0.254204
24
0.00425565
0.0462365
0.346976
52
1.03462
0.0781515
0.00468237
0.866179
0.0666056
0.0325207
24
0.00556468
0.0241035
0.0242625
60
3.77609
0.43418
0.00483765
0.786114
0.0554316
0.265031
90
0.00945916
0.0594323
0.487048
73
0.219317
0.774188
0.00765152
0.767117
0.012448
0.269067
93
0.00872204
0.0588955
0.386639
66
1.07491
0.565258
0.00723275
0.923016
0.0127132
0.0889567
73
0.00453328
0.0793341
0.248928
73
2.5243
0.644754
0.00644376
0.840509
0.0815473
0.412279
95
0.00650879
0.0697593
0.247599
15
1.6487
0.621715
0.00852091
0.85559
0.0989727
0.180004
24
0.00139981
0.0734445
0.470318
93
1.13079
0.323514
0.0040245
0.804412
0.0154561
0.0264266
57
0.00768915
0.0750291
0.375076
47
2.6567
0.191421
0.0083118
0.842045
0.0659281
0.0810075
83
0.00171685
0.0370293
0.205355
38
2.54608
0.291162
0.00416881
0.998958
0.0936376
0.157977
16
0.00326809
0.0211923
0.398865
34
0.28738
0.76201
0.00179102
0.709923
0.0135126
0.372293
96
0.00775403
0.0419818
0.46357
90
3.53504
0.533203
0.00249362
0.729086
0.0533188
0.0739812
26
0.00112537
0.0950085
0.260701
55
2.43399
0.673565
0.00275007
0.742455
0.0819132
0.413707
65
0.00136709
0.0926329
0.257992
43
3.27677
0.373671
0.00503421
0.711754
0.0887033
0.285235
16
0.00939404
0.0262849
0.311261
13
1.2629
0.567711
0.0078427
0.984857
0.0107379
0.377346
36
0.0001154
0.0623111
0.338545
83
3.43257
0.403134
0.00939491
0.792605
0.0463344
0.176441
35
0.00509772
0.0312341
0.206157
92
3.03435
0.0919199
0.00309724
0.963788
0.0645266
0.416463
3
0.00995058
0.038026
0.285105
39
0.259126
0.529345
0.00482409
0.708347
0.0998748
0.100339
80
0.00667598
0.0567444
0.114917
84
2.33521
0.309185
0.00144508
0.943036
0.0442099
0.125763
35
0.000613928
0.0974519
0.0143228
64
0.685919
0.0980551
0.00705865
0.949255
0.0497512
0.403457
19
0.00232412
0.0536557
0.482209
43
3.41755
0.319956
0.000241399
0.930587
0.0708504
0.289122
27
0.00965069
0.0912937
0.408604
67
0.899785
0.170139
0.00770196
0.973251
0.0679617
0.318927
4
0.000849578
0.0353608
0.00577659
10
0.874569
0.0547446
0.0089291
0.733533
0.0718796
0.401377
49
0.00262467
0.0917384
0.43216
42
3.0979
0.401993
0.00254847
0.941459
0.0755247
0.292485
14
0.00920332
0.0359102
0.288862
82
2.94109
0.751765
0.00731213
0.966387
0.0365326
0.0178802
2
0.00144586
0.0797103
0.0877331
46
1.71976
0.400432
0.00975336
0.889801
0.0292317
0.409063
59
0.00352404
0.0805193
0.438962
34
1.95804
0.293617
0.00945852
0.887329
0.0817697
0.149351
62
0.00791605
0.082657
0.347327
31
2.61065
0.542599
0.00616425
0.853828
0.0378739
0.192344
35
0.00293476
0.0608367
0.398149
59
2.94694
0.714528
0.00887904
0.705966
0.0444534
0.0190631
76
0.00934605
0.0334827
0.406887
7
0.610496
0.01888
0.00643386
0.82742
0.0840355
0.240988
86
0.000193473
0.0409965
0.250018
30
1.22438
0.775958
0.00301081
0.841032
0.022301
0.0983509
66
0.00562093
0.0693503
0.217213
79
1.98343
0.371372
0.00804074
0.739508
0.0106617
0.248322
87
0.00117669
0.0539168
0.173196
83
1.29945
0.243452
0.00530783
0.85937
0.0260287
0.202862
32
0.00265957
0.0957013
0.227233
14
2.12116
0.200815
0.00951434
0.701471
0.0880527
0.276324
58
0.000622426
0.0206646
0.430432
17
2.08708
0.126183
0.00601989
0.957464
0.0464979
0.430783
50
0.0058094
0.0621481
0.391557
29
1.83178
0.0951357
0.00554185
0.918762
0.061486
0.107032
82
0.00796687
0.0777618
0.0489198
43
2.8891
0.6646
0.00560931
0.809329
0.0458525
0.237252
96
0.00431648
0.085075
0.185893
60
2.92729
0.563635
0.0054329
0.822805
0.0911736
0.358227
41
0.000636755
0.0520634
0.188065
41
1.55143
0.116936
0.00933432
0.859989
0.0427532
0.10174
11
0.00599485
0.0268572
0.410548
63
3.35169
0.449095
0.000841817
0.946862
0.0804779
0.433171
22
0.00303418
0.0165625
0.321694
4
0.69336
0.51933
0.0034799
0.87331
0.0197507
0.391993
92
0.00207045
0.0661997
0.48803
15
2.39916
0.124077
0.00377238
0.797856
0.0605391
0.333184
84
0.00488851
0.0422556
0.196733
40
1.62526
0.581505
0.00991073
0.703229
0.0469603
0.323936
17
0.00963215
0.0857153
0.373808
80
0.574202
0.0158926
0.00558352
0.75601
0.0701328
0.0220313
62
0.00776906
0.0587466
0.325213
16
1.10038
0.19755
0.00341848
0.796557
0.0177902
0.121935
39
0.00523475
0.0543132
0.420477
79
3.47649
0.0758607
0.00345991
0.914196
0.0906137
0.145858
18
0.00881193
0.050061
0.278032
65
1.31329
0.0987595
0.00521731
0.753721
0.093168
0.39529
53
0.00935717
0.0688213
0.363284
7
2.3731
0.337058
0.00799431
0.996838
0.0386345
0.48284
16
0.00597042
0.0678123
0.104305
71
1.60272
0.796376
0.00763819
0.854875
0.0634923
0.48788
75
0.00989174
0.0135679
0.408013
49
3.16464
0.608419
0.00895492
0.867141
0.0594828
0.0434722
96
0.000169919
0.0260346
0.151381
62
0.455724
0.156105
0.00502231
0.769083
0.0188905
0.3993
75
0.00590024
0.0271682
0.421552
89
0.838354
0.298993
0.00679634
0.888974
0.0412499
0.30455
48
0.00959983
0.0965888
0.33106
59
1.91123
0.651155
0.00698844
0.768017
0.0799206
0.230392
61
0.00905229
0.0956722
0.246011
87
0.528486
0.389375
0.000199935
0.731874
0.0565411
0.315987
13
0.00805172
0.0464995
0.0803688
50
1.7364
0.797027
0.00117018
0.818212
0.0271512
0.294535
53
0.00056712
0.0721084
0.120252
44
3.60328
0.610658
1.66691e-05
0.825732
0.0683687
0.328512
44
0.00921377
0.0186405
0.494985
21
2.85174
0.25587
0.00834789
0.857989
0.0432022
0.273387
39
0.000478267
0.0743374
0.230255
41
2.10887
0.549424
0.00146479
0.772235
0.0280793
0.469187
92
0.000780101
0.0276821
0.280544
63
1.58698
0.697397
0.00914157
0.899896
0.0619626
0.091692
85
0.00267452
0.078984
0.310032
51
3.44217
0.545067
0.00535743
0.904846
0.0871969
0.233982
86
0.00108435
0.0748277
0.180313
85
1.63513
0.578466
0.00459573
0.952667
0.0212288
0.456645
19
0.00542805
0.0461445
0.214676
44
0.320154
0.677967
0.00995259
0.862163
0.0833148
0.0783505
31
0.00115902
0.0570122
0.0297176
48
3.81599
0.14507
0.00568839
0.927188
0.0697765
0.0444551
75
0.00992994
0.0736329
0.169959
53
0.303885
0.393588
0.000627483
0.823528
0.0625308
0.450404
63
0.00660938
0.0830806
0.167038
98
2.95164
0.680119
0.00517365
0.901933
0.0734761
0.311772
36
0.000228877
0.0627926
0.135867
74
3.33495
0.726619
0.0097848
0.818746
0.0217059
0.0379478
28
0.00999458
0.0308569
0.327385
69
1.51186
0.660998
0.00612973
0.702668
0.0390791
0.199756
56
0.000138108
0.0972726
0.197635
12
3.42365
0.225063
0.00649456
0.897811
0.0826977
0.108279
54
0.00865803
0.0399665
0.141961
5
3.82787
0.527922
0.00571911
0.748069
0.030541
0.0885183
14
0.00518231
0.0445095
0.0856878
58
3.29354
0.327864
0.00592798
0.730563
0.0963934
0.0867956
45
0.00643291
0.0923845
0.0174859
84
0.73945
0.46984
0.00425969
0.712606
0.0985089
0.00867704
30
0.00379267
0.0759173
0.492705
5
2.25493
0.181333
0.00853922
0.936159
0.0766373
0.050563
8
0.00820302
0.0231804
0.389998
26
2.32502
0.119528
0.000792189
0.85033
0.097542
0.222866
43
0.00716831
0.0900437
0.0722149
33
0.228374
0.680733
0.00533151
0.842395
0.0490618
0.455419
3
0.00527307
0.0611949
0.194529
76
1.91701
0.532588
0.00439808
0.945529
0.0831155
0.194731
38
0.00462724
0.089532
0.0464202
18
0.798873
0.688057
0.00926182
0.973951
0.0628865
0.335338
51
0.0025298
0.0276027
0.0287163
7
2.29623
0.31065
0.00775178
0.932038
0.024231
0.183414
36
0.0025913
0.0871196
0.188676
37
2.64212
0.118407
0.00860355
0.833147
0.0383884
0.0541526
96
0.00374403
0.0374466
0.0365408
71
1.92657
0.0117903
0.00759735
0.735756
0.0401345
0.142683
27
0.00675451
0.0517571
0.147898
33
2.40382
0.52401
0.00918963
0.990685
0.0655359
0.150801
91
0.00297297
0.047496
0.429732
74
3.99142
0.0129408
0.00564079
0.847831
0.0177042
0.210435
39
0.000431819
0.0646703
0.236692
72
3.1696
0.314399
0.00716455
0.787748
0.0153739
0.20142
8
0.00695907
0.0127985
0.40163
2
1.59146
0.0441768
0.00414099
0.837674
0.0191118
0.385991
34
0.00558958
0.0439109
0.122978
1
3.14607
0.747804
0.00856514
0.75447
0.0236958
0.205866
46
0.00400638
0.0928799
0.0124912
57
0.444543
0.675088
0.00930706
0.749179
0.0397169
0.256629
89
0.00198311
0.0671371
0.119727
9
2.54967
0.420047
0.00311789
0.762792
0.0704018
0.10917
68
0.00475403
0.0333359
0.211803
27
1.78062
0.141784
0.00300072
0.752692
0.0344238
0.35502
21
0.00957653
0.0227979
0.405177
9
0.380375
0.354847
0.00793284
0.727919
0.0103014
0.364194
12
0.00407904
0.0259648
0.0765154
67
0.920743
0.167059
0.00228637
0.9011
0.0970103
0.37842
41
0.00713448
0.0676252
0.272881
98
2.45083
0.174964
0.00624515
0.779594
0.0273272
0.193043
4
0.000355614
0.0402436
0.337847
57
2.03988
0.51046
0.00497981
0.746156
0.0456571
0.407799
30
0.00729798
0.0344135
0.139649
38
3.73371
0.258261
0.00294123
0.90638
0.0319266
0.345076
32
0.00754164
0.0548929
0.0445279
95
0.679627
0.508493
0.000918005
0.872815
0.0618295
0.32209
74
0.00547482
0.0754536
0.368332
92
0.295065
0.569007
0.00635263
0.926251
0.0167151
0.144609
67
0.000240016
0.0192672
0.20804
38
2.21893
0.249272
0.00331633
0.718104
0.0157555
0.113427
44
0.00779826
0.0283386
0.175278
37
0.201432
0.461398
0.00630916
0.812952
0.0561211
0.0474699
99
0.00384887
0.0454314
0.091737
19
0.638591
0.0731009
0.00446973
0.82552
0.0246811
0.158876
89
0.00733951
0.0752302
0.150478
97
3.88012
0.55681
0.00838232
0.904181
0.0748173
0.439821
72
0.00240491
0.0890843
0.456541
77
2.84778
0.617125
0.00478161
0.784475
0.0830656
0.453176
91
0.0052092
0.0879555
0.481353
11
3.1135
0.407147
0.000762452
0.995855
0.0741286
0.347018
10
0.00856976
0.0115001
0.291298
39
1.7918
0.516953
0.00633727
0.76608
0.0142031
0.3406
36
0.00474315
0.0829708
0.136815
94
3.08767
0.0528897
0.00505713
0.778095
0.0478394
0.260748
99
0.00288864
0.0510726
0.475081
63
3.62202
0.35631
0.000649616
0.944082
0.0294824
0.368278
41
0.00465847
0.0860367
0.238381
67
3.87023
0.445517
0.0037536
0.896353
0.0590107
0.163209
53
0.00908633
0.0585855
0.23413
38
1.96595
0.113
0.00871386
0.727026
0.0736143
0.129302
47
0.00302344
0.0913667
0.38166
84
0.772475
0.530936
0.000778335
0.766719
0.0350828
0.439096
73
0.00356471
0.0508546
0.239694
83
2.3114
0.277305
0.00507257
0.738952
0.0588527
0.115229
69
0.00124372
0.0137934
0.106666
7
3.94632
0.653836
0.0097305
0.778645
0.0753738
0.18674
13
0.00577537
0.0811214
0.390759
96
2.18375
0.444369
0.00730258
0.845132
0.0430931
0.292384
99
0.00618486
0.0416539
0.293939
22
0.59305
0.13002
0.00652372
0.90793
0.0446284
0.080678
28
0.00460042
0.0354611
0.315455
10
0.854617
0.457589
0.00322791
0.853574
0.0875432
0.459742
67
0.00106314
0.0991054
0.218487
32
2.39143
0.143883
0.00471585
0.75993
0.0110053
0.214032
8
0.00740017
0.0959301
0.246932
91
3.48417
0.558241
0.00970589
0.839922
0.0113864
0.421004
87
0.00841264
0.0600055
0.0837176
49
2.99548
0.27188
0.00639425
0.831644
0.0585455
0.367737
70
0.00317553
0.0634765
0.435141
53
3.65184
0.607156
0.00047885
0.983384
0.0304069
0.013079
85
0.00280642
0.0595435
0.0895649
24
2.50812
0.214069
0.005281
0.961811
0.0200619
0.490536
40
0.00437671
0.0840975
0.0269274
22
2.22937
0.300336
0.00407781
0.896126
0.0981238
0.298172
42
0.00281598
0.0111067
0.222679
42
2.78608
0.652618
0.00776493
0.832544
0.0878077
0.432137
78
0.0073826
0.0935854
0.17882
32
0.331456
0.00971197
0.00752167
0.805798
0.0441694
0.380615
61
0.00124875
0.0383828
0.383319
21
0.973343
0.754124
0.000713781
0.738342
0.0255731
0.313187
47
0.00702251
0.0995615
0.317291
56
2.9815
0.0804506
0.00736418
0.78139
0.0381733
0.0450085
87
0.00300356
0.0405554
0.0595225
88
3.90825
0.0621788
0.00672131
0.930188
0.0285117
0.435489
53
0.00888095
0.0858241
0.216221
14
3.49886
0.0047787
0.00171401
0.77356
0.0206933
0.0293865
76
0.00735803
0.0525375
0.126518
35
0.581248
0.720508
0.00663798
0.949514
0.0864678
0.249621
68
0.00188334
0.0772133
0.25236
44
2.08461
0.315988
0.00328292
0.917213
0.0329151
0.121528
45
0.00322312
0.0431824
0.30247
37
2.13325
0.432387
0.00579958
0.97047
0.0188152
0.204551
64
0.00283908
0.0968935
0.0683202
95
1.0725
0.73269
0.00201102
0.916804
0.0845636
0.201633
70
0.00932011
0.0634523
0.0355389
32
3.15293
0.0887382
0.00942726
0.966785
0.0372306
0.371552
40
0.00949693
0.0306533
0.296584
62
2.03051
0.490709
0.00138181
0.91033
0.0490574
0.331723
33
0.00810381
0.0713566
0.446295
77
0.496668
0.334746
0.00959744
0.962877
0.0770645
0.376503
53
0.00937164
0.0498891
0.200263
6
3.3857
0.105542
0.00673599
0.965144
0.0319703
0.426417
87
0.00757927
0.075572
0.352759
74
3.07619
0.234088
0.00794632
0.974912
0.0730726
0.406253
76
0.0093
0.0961618
0.265057
63
1.29305
0.683026
0.00245205
0.786767
0.0230623
0.181842
84
0.0072229
0.0740695
0.353701
28
0.761224
0.586024
0.00251692
0.75115
0.0323279
0.349577
60
0.00841617
0.0513982
0.44602
17
1.317
0.385585
0.0062825
0.922004
0.0395741
0.0518854
77
0.000826417
0.0280277
0.180857
10
3.34359
0.495776
0.00597462
0.934682
0.0854399
0.209375
45
0.00663366
0.0492797
0.496248
7
0.378002
0.57288
0.0047383
0.782978
0.0114765
0.0347357
11
0.00346842
0.0766622
0.479446
92
2.9134
0.711586
0.000583981
0.891975
0.0101485
0.0757926
69
0.00924975
0.0675248
0.1692
19
3.31929
0.419418
0.00319341
0.836932
0.0775577
0.245453
44
0.00426163
0.0572816
0.31882
74
1.38116
0.392444
0.00525674
0.91242
0.0345004
0.123973
11
0.00365558
0.0576756
0.349002
78
2.59857
0.504549
0.00359668
0.836259
0.0279282
0.0600617
51
0.00356837
0.0774563
0.428292
94
3.46732
0.131661
0.00752756
0.723766
0.0678622
0.0232272
43
0.00145639
0.0229633
0.117818
52
0.481933
0.535363
0.00430926
0.900447
0.0909059
0.148017
41
0.00793768
0.0327538
0.26897
35
3.86733
0.18352
0.00107638
0.802235
0.0872807
0.0591107
6
0.00286152
0.0855374
0.233253
46
1.77606
0.0185173
0.00609174
0.883231
0.0550459
0.012602
71
0.000411221
0.0615598
0.218656
89
0.407788
0.767709
0.00610672
0.803947
0.0757525
0.134777
25
0.00093877
0.0372235
0.458595
25
3.56551
0.538842
0.00231769
0.95305
0.0827735
0.0831924
33
0.00568539
0.0395521
0.274615
44
3.58974
0.280261
0.00450984
0.736706
0.030795
0.466219
59
0.00209113
0.0366747
0.378283
95
0.98489
0.654806
0.000929803
0.833637
0.0906773
0.279549
81
0.00273537
0.0689373
0.187445
54
3.54071
0.33625
0.00581296
0.737847
0.0422514
0.454791
95
0.00159391
0.0487364
0.444586
69
1.97732
0.109493
0.00229187
0.799084
0.0447649
0.434725
23
0.00891557
0.0149846
0.371499
47
0.338061
0.686184
0.00607554
0.92787
0.0538301
0.465654
55
0.00997629
0.0655384
0.0785584
17
2.47472
0.283182
0.00239717
0.931913
0.0911998
0.342866
86
0.00799328
0.0224117
0.489906
87
3.76824
0.194636
0.00464911
0.878662
0.0740648
0.217441
52
0.00710818
0.0652538
0.0790778
100
2.10541
0.261412
9.41455e-05
0.779241
0.0438444
0.497217
85
0.00210723
0.0154084
0.334128
13
1.09232
0.151131
0.00280215
0.742708
0.0988997
0.281532
17
0.00405865
0.0199291
0.432046
5
2.09381
0.0954801
0.000672531
0.757886
0.0242094
0.0116834
83
0.00563205
0.0803212
0.366863
3
3.85121
0.293261
0.00422944
0.950297
0.0117273
0.104337
97
0.00824714
0.0795135
0.0102866
92
2.12951
0.64089
0.00559657
0.715717
0.0768364
0.174662
90
0.00685301
0.048314
0.343897
86
0.571154
0.733052
0.00676648
0.797362
0.0751996
0.305954
10
0.00525895
0.0807094
0.26689
37
2.81907
0.192978
0.00491402
0.788537
0.0208744
0.486348
61
0.0067993
0.0257004
0.305626
28
3.65273
0.770673
3.99447e-05
0.737379
0.0728539
0.300616
73
0.00151679
0.0476698
0.443308
48
0.273451
0.234387
0.00746234
0.758954
0.0139531
0.00458435
73
0.00465176
0.0472778
0.22633
94
1.87563
0.239209
0.00875409
0.990072
0.0580718
0.0668074
15
0.00860652
0.0440802
0.138054
66
3.67113
0.460743
0.0017578
0.920959
0.0521971
0.443118
57
0.0081263
0.0985563
0.359958
54
0.369968
0.182747
0.00238717
0.967395
0.0924353
0.300291
88
0.00249835
0.0496141
0.12264
96
3.90087
0.161385
0.00102186
0.717173
0.0548326
0.396293
2
0.00533194
0.0997971
0.213955
64
1.41894
0.318597
0.00189306
0.741725
0.0494219
0.449143
29
0.00762197
0.0502183
0.385061
47
3.51453
0.305918
0.00349932
0.963461
0.0141399
0.35665
48
0.00615496
0.0853429
0.0646877
85
0.417536
0.537654
0.000378131
0.723148
0.0425004
0.152114
63
0.00203841
0.0647378
0.271381
40
3.34487
0.771616
0.0040394
0.921698
0.054504
0.0479167
10
0.00155844
0.0889382
0.231675
54
1.51624
0.547412
0.00773112
0.810121
0.0126318
0.427691
37
0.00592688
0.0541908
0.156628
64
1.05592
0.231318
0.00749955
0.903131
0.0669684
0.0636384
47
0.00990632
0.0563918
0.455041
90
3.96654
0.737401
0.00116831
0.929072
0.0891219
0.409424
18
0.000586532
0.0189673
0.100348
25
1.4613
0.058228
0.00695604
0.70115
0.0621271
0.470136
98
0.00180586
0.0699429
0.412338
57
2.53215
0.0833808
0.00358392
0.793289
0.0964463
0.267111
19
0.00443794
0.0532228
0.0484723
33
2.66751
0.278607
0.00268105
0.940496
0.0897174
0.333505
66
0.00307501
0.0338545
0.0653919
41
0.625111
0.220136
0.00850058
0.706377
0.0353148
0.316976
7
0.00693305
0.0977458
0.102074
2
0.845978
0.511421
0.000253662
0.884421
0.0551873
0.348934
77
0.00496345
0.0296402
0.491495
49
0.929639
0.500737
0.00385588
0.845513
0.0782478
0.242001
30
0.00149186
0.0191057
0.234537
31
3.59254
0.526065
0.00823705
0.849249
0.070029
0.168405
56
0.00162845
0.0728722
0.282546
11
3.71564
0.0586625
0.00700663
0.783296
0.058374
0.0765483
77
0.00767935
0.0222139
0.23946
61
0.614892
0.207807
0.00241601
0.772383
0.0367478
0.424612
60
0.00770995
0.0654309
0.393079
29
2.26376
0.66042
0.00221928
0.725297
0.0711742
0.0421252
25
0.000706501
0.055362
0.22542
14
1.44762
0.759308
0.0018431
0.804681
0.0510596
0.436945
66
0.00664053
0.0686607
0.448554
75
1.75243
0.584559
0.00127873
0.97769
0.0257391
0.481254
47
0.00172466
0.0769
0.371029
68
0.938737
0.68384
0.00392814
0.898126
0.085898
0.467441
40
0.00794105
0.0779473
0.259989
61
3.05346
0.344314
0.00980213
0.885602
0.0519136
0.306414
14
0.000878606
0.0656531
0.0820313
73
1.76224
0.331095
0.000876368
0.828599
0.092081
0.257902
89
0.00875037
0.0412803
0.144062
4
3.89352
0.00793638
0.0036563
0.841333
0.0302222
0.296694
27
0.00619954
0.0162664
0.00886402
45
1.94807
0.0284226
0.00379482
0.769533
0.035917
0.119067
47
0.00855404
0.0160292
0.264412
46
1.00749
0.290036
0.00960071
0.855358
0.0259499
0.0367387
16
0.00179155
0.0184421
0.331367
47
3.68162
0.063633
0.00514706
0.851597
0.0725016
0.132238
75
0.00725655
0.034124
0.086377
64
3.69875
0.404317
0.00305185
0.954409
0.0942992
0.397833
79
0.00215362
0.0732907
0.224509
68
2.55978
0.0376617
0.00992435
0.888718
0.0746752
0.475657
72
0.00101011
0.072411
0.0689321
80
0.207678
0.0311579
0.00706677
0.750404
0.0508421
0.0962443
22
0.00904106
0.0255208
0.191478
54
0.354896
0.795174
0.00925671
0.874634
0.0991463
0.138015
2
0.001207
0.0298323
0.113381
32
3.26581
0.623241
0.00522747
0.811038
0.0267813
0.479337
35
0.00067723
0.0640021
0.360517
6
0.541818
0.175316
0.00746674
0.82657
0.0118603
0.0923878
66
0.00977676
0.024431
0.193133
86
0.670996
0.724599
0.00890367
0.813888
0.0530911
0.23244
39
0.000765988
0.0421149
0.242913
36
1.34754
0.351672
0.00595673
0.713867
0.090418
0.458958
63
0.00409842
0.0176639
0.474676
11
0.214427
0.483468
0.00259324
0.997816
0.0374127
0.382097
16
0.00165435
0.0558572
0.358649
29
1.66276
0.760281
0.00955308
0.959359
0.0796328
0.290379
5
0.0063133
0.0878068
0.0987786
42
2.57556
0.506453
0.002543
0.77054
0.0335634
0.394909
80
0.00372675
0.0847526
0.0399377
79
2.60823
0.494751
0.00564576
0.984055
0.0409856
0.0148613
31
0.0037743
0.0339682
0.0203532
26
3.32228
0.689202
0.000530384
0.951588
0.0860778
0.422932
4
0.00113627
0.0247492
0.200926
22
3.22825
0.417044
0.000566931
0.965712
0.0513992
0.441592
48
0.00896997
0.0979364
0.158473
4
1.44228
0.068729
0.00889698
0.994731
0.0484614
0.385053
17
0.0063256
0.0719286
0.0936437
50
1.65571
0.61291
8.5372e-05
0.980189
0.0634199
0.303544
9
0.00295593
0.093753
0.395956
84
2.36716
0.275365
0.00668955
0.881768
0.0311741
0.374639
12
0.00200106
0.0237764
0.153356
100
2.01065
0.368492
0.00283841
0.956409
0.0314141
0.44412
5
0.00031033
0.0816693
0.44799
13
1.03875
0.0348122
0.00789044
0.988526
0.0309562
0.461597
22
0.00345946
0.0573447
0.171634
26
1.15949
0.551531
0.00243875
0.852408
0.0487535
0.24315
97
0.00605609
0.0429529
0.177337
56
0.471156
0.115258
0.0077081
0.72866
0.0690466
0.218106
20
0.000735138
0.083632
0.345596
74
1.94153
0.262726
0.0071914
0.839024
0.0929849
0.235393
92
0.000729982
0.0174984
0.328989
93
2.34845
0.13545
0.00486481
0.715413
0.0404107
0.255215
63
0.00567893
0.0243169
0.178085
42
1.67098
0.562858
0.000464114
0.799285
0.0952552
0.139858
23
0.00552075
0.0126521
0.0412088
28
1.84074
0.467852
0.00847886
0.861235
0.076251
0.365721
74
0.00898149
0.0846815
0.340176
61
1.08469
0.110944
0.00157015
0.976478
0.043356
0.00515762
68
0.00468588
0.0269736
0.167964
3
1.50378
0.215747
0.00396758
0.745742
0.0471436
0.28837
51
0.000282026
0.0820619
0.402297
60
0.823241
0.596983
0.00155293
0.989195
0.0193276
0.3101
37
0.00916185
0.0807513
0.287797
67
2.80694
0.270227
0.00728064
0.919494
0.0715892
0.471204
48
0.00681504
0.0478534
0.273774
58
1.15002
0.280707
0.0078203
0.915673
0.0221549
0.488499
54
0.0094165
0.0786438
0.108573
95
3.09086
0.725385
0.00833967
0.815569
0.0693002
0.106669
61
0.00727378
0.049194
0.241403
65
2.02034
0.387345
0.00968831
0.723997
0.0322433
0.411434
5
0.00594458
0.0632359
0.439861
70
3.75776
0.0333953
0.00390014
0.941752
0.0414224
0.337063
54
0.00684472
0.0664253
0.424792
15
1.02294
0.341679
0.00134316
0.791294
0.0534852
0.205193
80
0.00102424
0.0204376
0.343099
86
1.68886
0.0563354
0.00367193
0.802886
0.0844958
0.494071
31
0.00204197
0.0301016
0.297429
99
2.28703
0.104564
0.00494991
0.788073
0.0726665
0.373433
52
0.00659113
0.0692172
0.207438
27
0.239378
0.186345
0.00812432
0.710433
0.0331412
0.337886
21
0.00382842
0.0695623
0.131044
23
2.5695
0.0769161
0.00690398
0.937058
0.0132471
0.334866
21
0.00691091
0.0503575
0.0507017
68
0.626683
0.0854988
0.00640795
0.969953
0.076566
0.41068
29
0.00886088
0.0994061
0.154598
59
1.37333
0.382073
0.00223432
0.806047
0.0528006
0.343408
70
0.00758825
0.0909626
0.111884
73
0.190709
0.229616
0.00369593
0.90744
0.078752
0.267751
64
0.00238639
0.0944965
0.0621602
65
3.47138
0.254854
0.00735526
0.734748
0.0438355
0.32575
23
0.00657178
0.063809
0.0602994
44
1.60826
0.189121
0.00354548
0.978682
0.0631217
0.499341
98
0.00781564
0.0386861
0.485154
84
3.97339
0.637241
0.00976654
0.975416
0.0104028
0.388927
27
0.00626841
0.0273958
0.0184696
18
3.52698
0.247809
0.00453425
0.928816
0.0369061
0.15368
18
0.00673364
0.0292167
0.0567562
99
1.21113
0.624799
0.00119089
0.717577
0.0899544
0.239328
44
0.00184627
0.018156
0.314365
63
1.45331
0.312108
0.00263925
0.869651
0.0686543
0.198257
34
0.00413707
0.0673412
0.287338
51
0.359695
0.148958
0.00817074
0.918126
0.0263525
0.0413582
55
0.00330492
0.0442694
0.304202
53
3.02178
0.791181
0.00304663
0.882163
0.0625663
0.223827
15
0.00557279
0.010016
0.373175
5
3.98078
0.106499
0.00740178
0.800713
0.0825096
0.25941
100
0.00882875
0.0801203
0.417705
93
2.42735
0.479343
0.00429497
0.942621
0.0566808
0.207902
69
0.00719062
0.0518147
0.0738548
71
2.8148
0.350353
0.000366737
0.948615
0.0788331
0.448767
67
0.00147933
0.0451963
0.0518575
91
1.12218
0.348276
0.00592189
0.865198
0.0612483
0.311147
23
0.0035924
0.0505235
0.103699
53
1.25822
0.549023
0.00220118
0.761812
0.0884012
0.400426
36
0.00272641
0.0546358
0.0394148
20
1.18839
0.347016
0.00599732
0.960647
0.0379606
0.00683838
93
0.00554214
0.0145945
0.427578
91
0.659296
0.784139
0.00808491
