0.70029
0.0584993
0.402191
59
0.00524479
0.292687
0.0220384
0.100553
74
0.948513
0.0355563
0.0908168
22
0.00163782
0.416502
0.034053
0.207709
34
0.991933
0.187655
0.485666
10
0.000863062
0.948107
0.0833717
0.176869
58
0.790904
0.166619
0.14638
79
0.00348795
0.499689
0.0315226
0.306511
2
0.890841
0.0464303
0.335913
74
0.00547638
0.430523
0.0313946
0.423113
25
0.967719
0.19245
0.37212
25
0.000711615
0.950152
0.0645563
0.0340115
47
0.939297
0.102163
0.0357119
11
0.00157839
0.528816
0.0552005
0.0103044
66
0.868695
0.140856
0.278613
12
0.00655916
0.300866
0.0454045
0.455526
13
0.746464
0.180096
0.23832
42
0.00781136
0.250106
0.0473176
0.0833863
19
0.995538
0.0889799
0.270464
71
0.00856448
0.926277
0.0581466
0.369804
35
0.774847
0.00161804
0.361019
59
0.00805119
0.184481
0.0467944
0.13688
93
0.930999
0.165461
0.0453002
71
0.00579633
0.0141159
0.0148162
0.440399
35
0.756569
0.0956253
0.476927
65
0.00334059
0.331491
0.0370239
0.462526
18
0.954014
0.128336
0.117144
35
0.000274403
0.0182765
0.0995703
0.277249
62
0.914929
0.0439499
0.427863
45
0.000746736
0.76965
0.0516217
0.38323
39
0.830011
0.19929
0.0787328
44
0.00600104
0.0307099
0.0474543
0.272485
84
0.777309
0.0821077
0.0157758
42
0.00493363
0.819707
0.0689727
0.0646728
60
0.925088
0.140248
0.0268026
93
0.00517014
0.911969
0.0923001
0.0535642
67
0.866581
0.0494893
0.073303
78
0.00297023
0.762353
0.0662188
0.449734
40
0.831271
0.124103
0.16622
62
0.00554616
0.376767
0.058011
0.378091
67
0.762351
0.0897381
0.160429
5
0.00466869
0.125263
0.0866336
0.101879
54
0.780679
0.162063
0.239373
34
0.00966288
0.709995
0.08518
0.107942
76
0.94294
0.179696
0.435216
29
0.0065286
0.813366
0.0670738
0.0764181
48
0.859569
0.00690775
0.290509
63
0.00830443
0.224345
0.0682919
0.339618
44
0.820189
0.179008
0.208865
31
0.0062562
0.660278
0.0384473
0.46
94
0.719253
0.0298584
0.411735
40
0.000784635
0.357818
0.0225516
0.156187
87
0.703131
0.190317
0.387948
18
0.00288813
0.0641406
0.0212892
0.389003
50
0.751896
0.035762
0.157597
97
0.00354857
0.587659
0.0401388
0.379657
57
0.707277
0.154721
0.141466
55
0.00622188
0.145996
0.0750993
0.149676
86
0.910664
0.0432659
0.328637
7
0.00411527
0.600506
0.0136074
0.189476
75
0.983334
0.0789634
0.143239
90
0.00375294
0.932084
0.0302602
0.123108
69
0.758535
0.0227924
0.0513516
16
0.00177822
0.425079
0.0152253
0.244691
4
0.864444
0.0758814
0.413013
28
0.000478788
0.989059
0.0248186
0.384286
14
0.976536
0.0677915
0.132134
98
0.00447198
0.883605
0.0991804
0.289131
30
0.843712
0.177764
0.188471
7
0.00496443
0.889862
0.0222949
0.0666618
62
0.763514
0.118327
0.259674
95
0.0013405
0.453994
0.044441
0.313004
37
0.947436
0.0615714
0.0138535
27
0.00498743
0.839532
0.0658857
0.31542
73
0.789139
0.0864818
0.216495
98
0.00626398
0.448917
0.0642059
0.0721913
30
0.91896
0.0634516
0.0533456
13
0.00731927
0.725931
0.0768619
0.271634
46
0.985957
0.0126972
0.231957
65
0.000463567
0.139363
0.0997776
0.386827
89
0.787232
0.166407
0.462668
3
0.00041791
0.383719
0.0252351
0.412702
61
0.9852
0.0925846
0.383875
65
0.00550413
0.876781
0.0271746
0.392046
40
0.922554
0.194625
0.264848
39
0.00812032
0.615978
0.0199725
0.33222
28
0.834752
0.068896
0.44122
38
0.0077724
0.675207
0.0490948
0.379117
75
0.942332
0.0264462
0.481458
95
0.00347439
0.177189
0.0174327
0.184299
95
0.844138
0.0481713
0.198784
5
0.00849329
0.401943
0.0570652
0.223152
7
0.949747
0.06909
0.0477129
77
0.00406755
0.462024
0.0820592
0.167488
60
0.735612
0.097126
0.413359
42
0.00776167
0.916238
0.0802279
0.230739
6
0.776572
0.173274
0.208071
72
0.00397709
0.321421
0.0501414
0.257935
31
0.825806
0.108739
0.100017
56
0.00644783
0.242358
0.0505527
0.121882
93
0.849354
0.0264921
0.102163
96
0.00360928
0.333353
0.0410136
0.118383
27
0.825485
0.069971
0.340519
52
0.00791147
0.403639
0.0382204
0.336225
77
0.70264
0.0735325
0.30552
84
0.00615378
0.870635
0.0369131
0.205491
71
0.797871
0.18613
0.49036
30
0.00926615
0.165271
0.0911311
0.171171
5
0.96289
0.00373732
0.00490932
6
0.00632849
0.573127
0.0890528
0.186792
2
0.990263
0.0551106
0.479207
19
0.00266141
0.553977
0.0599022
0.169224
65
0.803034
0.0275764
0.40907
63
0.00942691
0.457994
0.0987014
0.295356
55
0.933751
0.0939446
0.00355458
5
0.00100039
0.585342
0.0954617
0.084656
2
0.759183
0.078599
0.159102
17
0.00545929
0.170135
0.0838356
0.0595257
12
0.841365
0.0093902
0.0199275
21
0.00591171
0.543573
0.0754206
0.408684
43
0.852333
0.12348
0.325407
30
0.00297694
0.213921
0.083053
0.2359
43
0.745885
0.00387622
0.266093
94
0.00835522
0.0667058
0.0979967
0.148157
84
0.87981
0.170618
0.094209
30
0.00693323
0.069181
0.0630413
0.0547747
94
0.9886
0.181805
0.246339
49
0.00754232
0.21067
0.091502
0.130411
50
0.986848
0.191218
0.358741
93
0.00319341
0.880524
0.0970148
0.0277815
19
0.705878
0.15052
0.240474
20
0.00225569
0.780965
0.0690867
0.202887
2
0.768802
0.105824
0.456893
45
0.000311504
0.110618
0.0397091
0.390493
77
0.938723
0.0621643
0.337384
2
0.00714137
0.731053
0.0653525
0.217589
80
0.799549
0.0448469
0.0575314
19
0.00737267
0.265905
0.0359373
0.236707
79
0.954634
0.0270765
0.470363
50
0.000387162
0.320645
0.0960454
0.179007
27
0.926995
0.0881792
0.0890272
2
0.00910358
0.788332
0.0222077
0.114774
69
0.859796
0.18564
0.374061
78
0.00267837
0.112158
0.0440209
0.156999
43
0.941189
0.0508433
0.362793
18
0.00987403
0.128999
0.0282832
0.0809938
56
0.856488
0.0840737
0.300146
21
0.00735697
0.010669
0.0678886
0.387889
87
0.73248
0.0161504
0.320003
14
0.00149784
0.255007
0.0738366
0.471956
20
0.889392
0.0590473
0.346611
99
0.00379652
0.296642
0.0373633
0.21394
52
0.966906
0.112088
0.443877
86
0.00594206
0.078434
0.0280573
0.0173718
51
0.917652
0.110562
0.321736
83
0.00356749
0.600999
0.0572392
0.160896
4
0.897266
0.131955
0.266942
44
0.00175634
0.0495092
0.0203981
0.0401123
96
0.75997
0.0876238
0.172206
60
0.00869589
0.937014
0.0117259
0.327008
71
0.717043
0.193381
0.370645
4
0.00863291
0.737596
0.0869353
0.048508
61
0.719127
0.13778
0.315762
41
0.00417804
0.446044
0.0404798
0.45056
28
0.849541
0.13389
0.442304
98
0.00676659
0.38204
0.0760816
0.175049
6
0.907145
0.0141112
0.191213
7
0.00506079
0.619486
0.0229643
0.373746
34
0.821563
0.125314
0.308399
58
0.00350886
0.503938
0.0325319
0.143838
80
0.81752
0.0167057
0.114228
22
0.00337107
0.0355175
0.0133065
0.301284
62
0.899335
0.106313
0.174039
4
0.00645889
0.20664
0.0659843
0.480766
84
0.888174
0.129565
0.22466
23
0.00303123
0.826618
0.0318702
0.368478
4
0.757678
0.109961
0.103802
38
0.00202013
0.43526
0.0620465
0.0801875
31
0.922114
0.157504
0.268883
40
0.00139153
0.263026
0.0514176
0.481226
17
0.987415
0.0952001
0.0665106
6
0.00741138
0.406313
0.0104286
0.284853
68
0.867508
0.0388199
0.353606
54
0.00365426
0.0249376
0.046708
0.490304
4
0.707126
0.102565
0.460185
18
0.0088492
0.255749
0.0498792
0.154951
80
0.876998
0.0183451
0.272061
47
0.00459088
0.302737
0.0177855
0.0738756
62
0.859012
0.185077
0.118044
88
0.00122741
0.607378
0.0391248
0.147464
94
0.920825
0.00582894
0.329485
29
0.00252095
0.960638
0.0127562
0.458863
85
0.874119
0.184486
0.434489
53
0.00543615
0.0376464
0.0936389
0.111956
24
0.887696
0.0977318
0.482532
37
0.00763154
0.122178
0.0561902
0.0821776
73
0.865494
0.00631201
0.18126
39
0.00789492
0.712194
0.0880854
0.197063
66
0.930178
0.0406987
0.350318
58
0.00183643
0.230461
0.0343682
0.270967
84
0.846921
0.052577
0.455476
70
0.00352869
0.387484
0.0528834
0.153013
85
0.740703
0.183828
0.199694
8
0.00706345
0.516625
0.0559884
0.239546
38
0.802243
0.186648
0.234545
38
0.0017141
0.086282
0.0545203
0.351878
31
0.794391
0.0219369
0.0302111
73
0.0034496
0.0733788
0.0242241
0.162854
45
0.905221
0.0763915
0.0183335
25
0.00463835
0.783373
0.0211577
0.0114418
26
0.769495
0.0602299
0.465
13
0.00179052
0.715818
0.0303635
0.0897678
36
0.759511
0.10066
0.187113
72
0.00556969
0.591991
0.0714864
0.293853
79
0.876025
0.151877
0.359943
90
0.00168032
0.529605
0.0107312
0.0304031
60
0.721294
0.134073
0.0748058
27
0.00521255
0.348116
0.0619423
0.405843
83
0.836034
0.193845
0.363947
8
0.00569073
0.657029
0.0674771
0.190314
75
0.745225
0.0190135
0.447064
53
0.00134965
0.474979
0.0632498
0.421676
32
0.740359
0.128469
0.0993789
51
0.00398849
0.887058
0.0186871
0.0380345
2
0.747376
0.136031
0.195001
43
0.00800923
0.921988
0.0825552
0.146065
21
0.71833
0.142061
0.394117
23
0.0045661
0.67906
0.0414802
0.121636
63
0.854037
0.168098
0.282007
61
0.00710914
0.53552
0.0536489
0.428307
64
0.914233
0.01436
0.404994
81
0.00052094
0.464725
0.0896436
0.203631
67
0.815009
0.0287968
0.421461
55
0.00609543
0.514737
0.0796494
0.322739
29
0.991299
0.081562
0.36438
77
0.00384878
0.568934
0.091604
0.410972
49
0.812004
0.156009
0.151695
86
0.00322706
0.307683
0.0955471
0.466885
86
0.750603
0.0670728
0.436869
73
0.000842363
0.756288
0.0448555
0.16464
41
0.757097
0.0178817
0.151923
97
0.00424032
0.64889
0.0118795
0.39459
45
0.733519
0.0594408
0.292069
14
0.00838272
0.521501
0.018583
0.267948
15
0.927787
0.021302
0.300961
19
0.00112412
0.141084
0.0639842
0.158231
79
0.713874
0.104829
0.494959
16
0.00324106
0.717671
0.0686545
0.452247
17
0.915963
0.0885893
0.458189
48
0.00341819
0.631749
0.0335374
0.164854
96
0.798098
0.0571334
0.324432
95
0.0018839
0.199339
0.0207964
0.209427
74
0.788382
0.158122
0.0680405
46
0.00159697
0.683816
0.0876223
0.414219
89
0.761467
0.0753741
0.398812
79
0.0066192
0.55173
0.0953137
0.182283
100
0.722791
0.0313438
0.310704
37
0.000115768
0.733573
0.0351033
0.124932
49
0.752428
0.092109
0.414372
64
0.0092365
0.419485
0.076653
0.136582
58
0.960952
0.04266
0.260653
40
0.00754859
0.584337
0.0347448
0.343173
86
0.779258
0.123747
0.0104581
83
0.00262495
0.906305
0.0587494
0.215809
22
0.710625
0.0776288
0.138804
5
0.00054976
0.713073
0.0363985
0.265988
26
0.998891
0.0651213
0.384586
56
0.00947303
0.964197
0.059324
0.00275804
95
0.81174
0.153229
0.480641
58
0.00786403
0.105025
0.0863669
0.274178
58
0.839
0.0362713
0.42436
66
0.00193303
0.20478
0.0348689
0.298569
79
0.787509
0.00759695
0.353267
75
0.00335947
0.703347
0.0612906
0.413963
36
0.966181
0.027707
0.192358
33
0.00261374
0.75684
0.0603931
0.447437
38
0.944127
0.0664126
0.296733
57
0.00768286
0.808463
0.0373535
0.376016
41
0.941874
0.0170982
0.169464
79
0.00617091
0.0913569
0.0214853
0.327974
93
0.816157
0.057795
0.428694
22
0.00702587
0.441541
0.0294007
0.104123
16
0.843345
0.0708059
0.248794
85
0.00540753
0.326805
0.0321645
0.304307
51
0.886827
0.0348375
0.235894
35
0.000967739
0.722854
0.0455146
0.00767006
44
0.731226
0.0461459
0.149652
50
0.00187084
0.0414565
0.030964
0.0991875
8
0.709376
0.160382
0.153145
41
0.00748696
0.748214
0.0790198
0.036583
88
0.782001
0.0719686
0.392975
70
0.00511943
0.298103
0.0673903
0.304789
81
0.814564
0.024868
0.418059
33
0.00089436
0.594115
0.0702497
0.281255
15
0.752884
0.115504
0.120342
12
0.00390541
0.189005
0.0605767
0.150982
92
0.960184
0.0501282
0.00266597
49
0.00180645
0.612248
0.0175795
0.225277
3
0.768724
0.121747
0.447808
89
0.00570851
0.663216
0.0664393
0.252313
31
0.92174
0.133287
0.378269
14
0.00748398
0.0596032
0.0730376
0.19465
37
0.765912
0.100307
0.109159
47
0.000950824
0.0422149
0.0741252
0.47877
54
0.883122
0.131707
0.257764
87
0.00427704
0.923993
0.0485612
0.0938708
60
0.743658
0.152911
0.196898
51
0.00221324
0.85457
0.0403339
0.229975
87
0.968729
0.151727
0.296145
12
0.00879858
0.137712
0.035728
0.435151
57
0.80831
0.167397
0.220924
39
0.0050991
0.116075
0.0499891
0.425487
11
0.737397
0.159205
0.383225
47
0.00255036
0.196487
0.0257793
0.309129
64
0.980986
0.113509
0.491578
77
0.00990934
0.443794
0.0965128
0.357508
47
0.833642
0.189275
0.472538
88
0.00882685
0.860208
0.0462843
0.476113
57
0.807266
0.0132646
0.20997
57
0.00227258
0.350036
0.082436
0.344049
85
0.879241
0.0473474
0.0338731
44
0.00918866
0.596638
0.0751854
0.363822
76
0.800815
0.0529598
0.253606
33
0.00659212
0.480128
0.0478919
0.0432404
29
0.810108
0.144985
0.339967
42
0.00933059
0.946128
0.0106266
0.00542181
93
0.770999
0.172593
0.419404
77
0.00602545
0.336229
0.0778595
0.48739
53
0.802518
0.0880363
0.0581666
60
0.00612459
0.453009
0.0715958
0.401646
41
0.840919
0.0380038
0.323974
71
0.00146069
0.400803
0.0931336
0.13215
54
0.754967
0.0909212
0.351915
46
0.00501343
0.565421
0.0787599
0.14223
100
0.809511
0.0635585
0.167153
15
0.00671221
0.851266
0.096222
0.324332
48
0.732238
0.109583
0.375024
75
0.000557768
0.846981
0.0568538
0.0632434
64
0.818589
0.101125
0.496892
73
0.00274845
0.396206
0.0809407
0.190977
46
0.956789
0.0836783
0.379615
85
0.00975602
0.693845
0.0885983
0.496837
42
0.720423
0.111094
0.129579
78
0.00561577
0.995551
0.0530828
0.194149
53
0.87393
0.114774
0.0794944
59
0.00528663
0.439573
0.0525285
0.131522
67
0.854341
0.00886022
0.466541
8
0.00771611
0.10866
0.0976982
0.0205254
3
0.783141
0.189071
0.317513
97
0.00773941
0.425345
0.0273337
0.0324175
33
0.915856
0.0797978
0.278329
70
0.00214186
0.864569
0.0132306
0.497986
56
0.826433
0.136754
0.368927
62
0.00968863
0.114842
0.0232205
0.20129
40
0.736651
0.154591
0.24369
99
0.00952696
0.70602
0.0665748
0.14307
41
0.994417
0.131441
0.221926
43
0.00301672
0.872277
0.0563267
0.0700429
24
0.725055
0.178278
0.05591
29
0.00649069
0.749071
0.0894847
0.135473
21
0.725938
0.0304444
0.0468779
90
0.000165805
0.0930358
0.0938006
0.46387
42
0.924015
0.198504
0.431373
56
0.00796124
0.677016
0.0307353
0.045942
55
0.885253
0.0562705
0.133253
94
0.00482174
0.741818
0.0166352
0.25592
20
0.771834
0.148877
0.182868
15
0.00671581
0.971229
0.0471389
0.36196
69
0.984348
0.155709
0.0597481
34
0.00106567
0.547595
0.0415709
0.0574652
33
0.858363
0.170222
0.0173929
56
0.00377693
0.00894372
0.0734834
0.199126
90
0.936052
0.119862
0.0653719
29
0.00850117
0.293983
0.0335948
0.29609
92
0.875478
0.118552
0.365875
89
0.00101083
0.80824
0.0743183
0.0933451
15
0.842715
0.0916545
0.164321
25
0.00245033
0.621572
0.0704083
0.384058
37
0.972144
0.0195322
0.334419
75
0.00743662
0.469207
0.0253605
0.275658
54
0.7099
0.133125
0.16081
50
0.00636866
0.837747
0.0436536
0.107685
60
0.919613
0.0750129
0.341569
46
0.00327387
0.0520943
0.048227
0.262289
82
0.720023
0.122776
0.189234
76
0.00436546
0.174162
0.074712
0.432214
34
0.901387
0.0830596
0.267516
59
0.00577089
0.790604
0.0640667
0.226184
55
0.934279
0.146137
0.269787
86
0.00366413
0.126802
0.0835345
0.2532
99
0.761943
0.142877
0.408006
40
0.00695409
0.310681
0.0268049
0.160446
71
0.939921
0.116983
0.0839447
93
0.000131073
0.238422
0.0582576
0.179838
74
0.997059
0.00294895
0.439752
10
0.00712615
0.489463
0.0645015
0.0447747
99
0.98958
0.0386304
0.274313
43
0.0099629
0.0599981
0.0144546
0.486343
4
0.951264
0.0746243
0.12309
71
0.00794471
0.249268
0.0234125
0.277747
42
0.832813
0.198316
0.437255
73
0.00666526
0.36943
0.0180425
0.399474
50
0.952318
0.07316
0.466019
38
0.000977863
0.306079
0.0901342
0.483911
91
0.989398
0.194331
0.0292947
51
0.00988884
0.0276247
0.0853857
0.300051
59
0.716659
0.120937
0.227944
95
0.00343223
0.637572
0.0442028
0.0491958
15
0.779814
0.011771
0.0232932
80
0.0076899
0.421267
0.0881775
0.0580005
52
0.937938
0.184108
0.04308
49
0.00782793
0.789241
0.0358233
0.365561
53
0.824571
0.130058
0.32265
68
0.00784643
0.519636
0.0521498
0.116403
98
0.812695
0.0116853
0.175548
34
0.00243129
0.244737
0.0103566
0.396266
56
0.909247
0.143408
0.326705
10
0.00420758
0.525277
0.0495681
0.250016
58
0.996237
0.0393061
0.110278
74
0.00309416
0.991668
0.0654476
0.261362
51
0.831655
0.0258416
0.0328006
85
0.00428185
0.878474
0.0300647
0.482319
64
0.934822
0.153837
0.344524
27
0.00920873
0.568834
0.0967164
0.219395
63
0.929151
0.18338
0.303625
92
0.00118588
0.698681
0.0566575
0.0866593
37
0.902107
0.0826515
0.406
80
0.00536061
0.100481
0.0395977
0.262771
91
0.864458
0.0207107
0.449975
24
0.00245786
0.545303
0.0490454
0.0156776
8
0.774579
0.0730103
0.280422
70
0.000241432
0.352597
0.0270473
0.40279
7
0.94587
0.0366177
0.0525854
7
0.00291146
0.767772
0.0161148
0.199619
82
0.978442
0.14994
0.207369
64
0.000608885
0.290974
0.0299448
0.210898
23
0.974825
0.183069
0.0837845
61
0.00686501
0.690989
0.0785363
0.346251
52
0.97376
0.17245
0.0345302
37
0.00540598
0.260729
0.0726205
0.456843
20
0.954754
0.0185176
0.101359
97
0.00823852
0.832072
0.0449437
0.0951343
99
0.874713
0.0536486
0.0950557
71
0.00913678
0.55001
0.031098
0.439488
72
0.903055
0.0243495
0.196414
46
0.00472396
0.0847562
0.0157619
0.242329
43
0.935514
0.0521661
0.0420625
76
0.00868527
0.487476
0.0607736
0.499452
3
0.953464
0.0455465
0.432418
19
0.00433105
0.0969304
0.0595245
0.46928
87
0.845482
0.0982949
0.0376007
88
0.00435267
0.773378
0.0617608
0.297365
69
0.728998
0.170992
0.302745
76
0.00160565
0.801663
0.0650454
0.358687
95
0.81545
0.163243
0.354531
83
0.00491957
0.143169
0.0484596
0.26719
32
0.807708
0.17887
0.422964
86
0.00912851
0.862047
0.0791907
0.0134057
68
0.911938
0.0513321
0.372692
2
0.00596492
0.984231
0.0427878
0.349281
81
0.74262
0.0534256
0.150579
28
0.00123565
0.53733
0.0216925
0.0240282
66
0.774051
0.177439
0.368004
61
0.00114193
0.344834
0.0807933
0.0182258
7
0.87093
0.157112
0.344222
44
0.000329276
0.916073
0.0574852
0.0521028
74
0.852857
0.119311
0.134357
67
0.00251163
0.821196
0.0205115
0.0715552
82
0.930661
0.107055
0.390605
13
0.00995203
0.669794
0.0917286
0.423492
41
0.871805
0.036944
0.288321
52
0.00902478
0.929594
0.0328888
0.488669
23
0.957444
0.106696
0.43903
25
0.00207402
0.634964
0.0513871
0.309567
3
0.932943
0.032543
0.170227
81
0.00232248
0.032345
0.038377
0.470899
23
0.890473
0.191825
0.389049
56
0.00673752
0.118673
0.0589373
0.134602
97
0.877216
0.160693
0.283442
36
0.00940483
0.735415
0.0679932
0.154328
37
0.755439
0.0711043
0.0720478
58
0.00386866
0.763676
0.0657457
0.207535
12
0.74695
0.165902
0.0701644
26
0.00680721
0.920071
0.0616189
0.21543
18
0.976219
0.120318
0.214299
77
0.00223082
0.867876
0.047671
0.0315663
21
0.869693
0.123052
0.0668812
31
0.00822056
0.49753
0.0458584
0.0732258
89
0.964776
0.0104505
0.38546
33
0.0029263
0.605155
0.0209434
0.234024
32
0.791499
0.141187
0.361885
47
0.00443678
0.972343
0.022827
0.25503
20
0.949063
0.174341
0.130959
5
0.00520388
0.891925
0.0173721
0.254471
19
0.917958
0.115111
0.498876
3
0.0087309
0.909228
0.0822034
0.201633
91
0.990648
0.197249
0.457903
9
0.00195619
0.360057
0.0511473
0.493748
54
0.927842
0.159577
0.463461
22
0.00422232
0.618153
0.0565076
0.370893
75
0.896652
0.190637
0.294113
69
0.00958719
0.902164
0.0286016
0.445745
78
0.819068
0.181494
0.41908
74
0.00936056
0.157443
0.0648042
0.0769017
53
0.805877
0.189662
0.233471
65
0.00669253
0.181967
0.0943951
0.31845
16
0.959644
0.0644697
0.0937145
32
0.00980086
0.792837
0.0819941
0.180988
26
0.895352
0.104068
0.31653
52
0.00820844
0.644067
0.0748565
0.0353564
73
0.742034
0.126669
0.285113
48
0.00744952
0.645847
0.0585944
0.170493
88
0.970254
0.0374622
0.441043
35
0.00190548
0.0987423
0.0920977
0.283954
72
0.970933
0.176411
0.244582
43
0.00946184
0.956896
0.0877852
0.41929
45
0.723801
0.0210348
0.400884
37
0.00780032
0.944522
0.077397
0.330619
56
0.979215
0.0320885
0.240704
95
0.00574933
0.959834
0.0537667
0.494175
43
0.894743
0.139119
0.275231
62
0.00589287
0.943285
0.057809
0.287378
33
0.86297
0.0175836
0.355342
99
0.00478259
0.200894
0.0152121
0.42977
1
0.997281
0.112855
0.495211
61
0.00236824
0.953821
0.0999778
0.127777
72
0.924805
0.196253
0.375898
82
0.00689605
0.870207
0.0634266
0.380959
77
0.764583
0.147555
0.0546828
36
0.00976363
0.393624
0.0609905
0.367604
14
0.937127
0.0345996
0.399376
70
0.00708837
0.0170352
0.0926208
0.31645
47
0.834526
0.197117
0.423961
86
0.00607373
0.279176
0.0503546
0.372999
18
0.979902
0.15857
0.148121
19
0.00381695
0.523548
0.0433457
0.434775
8
0.793389
0.175257
0.397705
100
0.00402827
0.0207193
0.0898929
0.292793
91
0.730567
0.0641054
0.0614297
94
0.00213027
0.83345
0.022661
0.283155
60
0.873107
0.12472
0.477772
39
0.0028688
0.433164
0.0244024
0.302069
59
0.958706
0.0518671
0.0309776
63
0.00173423
0.719403
0.0596883
0.310483
61
0.906391
0.0612102
0.302186
41
0.00955894
0.765902
0.0122134
0.0510674
9
0.733355
0.145562
0.394453
100
0.0095785
0.656178
0.0412901
0.108808
39
0.837894
0.101838
0.220531
9
0.00973187
0.259417
0.0394827
0.398029
97
0.877722
0.0152642
0.203236
69
0.00759272
0.107484
0.0990058
0.021871
9
0.735064
0.0414736
0.247935
27
0.00438458
0.221826
0.0408569
0.127034
97
0.748311
0.0553129
0.158662
45
0.00993488
0.64087
0.0480061
0.0850542
68
0.940773
0.0767676
0.276188
90
0.0064987
0.508836
0.0496357
0.233004
49
0.770388
0.050575
0.162315
38
0.00640878
0.353375
0.0899489
0.016651
35
0.796622
0.0992383
0.459439
80
0.00284352
0.751634
0.0981879
0.182684
11
0.982436
0.125789
0.467737
63
0.00618888
0.0449308
0.0341964
0.290564
99
0.949993
0.0199406
0.389374
8
0.00526743
0.0138189
0.0200842
0.124161
59
0.855213
0.00575802
0.218025
92
0.00462965
0.94182
0.0101407
0.353575
8
0.847329
0.162364
0.434063
26
0.00536741
0.268066
0.0708306
0.47714
5
0.821121
0.168172
0.445498
64
0.00865189
0.640353
0.0333613
0.248604
22
0.828623
0.187044
0.0506724
28
0.00530764
0.0285606
0.0241098
0.389226
19
0.857386
0.0239258
0.0287901
87
0.00726087
0.00254539
0.037738
0.00607
55
0.965367
0.148243
0.0766852
89
0.00819139
0.189725
0.05423
0.234755
6
0.906169
0.0100075
0.246612
88
0.00390026
0.590197
0.0758551
0.454365
21
0.907789
0.0655533
0.484208
1
0.00103837
0.581347
0.0799035
0.0566813
67
0.832695
0.0408655
0.0643628
21
0.00875721
0.981926
0.0676403
0.138366
94
0.913224
0.0236544
0.13684
87
0.00281191
0.577809
0.0919089
0.393979
62
0.772927
0.152443
0.135137
52
0.00508881
0.193366
0.0800317
0.269154
4
0.795018
0.175925
0.462074
81
0.00240369
0.486043
0.0733247
0.344336
32
0.840122
0.151032
0.288902
53
0.00598288
0.896233
0.0524658
0.485586
45
0.977498
0.169462
0.0867506
65
0.00681676
0.379537
0.0279286
0.221748
24
0.749238
0.17373
0.396078
30
0.000193694
0.274656
0.0388782
0.171931
30
0.805177
0.117516
0.263087
96
0.00143069
0.900188
0.0721906
0.00901683
66
0.806849
0.14858
0.0392132
3
0.0068504
0.576683
0.0533396
0.229038
61
0.736169
0.165208
0.111283
17
0.00891062
0.962852
0.0814895
0.452031
25
0.839415
0.130901
0.475819
74
0.000359697
0.701447
0.0971405
0.220089
70
0.851392
0.158781
0.0913543
72
0.00802582
0.476982
0.0670148
0.28188
16
0.805724
0.111421
0.185565
41
0.00852664
0.0384037
0.0941173
0.374311
36
0.80043
0.0341218
0.144751
74
0.00307779
0.799893
0.0451434
0.138734
59
0.783004
0.187912
0.307357
81
0.00185697
0.93264
0.0601248
0.0607679
12
0.721957
0.138519
0.105111
68
0.00071883
0.654527
0.0932031
0.298074
6
0.753472
0.14963
0.305042
80
0.00326031
0.0819594
0.0625361
0.17656
36
0.891677
0.196533
0.493947
3
0.00293261
0.628109
0.012557
0.32934
33
0.898259
0.0922224
0.168039
98
0.00729304
0.560486
0.0548048
0.0923395
65
0.917044
0.135072
0.0925709
68
0.0058042
0.239632
0.0424118
0.42081
52
0.900179
0.11282
0.125716
43
0.00551666
0.797475
0.0469956
0.173
68
0.998281
0.118997
0.113376
47
0.00620896
0.347055
0.0418432
0.498577
65
0.73808
0.0686132
0.448388
73
0.00451464
0.506355
0.0376485
0.382009
13
0.739282
0.145416
0.0857248
24
0.00137955
0.0772121
0.0739896
0.407067
42
0.729355
0.138163
0.178387
87
0.00247953
0.0564185
0.0613355
0.152548
64
0.715036
0.0716742
0.402234
46
0.00469421
0.132014
0.0727444
0.174518
75
0.778536
0.135133
0.0077406
1
0.00981588
0.806229
0.0705039
0.30322
81
0.892179
0.142487
0.356656
33
0.00940653
0.993852
0.0793052
0.0874433
51
0.850251
0.18276
0.454232
60
0.00332436
0.810789
0.0770961
0.259591
17
0.888499
0.0570778
0.348659
12
0.00448546
0.816577
0.0828322
0.457175
46
0.923213
0.0113281
0.345518
45
0.00751357
0.232893
0.0949489
0.0915074
87
0.952399
0.120624
0.127324
67
0.00827942
0.624744
0.0555974
0.0985821
47
0.748863
0.00209537
0.255055
97
0.00127607
0.840665
0.0763857
0.264775
71
0.892736
0.0809451
0.332192
24
0.00699222
0.13451
0.0781823
0.0652195
20
0.771549
0.126325
0.0980629
54
0.00845697
0.689169
0.0196331
0.320152
57
0.706451
0.00935678
0.23103
36
0.00563212
0.276491
0.0189882
0.242733
78
0.810994
0.0290847
0.147551
54
0.00628365
0.681916
0.032779
0.338421
12
0.885843
0.192408
0.111814
24
0.00915577
0.456434
0.0338245
0.442704
97
0.963177
0.143578
0.444399
33
0.00272092
0.0896202
0.0192345
0.0292527
83
0.932507
0.0943597
0.136566
17
0.00611035
0.697209
0.0422543
0.47939
83
0.93171
0.162662
0.286789
99
0.000762946
0.759163
0.0855929
0.166588
7
0.903774
0.0544895
0.425201
29
0.00854739
0.149607
0.0783239
0.433345
14
0.900442
0.114193
0.0777697
75
0.00392502
0.647368
0.0626717
0.321588
52
0.786461
0.0911455
0.299189
13
0.000624968
0.892782
0.0305451
0.465165
89
0.938245
0.188742
0.190526
16
0.00359403
0.471642
0.0447057
0.495111
24
0.708031
0.0557614
0.285631
92
0.0083629
0.413033
0.0684662
0.400568
8
0.895641
0.0800849
0.0142177
42
0.00155666
0.671818
0.0756977
0.41575
25
0.722351
0.146955
0.0627797
69
0.00757627
0.822442
0.0772288
0.285689
25
0.778148
0.0649875
0.256702
62
0.00554395
0.208111
0.0331775
0.0396491
71
0.947781
0.103005
0.312154
63
0.00413021
0.814529
0.0872218
0.305834
3
0.785484
0.15684
0.201041
67
0.00115412
0.0553611
0.0461144
0.427489
42
0.711551
0.193024
0.223267
94
0.00484591
0.102455
0.0744623
0.448387
28
0.700893
0.18844
0.241861
71
0.00961963
0.572164
0.0197219
0.409936
48
0.781212
0.0581755
0.297642
83
0.0079355
0.356592
0.0949783
0.055171
99
0.902195
0.00521921
0.403316
82
0.00843146
0.742864
0.0813084
0.37158
50
0.775534
0.197695
0.205019
91
0.00141688
0.633405
0.0975637
0.221275
34
0.904793
0.0566305
0.252741
97
0.00500081
0.834648
0.0238742
0.0222139
68
0.910328
0.15522
0.336958
21
0.000351578
0.0710843
0.0846506
0.126425
90
0.871256
0.0458777
0.468144
9
0.00760981
0.778473
0.080691
0.0287944
48
0.88132
0.0161161
0.255843
62
0.000593175
0.181055
0.0246019
0.314196
53
0.846203
0.0973439
0.347681
4
0.00203661
0.739929
0.0723245
0.185937
11
0.882648
0.0540314
0.489294
99
0.00317131
0.246465
0.0667495
0.0785856
31
0.985394
0.0856942
0.0255204
61
0.00217057
0.362046
0.092842
0.489118
11
0.776045
0.132553
0.103201
67
0.0071655
0.906124
0.014101
0.133486
5
0.993437
0.0400549
0.0099226
90
0.00897123
0.561482
0.0139097
0.418409
92
0.863289
0.109083
0.0968456
68
0.00655176
0.327842
0.0696934
0.184913
9
0.753955
0.140687
0.315156
54
0.000916166
0.407678
0.0817903
0.217241
80
0.743234
0.00115804
0.00875077
36
0.00998054
0.651211
0.0543182
0.430755
77
0.725545
0.101522
0.292774
88
0.0057356
0.427565
0.0867115
0.438523
16
0.862481
0.163415
0.314334
68
0.000676063
0.728424
0.0912859
0.0236692
72
0.767235
0.121339
0.176706
11
0.00316852
0.0461292
0.0432445
0.338247
32
0.894237
0.160066
0.0405353
22
0.00661343
0.665704
0.0635323
0.145278
83
0.727343
0.180504
0.0226351
78
0.00490936
0.70857
0.0983987
0.468683
21
0.973211
0.141624
0.0384605
59
0.000400487
0.12055
0.0859536
0.399017
14
0.865861
0.0135157
0.0608761
58
0.00196713
0.418325
0.0688017
0.330167
75
0.994893
0.171985
0.0272566
93
0.000514844
0.312668
0.0779815
0.335129
77
0.918687
0.0780389
0.32775
84
0.00565942
0.201839
0.0181565
0.453512
73
0.96563
0.0109496
0.237199
17
0.00383499
0.314724
0.0889091
0.129197
70
0.81347
0.0899961
0.19848
4
0.00727519
0.158628
0.0837593
0.461474
22
0.911636
0.107381
0.00606651
84
0.00125338
0.894968
0.0857317
0.0673218
10
0.889598
0.146353
0.342738
7
0.00454848
0.252554
0.0161595
0.0250752
95
0.881903
0.147277
0.204186
34
0.00858668
0.668222
0.0849894
0.403306
38
0.872477
0.153728
0.186262
79
0.00256603
0.318913
0.0884374
0.0370855
85
0.96159
0.105672
0.307728
72
0.00826101
0.215781
0.0934071
0.101757
6
0.823789
0.0483907
0.318654
9
0.00363302
0.178076
0.0812287
0.347094
59
0.943907
0.033741
0.273124
45
0.0013106
0.902567
0.0145911
0.224275
23
0.715827
0.18014
0.281201
25
0.00583444
0.0624827
0.0266421
0.149895
13
0.829206
0.1747
0.154025
12
0.00080083
0.976027
0.0437449
0.0266446
17
0.946772
0.0316821
0.0883642
89
0.0073372
0.556805
0.052073
0.239016
39
0.974121
0.0705455
0.155092
28
0.00371802
0.997131
0.0287237
0.168001
50
0.925448
0.0296348
0.2509
85
0.00937246
0.730396
0.0708608
0.213532
70
0.867346
0.127743
0.121035
54
0.00739152
0.853153
0.0387179
0.325021
47
0.808881
0.176881
0.429429
27
0.00515198
0.365144
0.0254929
0.464679
80
0.728635
0.0658961
0.369447
11
0.00917799
0.721403
0.0539949
0.25088
26
0.958253
0.0231305
0.219336
10
0.00474702
0.341777
0.0862228
0.195798
5
0.818232
0.144615
0.107632
94
0.00299212
0.439002
0.0142674
0.0886255
76
0.820368
0.0773829
0.283072
20
0.00798117
0.0505865
0.0925242
0.0503143
10
0.704486
0.117975
0.122327
41
0.00166414
0.771304
0.0797759
0.0198306
13
0.82735
0.0145728
0.164934
69
0.0046768
0.195267
0.0324752
0.460797
70
0.88086
0.122039
0.123929
28
0.00663697
0.501916
0.0788286
0.362768
22
0.795211
0.0962858
0.339249
18
0.00110036
0.558185
0.086073
0.3524
14
0.861156
0.144234
0.17584
7
0.000236928
0.459968
0.0842991
0.395685
30
0.893568
0.175395
0.277138
11
0.00198498
0.935603
0.0320446
0.307586
63
0.75607
0.108181
0.22952
49
0.00415875
0.580758
0.0419587
0.445094
17
0.844796
0.176954
0.295173
10
0.00152245
0.954661
0.0623383
0.198464
51
0.710785
0.0945673
0.396717
93
0.00330483
0.776542
0.0457622
0.473482
57
0.955529
0.128901
0.162821
49
0.000824345
0.365582
0.0872031
0.241004
5
0.749637
0.103554
0.12775
76
0.00168461
0.99873
0.026542
0.325679
18
0.784333
0.0489443
0.453848
26
0.00419211
0.824898
0.023817
0.00344517
39
0.860495
0.130408
0.00557533
57
0.00431612
0.686847
0.0575581
0.492508
7
0.790718
0.0843782
0.0205984
52
0.00874599
0.483058
0.0554138
0.280343
16
0.816829
0.00476806
0.313085
20
0.00844805
0.695826
0.0728348
0.206278
83
0.977367
0.0445044
0.118799
13
0.00209991
0.661871
0.0992827
0.27507
96
0.884657
0.0334173
0.211072
6
0.00678732
0.285782
0.0550284
0.336877
17
0.838159
0.124923
0.0558621
66
0.00906314
0.226435
0.0968679
0.062148
26
0.828303
0.194913
0.179249
53
0.00927308
0.614196
0.0590896
0.188218
65
0.970485
0.0999015
0.224461
23
0.00107739
0.39919
0.0263157
0.405133
84
0.804007
0.0669049
0.0409326
23
0.00811215
0.186554
0.0905982
0.341518
10
0.792411
0.025275
0.488007
15
0.00560018
0.272979
0.0399109
0.350174
11
0.717762
0.116291
0.213566
76
0.000201
0.604231
0.0276822
0.0451102
29
0.968356
0.0498289
0.415363
83
0.00833331
0.38662
0.0892137
0.484638
54
0.880074
0.0428775
0.473545
14
0.0037002
0.776135
0.0960044
0.35989
25
0.781866
0.0629884
0.230435
51
0.00698139
0.531408
0.0557419
0.141431
90
0.823286
0.0852401
0.452274
32
0.00475337
0.802765
0.0636964
0.211771
80
0.944974
0.136449
0.0814992
50
0.00888966
0.966562
0.0134291
0.356898
44
0.785682
0.161082
0.129895
66
0.00459577
0.884547
0.0366911
0.443919
64
0.884143
0.151301
0.366526
82
0.00908555
0.78476
0.0974166
0.0750479
37
0.784227
0.0330849
0.263584
24
0.00339889
0.450038
0.0289681
0.0413509
33
0.724043
0.167189
0.206128
96
0.00703465
0.374
0.0844442
0.257101
94
0.789965
0.0121636
0.47482
59
0.00817534
0.270159
0.0258586
0.113828
97
0.837037
0.0811169
0.17152
35
0.000879948
0.850156
0.0535153
0.00493698
34
0.764662
0.086147
0.497428
56
0.00409606
0.563094
0.0957079
0.467538
27
0.797203
0.164812
0.469442
81
0.00722413
0.466399
0.0651208
0.36033
92
0.909662
0.129297
0.252152
48
0.00237711
0.414963
0.0167262
0.111282
38
0.830594
0.0254701
0.140209
60
0.000442486
0.236955
0.0988221
0.191688
28
0.712332
0.173989
0.333833
55
0.00440599
0.539293
0.0317224
0.472467
44
0.822746
0.0935353
0.137976
67
0.00765677
0.493823
0.0902827
0.317402
83
0.827646
0.169116
0.376265
91
0.00982376
0.0750119
0.0627776
0.311939
41
0.963972
0.0418715
0.116265
49
0.000290598
0.288638
0.0776618
0.16199
36
0.897874
0.135618
0.289537
63
0.00630293
0.913259
0.0909684
0.113187
29
0.987747
0.170023
0.0168827
16
0.00269845
0.844461
0.0365613
0.0331592
9
0.992679
0.164139
0.215544
96
0.00153091
0.533389
0.0169932
0.333439
81
0.848035
0.0790698
0.0869587
79
0.00860756
0.939161
0.0713162
0.159212
40
0.959017
0.0282626
0.0125267
92
0.0088587
0.0813084
0.0120862
0.0966866
15
0.704833
0.195915
0.381281
23
0.000663462
0.978401
0.0710515
0.474757
70
0.98108
0.00245517
0.0690412
75
0.00586323
0.331037
0.0907942
0.366713
76
0.701895
0.00806574
0.081942
91
0.00967276
0.685039
0.0236268
0.106072
46
0.767908
0.104166
0.261722
35
0.00235658
0.159741
0.0429551
0.237698
63
0.760553
0.031058
0.233667
82
0.00904609
0.37767
0.0805001
0.259096
78
0.857028
0.0868825
0.227261
3
0.00963289
0.924154
0.0764496
0.247189
88
0.975203
0.0468413
0.478517
36
0.0051482
0.0940172
0.0719457
0.475445
78
0.801225
0.030662
0.320622
31
0.00146714
0.968957
0.0124098
0.356063
24
0.788849
0.0994488
0.243371
32
0.00928797
0.316183
0.042596
0.0683709
100
0.822116
0.0604441
0.225652
92
0.00306545
0.84426
0.0171133
0.248358
90
0.708376
0.185678
0.410374
15
0.00592287
0.829734
0.0361131
0.446495
13
0.886519
0.156368
0.0801031
91
0.0080838
0.431499
0.0847298
0.314456
48
0.80448
0.149076
0.0637347
18
0.00228654
0.509739
0.0440027
0.354852
10
0.913538
0.0873258
0.20164
32
0.00585252
0.167796
0.0699984
0.243956
11
0.72754
0.113842
0.406958
51
0.00841274
0.130568
0.0694969
0.0614557
65
0.751221
0.0224803
0.259235
55
0.00952086
0.608909
0.0380585
0.365059
24
0.979516
0.13737
0.451429
20
0.00878725
0.154815
0.034481
0.376683
98
0.842013
0.126928
0.172806
94
0.00218307
0.341069
0.0697841
0.269678
86
0.726509
0.110295
0.0487192
8
0.00688234
0.752574
0.0487115
0.441311
98
0.97196
0.0824279
0.00151197
39
0.00807235
0.630701
0.0290884
0.392902
93
0.730019
0.18214
0.431031
84
0.00971686
0.162112
0.0114001
0.347412
46
0.798946
0.0422619
0.144062
50
0.00717011
0.875189
0.0128805
0.424437
55
0.981753
0.0383037
0.357881
53
0.00566616
0.518611
0.0183817
0.109853
79
0.73964
0.0479526
0.0492414
55
0.00395306
0.151254
0.0939045
0.436992
9
0.701692
0.0960535
0.193158
11
0.0023157
0.857112
0.0422121
0.407564
29
0.926284
0.199069
0.250378
39
0.00950457
0.0222942
0.0527486
0.0900811
23
0.795755
0.0932501
0.18224
81
0.00281435
0.495479
0.0150389
0.119198
49
0.945457
0.0598727
0.0962104
6
0.00530719
0.511281
0.0157129
0.0121121
45
0.71358
0.107791
0.386921
15
0.00488038
0.324451
0.083257
0.0976566
1
0.793125
0.0738817
0.142301
19
0.00209696
0.00471569
0.0163131
0.0139833
88
0.936304
0.199691
0.416583
57
0.00984917
0.467137
0.0591983
0.0011708
88
0.950742
0.171615
0.114919
26
0.00405372
0.28543
0.0887145
0.139898
89
0.878324
0.0679363
0.0364524
48
0.00896864
0.171784
0.0285156
0.263826
87
0.870308
0.115838
0.33049
14
0.00894557
0.220848
0.0549546
0.245587
78
0.766927
0.0201092
0.499966
84
0.00204847
0.410435
0.0111067
0.0474516
81
0.920464
0.00318293
0.156105
3
0.00642986
0.987916
0.098239
0.227457
96
0.763048
0.181073
0.409977
44
0.00479993
0.982942
0.0250604
0.0790161
86
0.712635
0.0966176
0.108028
31
0.00719849
0.00670236
0.0946901
0.0421069
72
0.851087
0.164472
0.349894
2
0.00533679
0.491414
0.0874694
0.4114
90
0.738733
0.0397348
0.216927
64
0.00129691
0.153517
0.0295223
0.231724
27
0.862013
0.0988477
0.380909
69
0.000151331
0.14547
0.0510192
0.0697643
12
0.904451
0.168739
0.451044
9
0.00892533
0.304929
0.0392727
0.102882
73
0.912345
0.127404
0.471063
89
0.00453519
0.745101
0.0353631
0.177801
96
0.848362
0.0610954
0.483813
78
0.00258628
0.372867
0.0507248
0.00805811
35
0.969694
0.104908
0.0749339
99
0.00441941
0.235212
0.0296983
0.209894
29
0.835656
0.19531
0.106276
26
0.00312088
0.392305
0.0218687
0.227728
98
0.765614
0.0153489
0.0448041
41
0.00692994
0.542592
0.0693982
0.491383
34
0.734553
0.116782
0.0242366
14
0.00314253
0.166958
0.0758889
0.292009
98
0.956362
0.00434675
0.17965
91
0.00276032
0.281768
0.0191321
0.289986
91
0.928621
0.134529
0.212479
66
0.00486145
0.2291
0.0945136
0.385786
19
0.773294
0.0726242
0.02131
66
0.00930845
0.212182
0.0518514
0.416515
49
0.714688
0.161596
0.391784
22
0.00264189
0.862367
0.0493364
0.278506
62
0.853389
0.0757839
0.488479
32
0.00504984
0.390201
0.0275657
0.117651
82
0.984
0.139553
0.194352
21
0.00899149
0.281001
0.0840308
0.431668
44
0.741501
0.0903988
0.426825
30
0.00814072
0.217925
0.0110604
0.320961
74
0.855926
0.080336
0.183705
2
0.00865855
0.796266
0.0355538
0.192622
30
0.898538
0.00854654
0.0716478
4
0.00279169
0.36872
0.0736108
0.351196
19
0.744638
0.191614
0.420207
64
0.00119951
0.977121
0.0719151
0.287462
39
0.868416
0.111899
0.486195
36
0.00400475
0.478959
0.0194779
0.332834
27
0.813927
0.138875
0.126328
86
0.00639599
0.481295
0.0606932
0.120591
92
0.836374
0.0848565
0.492287
82
0.00723451
0.338519
0.0464754
0.417812
40
0.703721
0.0625784
0.333268
79
0.00635544
0.673682
0.0115581
0.104894
95
0.908217
0.0698226
0.309522
87
0.000648878
0.625691
0.0155062
0.340428
69
0.962499
0.00736104
0.0118334
31
0.00605222
0.598567
0.0261044
0.43765
66
0.99385
0.0441076
0.377322
17
0.00373482
0.263648
0.0407621
0.426962
56
