0.855879
0.0872775
0.00981661
8
0.0145116
0.346497
0.0950304
0.261611
4
0.832265
0.0228028
0.0888611
5
0.0437178
0.274594
0.0700526
0.232911
49
0.805069
0.0616347
0.027928
24
0.0830106
0.0447129
0.060644
0.235295
52
0.978345
0.0538583
0.0932364
25
0.0695221
0.0197082
0.040493
0.239782
35
0.915737
0.0945867
0.0429253
85
0.00543408
0.0302871
0.0994814
0.175421
7
0.731001
0.0277705
0.0625097
98
0.0613945
0.293191
0.010059
0.473883
100
0.991083
0.0717106
0.0362489
87
0.0217442
0.215348
0.0244688
0.203285
12
0.891172
0.0937232
0.0594666
92
0.0731293
0.394252
0.0709787
0.292166
21
0.76619
0.0915676
0.0126495
52
0.0039779
0.320822
0.031184
0.278396
52
0.972939
0.0775579
0.0904825
70
0.0545327
0.484066
0.0776728
0.0612285
76
0.977618
0.0563958
0.038761
72
0.0752482
0.0388643
0.0394517
0.4228
44
0.724211
0.0996173
0.0549897
16
0.0914748
0.120945
0.0198634
0.22368
79
0.774945
0.00401703
0.0332105
68
0.074602
0.150696
0.0460521
0.118644
11
0.929762
0.0215031
0.0113354
32
0.0774388
0.350375
0.0338646
0.227111
61
0.901671
0.081301
0.0401994
48
0.029467
0.431892
0.0337284
0.0752608
24
0.828495
0.0344537
0.0269105
4
0.0268942
0.182269
0.0721213
0.273449
24
0.875168
0.051482
0.0317818
36
0.0226017
0.386978
0.0801486
0.125971
59
0.833091
0.0527192
0.0100467
50
0.0376214
0.233252
0.0692229
0.00278128
17
0.714029
0.0795812
0.0541899
68
0.00173551
0.191779
0.0202593
0.167665
8
0.902435
0.0249521
0.0601142
98
0.0462568
0.487018
0.0159621
0.362926
40
0.846611
0.0176303
0.0175902
81
0.0619334
0.239915
0.0307476
0.214715
31
0.810284
0.0414363
0.0673902
45
0.0544
0.159785
0.0103197
0.240463
62
0.887093
0.088759
0.0289147
17
0.0258227
0.349076
0.0947944
0.389625
70
0.773651
0.0840228
0.0373005
92
0.00132985
0.177375
0.0472291
0.0954787
84
0.897498
0.0594999
0.00183592
72
0.0121951
0.0281501
0.0712963
0.311442
27
0.767249
0.0480933
0.0596395
88
0.0442993
0.0482316
0.0958019
0.197035
41
0.771468
0.0207439
0.0315852
75
0.0820408
0.11902
0.0566126
0.377284
32
0.830212
0.0491188
0.097071
51
0.0498126
0.33568
0.0438916
0.0694647
67
0.94704
0.0673429
0.0516916
24
0.0611299
0.410893
0.0208375
0.438102
51
0.743723
0.0275111
0.0961256
37
0.0548629
0.078511
0.0343571
0.458627
11
0.864122
0.0669317
0.0658314
39
0.0243947
0.286867
0.0849437
0.483692
9
0.813462
0.0558027
0.0603594
31
0.0740142
0.266293
0.0165565
0.215751
54
0.868672
0.0481955
0.0856554
42
0.0951505
0.33867
0.0909256
0.207963
56
0.962423
0.0309103
0.0907976
60
0.00926974
0.327723
0.0482195
0.01721
57
0.795001
0.0127324
0.0542877
53
0.0457461
0.283127
0.0453884
0.0289481
86
0.791247
0.0434568
0.0321053
28
0.0985754
0.36441
0.0906002
0.370766
61
0.988736
0.0554632
0.0558199
59
0.0657198
0.134915
0.0148623
0.212523
57
0.789082
0.0785332
0.0865906
41
0.0642062
0.480593
0.0582792
0.160359
95
0.967842
0.0379032
0.0862859
21
0.073444
0.265102
0.0634165
0.177814
78
0.770543
0.0478233
0.0653557
14
0.0672675
0.42938
0.0628223
0.46839
13
0.765242
0.0575158
0.0777085
13
0.021916
0.466404
0.0376246
0.0361544
73
0.948113
0.0885149
0.00554366
87
0.0503439
0.00606313
0.0894818
0.107896
26
0.787976
0.00610971
0.0235439
27
0.059327
0.0747669
0.0703544
0.20939
84
0.830685
0.0586119
0.0153269
74
0.089126
0.138847
0.0696418
0.313035
80
0.884163
0.014995
0.0368104
23
0.0296573
0.155484
0.0274659
0.310086
80
0.970745
0.0308679
0.0579003
69
0.0836154
0.467047
0.0901626
0.269625
12
0.943633
0.00101678
0.00563938
74
0.0208405
0.297244
0.0155829
0.102866
99
0.76831
0.0597686
0.0628241
54
0.0476054
0.051809
0.0158322
0.41476
43
0.815385
0.0765517
0.0634888
22
0.0254742
0.218926
0.0617709
0.475924
25
0.946758
0.0683007
0.0841049
45
0.082303
0.461868
0.0508181
0.245481
10
0.948926
0.0786645
0.0257581
3
0.0867081
0.493721
0.0933579
0.286252
3
0.942262
0.0886292
0.0756427
93
0.0790559
0.425221
0.0780778
0.208696
50
0.770826
0.0136857
0.05376
82
0.0396447
0.143143
0.0233129
0.452808
66
0.844405
0.0683368
0.0482558
64
0.0173635
0.353151
0.0886859
0.184228
48
0.732472
0.0738051
0.0171178
86
0.0267018
0.125025
0.0288525
0.277141
36
0.727977
0.0644909
0.0885814
56
0.00493794
0.149347
0.0770986
0.27693
87
0.894792
0.0201467
0.0988757
8
0.0535971
0.376217
0.0848072
0.347456
81
0.786502
0.0873512
0.0412389
62
0.0981858
0.21368
0.068405
0.164464
60
0.73409
0.0171936
0.086
98
0.0872441
0.43961
0.0247391
0.318147
56
0.712243
0.00288172
0.00375054
69
0.0174554
0.0412082
0.0904415
0.291317
12
0.812851
0.0198099
0.0380427
91
0.0562209
0.261996
0.0864942
0.12756
64
0.924243
0.0736032
0.00469523
41
0.0170182
0.240722
0.0207431
0.303474
58
0.935666
0.0364062
0.0118074
91
0.0804263
0.0764041
0.0914116
0.464843
79
0.953795
0.00958942
0.0251925
4
0.0519312
0.111313
0.0193175
0.294389
23
0.890419
0.0955748
0.0460311
90
0.0191926
0.0818769
0.0421264
0.494593
18
0.745765
0.0412158
0.0611455
47
0.0298179
0.312213
0.0403902
0.407726
66
0.760122
0.0918678
0.0483899
56
0.0509904
0.421524
0.0694371
0.00486701
9
0.881763
0.0542066
0.0076207
52
0.00243128
0.176552
0.0682513
0.22623
64
0.809594
0.0215946
0.048826
78
0.0824704
0.295409
0.0796001
0.0914558
62
0.990513
0.0341848
0.0358859
68
0.0264756
0.204077
0.0355258
0.308518
53
0.925952
0.0910247
0.05853
57
0.042583
0.112159
0.0126174
0.198215
68
0.849776
0.0676968
0.0283456
82
0.0947743
0.0104423
0.0987423
0.254488
37
0.943032
0.0237074
0.054829
14
0.0654276
0.441421
0.0261287
0.371709
69
0.985195
0.0425317
0.0720175
74
0.0897694
0.145415
0.0833869
0.356362
15
0.948682
0.0292931
0.0343318
58
0.0846403
0.356884
0.070488
0.0828814
19
0.835886
0.0157319
0.0800385
68
0.0845496
0.121264
0.0356735
0.196056
51
0.958805
0.0625057
0.00338157
45
0.0748439
0.117156
0.0743351
0.142666
7
0.897159
0.0176992
0.00482509
34
0.0150937
0.169602
0.0947674
0.138225
18
0.709924
0.0757908
0.0458211
25
0.0357562
0.128589
0.0277711
0.0120959
81
0.725239
0.0409024
0.0829544
56
0.0888474
0.27959
0.0388071
0.122645
70
0.848906
0.0022324
0.0455867
67
0.0782408
0.136016
0.0490332
0.324067
3
0.829057
0.0561676
0.0163258
65
0.0237587
0.125385
0.0975532
0.341948
4
0.986618
0.00995931
0.007208
50
0.0693351
0.211632
0.0941733
0.271418
1
0.888328
0.0743798
0.00742412
50
0.0225691
0.223234
0.0528251
0.281815
73
0.934575
0.0269736
0.0946227
31
0.0139343
0.407807
0.0870532
0.465339
94
0.98755
0.0890151
0.0656875
38
0.0100426
0.278087
0.0279971
0.480884
46
0.837213
0.00534785
0.0751605
13
0.00677397
0.313471
0.0318042
0.489952
61
0.837588
0.0349957
0.0936149
70
0.0688619
0.292263
0.0731239
0.323477
77
0.789147
0.077394
0.0930171
84
0.00616977
0.047845
0.0733359
0.16814
91
0.886465
0.0462182
0.00212665
89
0.0435484
0.258497
0.0363061
0.320311
20
0.743556
0.0956552
0.0506716
41
0.0735829
0.102849
0.0641873
0.131385
99
0.862533
0.0838501
0.0355131
76
0.0415105
0.0700199
0.0608581
0.233204
57
0.817408
0.0220346
0.0201665
34
0.0473837
0.427478
0.0241785
0.139587
63
0.884713
0.0365146
0.0545816
34
0.0555508
0.0266135
0.0148215
0.100439
13
0.821009
0.045206
0.0467391
97
0.00372282
0.252961
0.0406379
0.451334
14
0.960382
0.0986509
0.0508916
25
0.0528198
0.444063
0.0473412
0.136201
6
0.892189
0.0161726
0.0987597
65
0.0705994
0.351711
0.0741748
0.421527
12
0.841582
0.0382238
0.0790436
12
0.0321339
0.181546
0.0853642
0.15045
41
0.851308
0.0126077
0.042384
61
0.0282878
0.144611
0.0163487
0.0500098
34
0.956878
0.069624
0.0512589
16
0.00278677
0.162438
0.0555069
0.444972
93
0.83505
0.0566067
0.0121899
26
0.00571806
0.309068
0.0205743
0.374807
78
0.784454
0.00745933
0.0837592
21
0.0546933
0.186529
0.0291725
0.0658417
84
0.818447
0.0398736
0.0641571
29
0.0499822
0.345412
0.0547743
0.217732
35
0.784317
0.0648673
0.0570127
12
0.0907526
0.25682
0.0290693
0.256784
49
0.773163
0.0118132
0.0576758
76
0.00780536
0.25579
0.0854678
0.275708
5
0.762347
0.00448357
0.0817139
10
0.0361007
0.214683
0.0229233
0.0134612
38
0.870341
0.0184247
0.0389093
35
0.0763884
0.301317
0.0408785
0.0357778
82
0.705603
0.0391272
0.0738761
26
0.0127411
0.0688387
0.0619081
0.339085
78
0.91476
0.054625
0.0448948
86
0.031706
0.10694
0.0938998
0.287769
41
0.741409
0.0549645
0.0665535
44
0.0942788
0.0221149
0.0445827
0.408973
65
0.777351
0.0619939
0.05838
63
0.0155914
0.48264
0.0758178
0.380907
50
0.70513
0.0291086
0.0717889
55
0.0894323
0.354718
0.0466309
0.12676
45
0.700943
0.00269378
0.0299576
88
0.0239156
0.391375
0.0425839
0.262515
28
0.767828
0.0749331
0.0984561
94
0.0616267
0.00634946
0.0233489
0.169397
56
0.906528
0.0820864
0.0587388
85
0.0940521
0.486592
0.0728794
0.312392
96
0.774163
0.0241367
0.0253677
25
0.0356041
0.307026
0.0114862
0.00186695
99
0.721558
0.0035939
0.0227001
14
0.0465712
0.397776
0.0259004
0.154979
83
0.749478
0.0279354
0.0361567
78
0.0524535
0.0863271
0.079093
0.304014
11
0.700201
0.0401443
0.0957532
73
0.0828446
0.498911
0.0756782
0.453204
78
0.72051
0.044126
0.0173252
98
0.0304485
0.329801
0.048848
0.231081
75
0.882965
0.0143845
0.0769182
3
0.0756583
0.472346
0.0886074
0.0922517
62
0.701483
0.0194512
0.0501132
94
0.0585537
0.130319
0.0301901
0.491055
18
0.896644
0.0295397
0.0758969
75
0.0517467
0.435758
0.0810703
0.366196
35
0.941144
0.0571118
0.0778567
82
0.0273107
0.405915
0.0897943
0.185921
28
0.742404
0.0218183
0.0167011
33
0.0923876
0.157503
0.0706633
0.499875
58
0.759257
0.00165331
0.0269483
73
0.0314154
0.207564
0.0294982
0.32135
79
0.90621
0.0205924
0.0326063
2
0.0583357
0.355894
0.0413969
0.0673815
72
0.827416
0.0922918
0.0818689
20
0.0652207
0.395651
0.0141459
0.426517
85
0.812258
0.0708272
0.0820359
4
0.0431324
0.28763
0.0804421
0.372006
99
0.992448
0.0896793
0.0535528
51
0.0657548
0.398685
0.0999068
0.402882
85
0.790076
0.0120562
0.0368858
2
0.0969311
0.455963
0.0256767
0.376322
24
0.772024
0.00758174
0.0811232
18
0.0646157
0.11037
0.078246
0.257717
78
0.71597
0.0419736
0.0220099
51
0.097244
0.478548
0.0345882
0.0580112
70
0.844892
0.0818418
0.0249182
33
0.0141402
0.0626052
0.0977316
0.0302173
91
0.904005
0.0713142
0.0416542
24
0.0565787
0.0898716
0.0137778
0.401111
31
0.807073
0.0903025
0.0727381
30
0.0472509
0.25372
0.0874876
0.477603
87
0.731174
0.0385988
0.0134132
77
0.0271101
0.415265
0.0966952
0.115545
21
0.735127
0.050836
0.021778
90
0.0352149
0.440951
0.0899965
0.28295
28
0.760484
0.00345008
0.0145178
19
0.0478848
0.0395005
0.052517
0.329341
67
0.995757
0.0688733
0.0110817
22
0.0737259
0.0179516
0.0910081
0.400712
51
0.783236
0.0811509
0.0192694
38
0.0246713
0.302499
0.0389843
0.200432
55
0.796923
0.0711455
0.0263808
71
0.038831
0.414376
0.0951993
0.221353
92
0.792077
0.0745199
0.0555086
94
0.064086
0.46051
0.0216893
0.04768
72
0.842844
0.0732706
0.0340888
99
0.0316216
0.0914349
0.0510929
0.0819506
60
0.799436
0.0484481
0.0807677
66
0.01612
0.153962
0.0221258
0.104844
52
0.920769
0.0583271
0.0882227
80
0.0588735
0.447162
0.0815729
0.243986
15
0.748151
0.0739091
0.00238465
100
0.0148416
0.382791
0.0520829
0.450404
29
0.721029
0.0864289
0.0249923
28
0.0957102
0.141139
0.0440384
0.0430443
36
0.909988
0.0623523
0.0991952
60
0.0850049
0.27747
0.0622441
0.41768
32
0.92869
0.0112148
0.0329004
21
0.010535
0.146403
0.093239
0.101864
22
0.728924
0.035192
0.0210892
75
0.0320821
0.0361369
0.0605119
0.418157
83
0.80463
0.0266525
0.0780899
30
0.0628344
0.0805117
0.0521359
0.435376
20
0.959261
0.0993836
0.0567418
70
0.00948203
0.0703566
0.0269475
0.134956
89
0.929515
0.0213424
0.0616
12
0.0568953
0.201934
0.0432085
0.296599
92
0.959825
0.0503012
0.0581051
83
0.0650076
0.0774414
0.0433094
0.493146
69
0.757552
0.0560148
0.0415692
77
0.0525216
0.423087
0.0765213
0.152443
7
0.891752
0.0659834
0.0633513
96
0.06262
0.0795447
0.0381792
0.478708
14
0.747084
0.0783898
0.0646631
71
0.0950062
0.0557334
0.0517907
0.145661
44
0.940475
0.0494148
0.0184355
55
0.0891005
0.328971
0.0322686
0.334948
37
0.925313
0.0395746
0.0470715
34
0.0131089
0.0926095
0.0822763
0.361924
72
0.763606
0.0690788
0.0898255
7
0.0638463
0.290797
0.0372597
0.496485
98
0.952639
0.0844159
0.0354456
53
0.0862158
0.288057
0.0653443
0.222751
85
0.819508
0.0436657
0.00635389
44
0.0119165
0.411287
0.0626954
0.479263
52
0.753506
0.0828782
0.034018
49
0.0234328
0.272099
0.0532406
0.330219
17
0.776914
0.0681068
0.0812722
1
0.0138089
0.075757
0.0635556
0.210208
77
0.750665
0.0330104
0.0439148
90
0.0143134
0.0184922
0.0436677
0.388808
4
0.911426
0.0741821
0.0111281
51
0.0797648
0.0546098
0.0423015
0.0248727
26
0.778433
0.0780126
0.0451473
38
0.0755848
0.378437
0.0264778
0.301565
82
0.939754
0.0324979
0.0713382
81
0.0798664
0.471196
0.0139777
0.191019
23
0.913527
0.0799619
0.094759
56
0.0978718
0.319912
0.0589776
0.488489
94
0.880381
0.0495472
0.0936812
29
0.0252419
0.0410847
0.0529786
0.0409485
22
0.937239
0.088003
0.0705764
90
0.0816648
0.160454
0.0985438
0.249783
33
0.926805
0.0258579
0.0783492
96
0.0421725
0.24249
0.0550831
0.0681005
12
0.887584
0.0232863
0.0532492
65
0.0842936
0.430456
0.0594999
0.463538
78
0.989539
0.0637917
0.0753503
89
0.0839348
0.348925
0.0538401
0.432972
98
0.80077
0.0276768
0.0609265
64
0.0233456
0.151363
0.0154129
0.0739799
43
0.755447
0.0172484
0.0427542
48
0.0468398
0.383114
0.0429212
0.229444
14
0.852542
0.0403475
0.081389
89
0.0958457
0.243637
0.068848
0.165352
62
0.753863
0.0592789
0.07974
44
0.080372
0.499894
0.0920984
0.187295
49
0.930322
0.0833226
0.0205967
7
0.0971145
0.180651
0.0668908
0.135328
33
0.981386
0.00249629
0.0839245
66
0.0935259
0.458427
0.0171427
0.305376
71
0.966491
0.035648
0.065037
24
0.0350551
0.0857836
0.0561403
0.151697
97
0.73294
0.0144671
0.00277079
76
0.0635299
0.148495
0.0321271
0.41962
8
0.945591
0.0932087
0.0447444
39
0.02768
0.36086
0.066317
0.0463341
62
0.903486
0.0719619
0.032334
43
0.0150293
0.324519
0.0187797
0.25042
90
0.908401
0.0912662
0.0479691
20
0.00423148
0.0596483
0.0861936
0.0760524
58
0.787689
0.0530935
0.0132463
81
0.0760325
0.291942
0.0452459
0.443886
79
0.994182
0.0139715
0.00253768
39
0.071247
0.438546
0.036667
0.0231523
66
0.98302
0.071685
0.0309775
97
0.0229093
0.188393
0.0985932
0.116693
69
0.983897
0.0692441
0.0116654
40
0.0660126
0.448551
0.0924662
0.0638704
6
0.802885
0.0211233
0.0732276
41
0.051656
0.373837
0.0465372
0.182943
22
0.866463
0.0331276
0.0690853
91
0.00188829
0.310574
0.0409988
0.490149
28
0.941972
0.0553204
0.0509047
59
0.0538855
0.103268
0.0610189
0.352973
71
0.724871
0.0135352
0.0708883
52
0.0292352
0.294998
0.0359393
0.155286
59
0.744804
0.0891631
0.0698566
45
0.0833589
0.0991041
0.0447755
0.336567
40
0.954937
0.0869543
0.094921
83
0.0334584
0.0252136
0.0832456
0.395663
36
0.738411
0.0446988
0.0802472
1
0.0401206
0.00846263
0.0128544
0.018931
80
0.869303
0.0657996
0.0377619
61
0.0039366
0.115337
0.0324299
0.469016
62
0.742659
0.0673278
0.045173
86
0.0997442
0.41366
0.0479627
0.216072
94
0.75218
0.0500164
0.0195754
26
0.081926
0.10791
0.0677558
0.0806925
90
0.764458
0.00945435
0.0437471
16
0.0370599
0.0954271
0.0878409
0.459373
58
0.92265
0.00388097
0.0993221
8
0.0129243
0.0679487
0.0596026
0.0903248
15
0.961127
0.0198799
0.0873318
78
0.0153893
0.406216
0.0666743
0.397654
5
0.907751
0.0657171
0.0834782
78
0.0702381
0.212973
0.0271653
0.219732
46
0.822783
0.0371209
0.0214384
88
0.0422785
0.321371
0.0379445
0.105959
21
0.953211
0.024482
0.00410977
5
0.0511546
0.270932
0.0226085
0.337129
8
0.854476
0.0983508
0.0384322
46
0.0559428
0.00449431
0.0251375
0.38692
53
0.745441
0.0901361
0.0636698
99
0.0222123
0.217149
0.0777059
0.00846788
37
0.761819
0.0699454
0.0485651
58
0.0480339
0.332079
0.0504586
0.238258
27
0.979811
0.0014035
0.0880107
10
0.0962785
0.0296674
0.0129347
0.39617
66
0.730272
0.0750808
0.0693702
8
0.0505619
0.222622
0.0479905
0.000375938
47
0.980078
0.0239475
0.0920515
85
0.0428604
0.296245
0.0131179
0.354573
59
0.950853
0.0303024
0.056454
98
0.0339833
0.167428
0.0364882
0.338862
13
0.899597
0.0519547
0.0570567
10
0.0749657
0.311644
0.0436525
0.179245
92
0.931732
0.0589623
0.00924406
87
0.0606104
0.179976
0.0185223
0.206707
17
0.865494
0.0612072
0.0188442
42
0.0156954
0.22122
0.0581982
0.399173
55
0.769646
0.0445018
0.0668216
76
0.0700094
0.194595
0.0113548
0.193703
54
0.808505
0.0732403
0.0576214
71
0.0955265
0.205736
0.0135583
0.194863
63
0.754917
0.0646616
0.0349225
48
0.0587344
0.451374
0.0752066
0.442591
81
0.97492
0.0234091
0.047378
24
0.00669391
0.1983
0.0139137
0.0429761
82
0.796407
0.0458247
0.0241446
3
0.039879
0.226112
0.0859059
0.433049
21
0.96589
0.0181925
0.0465637
10
0.0708898
0.337301
0.0116577
0.106832
83
0.781406
0.0797807
0.0181437
35
0.0778574
0.0238966
0.0800041
0.0228615
3
0.708497
0.0610274
0.0238231
39
0.0788733
0.209491
0.0509271
0.300383
25
0.920403
0.0913195
0.0334241
63
0.0934632
0.173209
0.0285564
0.283061
47
0.976095
0.0701297
0.0141251
71
0.0631118
0.442878
0.051685
0.157739
16
0.863599
0.0498084
0.0735704
37
0.0990903
0.0571281
0.0497495
0.133242
28
0.723697
0.0190089
0.00623541
67
0.0937289
0.269988
0.0738071
0.381529
83
0.860023
0.0368316
0.0561742
34
0.085833
0.227762
0.074878
0.121969
74
0.8935
0.0159854
0.0786054
64
0.0988497
0.235243
0.012208
0.176578
22
0.841917
0.0510051
0.0158261
56
0.0197967
0.35982
0.0938193
0.49559
74
0.838597
0.0475118
0.05931
10
0.0533327
0.491713
0.0263398
0.455633
89
0.82412
0.0581785
0.0383752
82
0.0595282
0.40272
0.0383021
0.224056
80
0.970022
0.0504979
0.0247501
35
0.0999453
0.276433
0.0641719
0.403719
93
0.917135
0.0697475
0.0976817
43
0.0342796
0.234714
0.0353283
0.470292
94
0.987831
0.0876444
0.0921547
35
0.0186484
0.244786
0.0787618
0.306182
24
0.785377
0.0725167
0.0263022
61
0.0409565
0.11355
0.0926516
0.259433
59
0.729788
0.028562
0.0513066
39
0.0929909
0.308472
0.0541032
0.368003
37
0.998472
0.0790515
0.00607853
70
0.0448105
0.193045
0.0591769
0.373293
30
0.814004
0.0979463
0.0878398
23
0.00515143
0.450782
0.0953887
0.288155
97
0.70811
0.0430597
0.0928033
70
0.0896697
0.381782
0.0839529
0.0546989
74
0.737761
0.0254043
0.0842231
18
0.0326097
0.272008
0.0602009
0.420304
57
0.910898
0.0664988
0.0808927
63
0.0624586
0.22845
0.0681365
0.190307
18
0.803505
0.00510797
0.0539197
16
0.0716564
0.27337
0.0774306
0.393297
25
0.748652
0.0655282
0.0968008
61
0.0284792
0.361766
0.0212859
0.0700038
50
0.85239
0.0806782
0.079943
52
0.0487849
0.48901
0.0603944
0.132485
95
0.921845
0.0906397
0.0358001
71
0.0580988
0.282941
0.08607
0.117007
53
0.857577
0.0490665
0.00516047
14
0.0801875
0.284859
0.065713
0.314503
59
0.975588
0.0487627
0.0476447
76
0.00981456
0.28547
0.0994016
0.427994
36
0.827011
0.0591994
0.0848652
75
0.0492688
0.49287
0.0505738
0.255192
86
0.750854
0.0940902
0.0443578
37
0.00749982
0.459921
0.0844947
0.474479
47
0.799037
0.0586654
0.0627346
7
0.0932377
0.193727
0.086706
0.237074
20
0.922363
0.085495
0.00838264
5
0.00446242
0.175043
0.0892492
0.39118
26
0.836578
0.0761782
0.0978366
85
0.0248229
0.479276
0.0667276
0.130376
100
0.9966
0.0247314
0.0301588
11
0.00339567
0.063777
0.0513755
0.439711
96
0.853601
0.0147495
0.0652058
97
0.0231433
0.289315
0.0883019
0.446124
73
0.761252
0.0271739
0.0519737
59
0.0916472
0.428975
0.0450903
0.394458
13
0.875979
0.0771645
0.0687949
72
0.0740751
0.432163
0.0493957
0.425258
84
0.989195
0.00650158
0.0766264
68
0.0164499
0.119989
0.0242544
0.143284
59
0.718242
0.092996
0.0613905
29
0.0111225
0.1707
0.0384658
0.0388166
41
0.927319
0.0227347
0.044462
88
0.00863139
0.0586336
0.0649754
0.0609597
38
0.993218
0.0109495
0.0433879
32
0.00850732
0.446565
0.0249624
0.0416674
83
0.866198
0.0936132
0.00302034
22
0.0852782
0.250153
0.0168199
0.349623
14
0.840047
0.0323857
0.0351319
32
0.0848328
0.0534753
0.0268257
0.00515584
98
0.723283
0.0816416
0.042003
27
0.0280928
0.485075
0.0714174
0.492747
19
0.737336
0.0670636
0.0224664
32
0.0675306
0.262442
0.0303935
0.325334
69
0.810647
0.0525709
0.0229791
93
0.0967044
0.035565
0.0254354
0.302972
44
0.728553
0.0577954
0.0943779
80
0.0725371
0.342723
0.0574003
0.279142
87
0.805299
0.0859361
0.0747075
33
0.0483753
0.101559
0.0723809
0.186017
73
0.909357
0.0334071
0.082196
67
0.0481879
0.166827
0.0109544
0.424824
67
0.981796
0.00302475
0.0307429
60
0.0532706
0.300185
0.0172176
0.326459
26
0.858373
0.0299458
0.00670726
67
0.00799211
0.418999
0.0997724
0.213151
8
0.870964
0.00204699
0.0686564
7
0.0364565
0.0245676
0.0599281
0.35504
45
0.904776
0.0724046
0.0671093
11
0.00259745
0.0331732
0.0750256
0.484315
55
0.7957
0.0967943
0.0733011
84
0.0189622
0.0607007
0.0500435
0.38388
89
0.889314
0.0603072
0.0661938
79
0.00603309
0.171972
0.0936859
0.230307
25
0.78
0.00733191
0.0940996
31
0.0781061
0.196938
0.0807342
0.265881
6
0.937853
0.00913202
0.0405386
33
0.0813197
0.175208
0.0677827
0.43705
92
0.776101
0.0427512
0.0290203
48
0.0856342
0.325768
0.0396432
0.333191
45
0.704645
0.0121593
0.0409991
5
0.0278589
0.0428541
0.0330605
0.0152898
6
0.763
0.0962853
0.040767
47
0.0566788
0.473511
0.0467467
0.0998166
40
0.860581
0.0704054
0.0999333
55
0.0369059
0.185959
0.0567332
0.147261
77
0.716538
0.0422147
0.0980472
100
0.0171879
0.396576
0.0456574
0.141456
51
0.792432
0.0836358
0.0197815
65
0.00910609
0.341206
0.0674989
0.350084
46
0.814665
0.0928512
0.004182
53
0.010472
0.494364
0.033365
0.0450725
5
0.96403
0.0895057
0.0913575
27
0.0719573
0.114913
0.0340589
0.319628
68
0.756798
0.0267707
0.0155489
49
0.0867433
0.190357
0.0963352
0.180288
75
0.867238
0.0455305
0.0983504
19
0.0570691
0.0146205
0.0161398
0.0329107
53
0.984075
0.00628993
0.0645471
3
0.0917178
0.0211968
0.0762262
0.0396223
39
0.822274
0.0338663
0.0183811
30
0.0730402
0.187641
0.043068
0.110231
44
0.900662
0.0851674
0.0648617
58
0.0451527
0.403273
0.0636549
0.447784
53
0.850807
0.0551714
0.0104246
52
0.0686927
0.375969
0.0835468
0.405689
70
0.825945
0.0320739
0.0925946
42
0.0835412
0.392269
0.0178056
0.146829
39
0.861273
0.0346055
0.0830329
43
0.0410817
0.369188
0.0651921
0.0492651
88
0.848851
0.0834382
0.0854649
19
0.053742
0.164963
0.0908134
0.274404
32
0.874481
0.0377775
0.0613646
57
0.0368259
0.061826
0.0387397
0.280925
88
0.7022
0.0919076
0.0528119
84
0.0496241
0.0279952
0.0768174
0.0515466
45
0.714923
0.084732
0.0140651
42
0.0460886
0.0321705
0.0361831
0.148667
45
0.862756
0.0947974
0.0970162
95
0.06979
0.189164
0.0889688
0.456461
42
0.755918
0.0472344
0.0275309
8
0.0529513
0.358582
0.0175065
0.270683
16
0.71078
0.0569298
0.0370747
81
0.0195471
0.260933
0.0498831
0.192085
89
0.94981
0.096562
0.0257477
99
0.0312021
0.475397
0.0918264
0.0339986
65
0.706372
0.0968933
0.0895324
89
0.0354121
0.488211
0.0639957
0.309577
49
0.794295
0.0303223
0.0573027
27
0.0667356
0.362901
0.0523574
0.248213
54
0.986405
0.0726788
0.0933851
56
0.0942029
0.210475
0.0701912
0.264815
2
0.718909
0.0505521
0.0338592
36
0.0113372
0.225156
0.0587723
0.149474
14
0.971407
0.0536432
0.027148
47
0.0439484
0.203493
0.0736604
0.284985
21
0.722196
0.0293723
0.0120476
93
0.0753545
0.36845
0.0397729
0.258303
92
0.931329
0.0842396
0.0912562
79
0.0608083
0.426716
0.0223657
0.211984
95
0.79779
0.00555837
0.00587014
13
0.0579862
0.0662486
0.0771447
0.263073
50
0.932157
0.0386357
0.0402809
6
0.0341509
0.437341
0.0568295
0.331474
51
0.707236
0.0167355
0.0661397
46
0.0101237
0.404615
0.0515457
0.498171
48
0.821648
0.0960566
0.0623242
10
0.0134649
0.257636
0.041963
0.0839159
43
0.905199
0.0313719
0.0768004
18
0.00527805
0.109366
0.0412914
0.409153
30
0.736625
0.00672113
0.00336027
4
0.0814563
0.456961
0.0285004
0.369058
77
0.850336
0.0898269
0.00288174
40
0.0179481
0.238747
0.0691099
0.436738
9
0.806207
0.0534136
0.0394554
63
0.0407871
0.340331
0.0469741
0.440204
9
0.892831
0.0448692
0.0334934
53
0.0704282
0.133088
0.0614844
0.236086
29
0.951765
0.0825962
0.0892363
14
0.0807275
0.371748
0.0787417
0.476233
16
0.831448
0.0104747
0.0756486
38
0.0769782
0.0491612
0.0486586
0.123282
7
0.962901
0.0606938
0.076128
93
0.017806
0.132504
0.0611706
0.00396798
76
0.739655
0.0568137
0.039664
5
0.0975139
0.470644
0.0476756
0.174985
4
0.875798
0.0686286
0.0233739
9
0.0331779
0.126818
0.020032
0.335919
7
0.786711
0.0677705
0.0704355
2
0.0601417
0.387757
0.0273315
0.260162
38
0.900075
0.0306578
0.0805927
54
0.0682259
0.230554
0.0827128
0.119189
47
0.824938
0.0162504
0.0677037
77
0.0396094
0.495871
0.0220384
0.285437
96
0.871149
0.0954445
0.0724347
29
0.0992864
0.462799
0.0630779
0.289556
40
0.840716
0.0153575
0.0495431
69
0.0307355
0.127296
0.0945686
0.348785
90
0.726403
0.0769397
0.0691608
43
0.0597461
0.184439
0.0120217
0.34503
30
0.885754
0.00974592
0.0701892
17
0.0286739
0.419637
0.0535013
0.328091
23
0.766725
0.0990741
0.049209
2
0.0723223
0.298432
0.0856594
0.0938744
71
0.878418
0.0466434
0.0441401
69
0.0494058
0.0158355
0.0971732
0.392549
63
0.99188
0.0881449
0.0497821
28
0.0713546
0.400937
0.0358984
0.353028
93
0.853814
0.0539049
0.00496451
64
0.0926169
0.0649052
0.0536046
0.189863
82
0.876865
0.0868442
0.0900895
96
0.0905867
0.032051
0.079389
0.124844
66
0.861629
0.0981384
0.0107389
59
0.0403236
0.100219
0.0665168
0.112723
39
0.793468
0.0353919
0.0105296
36
0.0335901
0.0877663
0.0836434
0.471593
54
0.99834
0.0150625
0.0963186
75
0.0345344
0.161949
0.0330213
0.181133
17
0.713602
0.0165501
0.0379863
4
0.0451942
0.474502
0.0112201
0.204384
50
0.775417
0.00842562
0.083248
32
0.0192733
0.0504566
0.0146409
0.178683
2
0.712748
0.0322687
0.0523177
96
0.094566
0.303238
0.0969674
0.0550961
10
0.816177
0.0420846
0.0297542
20
0.090299
0.42299
0.0169836
0.244616
81
0.966929
0.0943421
0.0864851
73
0.0987227
0.219906
0.0266359
0.351096
95
0.820429
0.0754148
0.0591607
62
0.0384572
0.259216
0.0991191
0.297757
29
0.965221
0.0824102
0.0311901
49
0.0180758
0.454445
0.0195783
0.111079
86
0.997584
0.0632284
0.0621266
80
0.059025
0.379111
0.0211272
0.12003
75
0.901368
0.0252641
0.0453684
58
0.0302302
0.0842624
0.0424134
0.365874
68
0.95613
0.0470626
0.0679327
79
0.0637354
0.108886
0.0983032
0.434343
99
0.889645
0.0106709
0.0135971
91
0.00952176
0.408578
0.0153325
0.461794
35
0.924344
0.0315546
0.0279295
2
0.0300086
0.453756
0.0624776
0.322944
85
0.936741
0.0579845
0.0503719
50
0.0685118
0.20089
0.0621971
0.346476
10
0.727158
0.0340417
0.0604177
17
0.0416298
0.336685
0.0876274
0.205882
20
0.994994
0.00541605
0.0423589
40
0.0557726
0.224885
0.0325146
0.295981
37
0.868534
0.0601328
0.097363
13
0.00699237
0.280216
0.0283196
0.378445
5
0.798667
0.00798698
0.0143483
15
0.0362764
0.330219
0.092917
0.25317
55
0.801553
0.0451253
0.0471608
22
0.081132
0.14258
0.0177244
0.114995
63
0.811749
0.086168
0.0409816
84
0.0679002
0.0522616
0.0443274
0.454188
4
0.907422
0.03697
0.0494349
3
0.0212786
0.241164
0.0179277
0.0140963
67
0.991584
0.0530675
0.0890262
20
0.0550644
0.0565933
0.0298616
0.428912
33
0.91231
0.0113879
0.0741731
72
0.0718148
0.496643
0.0873846
0.0254062
19
0.877664
0.00192365
0.0178366
80
0.0576312
0.247304
0.0711715
0.071049
27
0.839238
0.0523155
0.0846883
21
0.0514603
0.3475
0.0896318
0.466914
55
0.93525
0.0456839
0.00806204
1
0.0962177
0.0373353
0.0237547
0.382203
47
0.864879
0.0392813
0.0915027
50
0.0215679
0.412386
0.0754282
0.457704
61
0.726065
0.0428024
0.05532
98
0.0621996
0.23729
0.0956469
0.0721321
2
0.817176
0.0619559
0.0868536
99
0.0886914
0.370146
0.0369104
0.384557
71
0.973458
0.0130159
0.0790053
53
0.0260643
0.264194
0.0119629
0.234367
44
0.938774
0.0388475
0.0589099
19
0.060529
0.263104
0.0825046
0.267901
75
0.918465
0.0372944
0.0150702
18
0.0126605
0.00160328
0.0829752
0.467581
80
0.978701
0.0907081
0.0275867
91
0.0563711
0.46593
0.0444387
0.163844
48
0.806933
0.0262328
0.0202347
15
0.0744238
0.468258
0.0655835
0.0642271
69
0.711885
0.0758523
0.013729
55
0.00144959
0.28119
0.0807883
0.0313241
1
0.91968
0.0831099
0.0643449
49
0.092187
0.275833
0.0890741
0.0870992
46
0.99466
0.0183645
0.0938969
96
0.0458229
0.399998
0.022542
0.247688
31
0.883388
0.0636754
0.0319755
6
0.0912336
0.333677
0.0597201
0.327665
96
0.895874
0.0614291
0.0763298
19
0.0902723
0.0972853
0.0571184
0.415239
65
0.856318
0.0360818
0.0869798
28
0.0649166
0.0440277
0.0308889
0.0108508
32
0.84739
0.0804778
0.012915
43
0.088005
0.245115
0.0631567
0.156066
42
0.731914
0.0572332
0.0489332
89
0.0773326
0.476736
0.0767377
0.486325
29
0.923301
0.0522198
0.00391031
65
0.0241449
0.139345
0.0588598
0.225614
46
0.884803
0.0141862
0.0909898
99
0.0337219
0.31755
0.0351865
0.162396
79
0.976856
0.0860489
0.0375592
24
0.0692266
0.0655966
0.0249319
0.158846
17
0.972184
0.0203241
0.0637951
46
0.0108211
0.00739853
0.0347373
0.173918
95
0.83449
0.0746886
0.0551928
43
0.0680202
0.206636
0.0865803
0.342527
91
0.939932
0.0823718
0.0190645
69
0.0446836
0.26707
0.0930938
0.172853
76
0.969329
0.00778722
0.0709372
16
0.0382273
0.168981
0.0846907
0.482598
91
0.957388
0.00430276
0.00873614
73
0.0869588
0.366551
0.091658
0.0855803
41
0.750023
0.0406838
0.0712534
85
0.0767816
0.0963522
0.0349243
0.344983
22
0.77795
0.0047396
0.0346336
59
0.0573334
0.00100158
0.0660554
0.423853
72
0.831849
0.0667004
0.0461761
49
0.0289014
0.17892
0.0503122
0.357032
40
0.944562
0.0662419
0.0737993
66
0.0324072
0.393421
0.0763611
0.460566
31
0.938151
0.0975188
0.00147991
60
0.086401
0.123473
0.0335585
0.487776
63
0.933604
0.0335835
0.0237293
84
0.0760862
0.316898
0.0851708
0.0774274
96
0.818138
0.00329983
0.00125601
87
0.0329574
0.00313399
0.0540051
0.0740933
60
0.843333
0.060523
0.0619325
23
0.0413419
0.0731187
0.029671
0.199196
71
0.872288
0.0327753
0.0923035
83
0.0620853
0.424924
0.0820342
0.272091
52
0.823264
0.0789866
0.0997401
77
0.0210129
0.249797
0.0342848
0.18866
42
0.855031
0.0283173
0.00177998
57
0.059995
0.165279
0.0973944
0.220595
70
0.934408
0.0260682
0.0529128
22
0.035916
0.202758
0.0301071
0.0441286
64
0.955422
0.0358137
0.0875748
62
0.0204475
0.19594
0.0919458
0.0890232
25
0.895151
0.0477009
0.047819
62
0.0242025
0.363904
0.0557065
0.360372
9
0.710736
0.0959634
0.0770656
47
0.0976716
0.483638
0.0181818
0.497507
97
0.736351
0.0459921
0.089335
93
0.0440544
0.334314
0.0530541
0.228649
88
0.974054
0.0777574
0.0682423
7
0.0202053
0.374222
0.0545183
0.385776
90
0.954487
0.0396347
0.0390487
62
0.0765567
0.0941241
0.0870204
0.170252
34
0.76462
0.0417829
0.0995868
13
0.0689662
0.090326
0.0981194
0.462997
3
0.835376
0.0192722
0.0726563
54
0.0674768
0.11625
0.0281279
0.242766
54
0.782463
0.0256981
0.0243741
16
0.011044
0.0982888
0.0218457
0.316473
33
0.977253
0.0383562
0.0176852
11
0.0794433
0.38548
0.0415582
0.290203
20
0.829227
0.0729963
0.0165401
15
0.0827535
0.0822636
0.01832
0.412682
1
0.950185
0.0359023
0.0672989
15
0.0809558
0.130026
0.0194936
0.0789408
48
0.782848
0.0693257
0.0365992
27
0.00466746
0.104591
0.0760226
0.202897
39
0.752652
0.0463642
0.0499776
73
0.0404886
0.326411
0.0689015
0.340706
2
0.859557
0.0123511
0.0347667
60
0.0671301
0.254579
0.0817786
0.00968962
98
0.918043
0.00484084
0.046492
11
0.0306332
0.452055
0.0326939
0.0538712
92
0.980994
0.0609648
0.0187052
9
0.037328
0.0162295
0.0644355
0.431624
76
0.703028
0.0437756
0.0786642
35
0.0854294
0.299537
0.0819272
0.343099
37
0.908873
0.0348189
0.0825527
64
0.0778058
0.443318
0.0841651
0.153095
90
0.961863
0.0640736
0.0295086
47
0.0662535
0.49093
0.0256344
0.0279151
30
0.709089
0.00869128
0.0884498
79
0.0632491
0.308029
0.0370975
0.44535
87
0.758181
0.0780318
0.0102117
35
0.0470909
0.445237
0.0374746
0.113113
74
0.867996
0.0867227
0.0304233
12
0.0185544
0.246928
0.0747848
0.0482825
48
0.793052
0.00698024
0.0431889
92
0.0899991
0.10553
0.0313044
0.034292
10
0.89831
0.0102304
0.0858439
20
0.0839706
0.433155
0.0744485
0.137788
34
0.790542
0.0755428
0.0148048
83
0.0167451
0.00984821
0.0292872
0.390371
87
0.919262
0.0187122
0.0392915
73
0.0554422
0.497761
0.0579977
0.367682
93
0.951257
0.0518453
0.0217925
97
0.0721209
0.314726
0.0943852
0.375989
64
0.779231
0.0848821
0.0222076
63
0.0882739
0.331116
0.0718133
0.363278
15
0.95788
0.0814842
0.00110474
84
0.0665238
0.344639
0.0558159
0.0979744
27
0.843678
0.0515796
0.0286058
7
0.087467
0.464009
0.0577541
0.108386
18
0.733806
0.0977663
0.0292009
95
0.0163051
0.013041
0.0740471
0.0219583
31
0.872051
0.0169444
0.0328181
94
0.0251308
0.416116
0.0230285
0.364115
38
0.809111
0.0250669
0.0663848
66
0.0134841
0.316029
0.0306695
0.315378
49
0.717809
0.0949811
0.00967595
46
0.0919599
0.318616
0.0417345
0.41188
11
0.785787
0.0922685
0.0122909
97
0.00229596
0.23128
0.0400488
0.0290438
85
0.780452
0.0317048
0.00951241
55
0.00763996
0.071831
0.020365
0.398345
75
0.772663
0.00823273
0.00778999
74
0.0262532
0.147783
0.0645494
0.0967161
13
0.928235
0.0985541
0.0398767
82
0.00199256
0.449547
0.0802018
0.359452
86
0.848094
0.0802968
0.024241
83
0.0418441
0.357093
0.0456191
0.0625496
64
0.747779
0.0404593
0.0209715
25
0.0784937
0.0888226
0.0576212
0.441936
35
0.913064
0.026372
0.0715369
77
0.0541009
0.322812
0.0401114
0.472952
24
0.704078
0.0511174
0.0212224
9
0.0792125
0.020674
0.0108765
0.317755
56
0.881923
0.046896
0.085037
80
0.0612148
0.457145
0.0476171
0.140561
76
0.802563
0.0543258
0.0282026
78
0.0487164
0.268339
0.0734221
0.293717
17
0.873994
0.048639
0.0127491
22
0.0879169
0.229352
0.0214497
0.44803
91
0.71935
0.0998388
0.0721287
61
0.0709848
0.401804
0.056314
0.406708
60
0.877119
0.0792288
0.00860972
67
0.0256599
0.248207
0.0814461
0.241466
96
0.898738
0.098924
0.0696001
46
0.0909718
0.136538
0.0965559
0.0943262
81
0.702875
0.0970906
0.0917616
72
0.00117795
0.163885
0.0959102
0.0165514
32
0.916384
0.0899878
0.0199204
33
0.0574596
0.323043
0.0144984
0.12962
16
0.856686
0.0925925
0.0951328
95
0.00302435
0.436051
0.0719542
0.183731
98
0.846241
0.0242678
0.0260721
95
0.0490517
0.045377
0.0189999
0.430167
74
0.916926
0.0642259
0.0826204
41
0.0727145
0.477057
0.078491
0.379107
24
0.873135
0.0767465
0.0959968
26
0.0202649
0.0721359
0.0543481
0.0579159
86
0.879869
0.0224166
0.0974817
23
0.0387352
0.0136027
0.0839977
0.128945
10
0.795632
0.0374439
0.00815335
54
0.0183091
0.469937
0.0316527
0.404404
68
0.741173
0.0629956
0.0684432
31
0.0445457
0.152534
0.0484838
0.19555
88
0.932873
0.041191
0.0902693
45
0.0200041
0.417331
0.0133799
0.266368
6
0.716913
0.0849845
0.0206163
37
0.0501086
0.122342
0.0151638
0.0113538
23
0.751867
0.0764124
0.0749885
61
0.0994409
0.183115
0.0494448
0.410833
57
0.880901
0.0877291
0.00907638
17
0.00884397
0.199853
0.0686544
0.299554
8
0.799941
0.00892134
0.067905
29
0.0391306
0.011452
0.082821
0.481111
42
0.926383
0.00873851
0.0792157
58
0.0309074
0.137776
0.0377483
0.159012
26
0.964754
0.0635192
0.0149564
40
0.0424705
0.377687
0.0647642
0.387918
43
0.739309
0.013242
0.00445283
11
0.0454236
0.434145
0.0552837
0.218046
68
0.706924
0.0208076
0.0905772
28
0.0465365
0.15476
0.0458987
0.416812
15
0.833614
0.065243
0.0794324
80
0.0392331
0.365182
0.0571982
0.332905
89
0.825547
0.0298244
0.0534327
67
0.0432009
0.343506
0.0314893
0.00703882
42
0.78118
0.0598652
0.0965773
18
0.0206489
0.481319
0.0989216
0.103571
43
0.815845
0.0108021
0.0515151
37
0.0964407
0.093843
0.0239289
0.0793348
76
0.75738
0.0223133
0.0853139
54
0.0860858
0.389531
0.0392481
0.0562774
72
0.985314
0.0155293
0.0606318
41
0.060377
0.339118
0.0978868
0.0592256
34
0.903093
0.0116036
0.0521942
12
0.00823652
0.0467657
0.0584963
0.166172
65
0.968944
0.062924
0.0729162
44
0.0273728
0.236928
0.0879922
0.251807
58
0.893968
0.0950858
0.0160816
39
0.0220018
0.0836831
0.07264
0.0522234
73
0.758744
0.00681276
0.0295862
87
0.0521946
0.00298606
0.0672188
0.109773
3
0.945166
0.0809234
0.0952813
46
0.0668599
0.251402
0.0560056
0.252136
84
0.982501
0.0442595
0.00677211
30
0.0876211
0.352411
0.010557
0.307943
33
0.858596
0.0939938
0.0160255
18
0.037938
0.380733
0.0792221
0.0202641
82
0.720324
0.0284918
0.0775603
30
0.0115181
0.156271
0.0923924
0.161222
99
0.972073
0.0432321
0.0430258
48
0.0770435
0.388544
0.0548638
0.429861
30
0.845707
0.023115
0.0745933
51
0.0118805
0.463659
0.0912328
0.449281
3
0.746469
0.0311627
0.0630824
78
0.0953843
0.390548
0.0961471
0.086012
27
0.801848
0.0547216
0.0699933
57
0.0326897
0.220251
0.0235761
0.268955
68
0.839595
0.0973664
0.0844497
38
0.0508261
0.367061
0.0658787
0.413036
38
0.768879
0.0706703
0.0559881
94
0.00726785
0.158704
0.0697702
0.144568
29
0.73577
0.0627546
0.0169568
88
0.0884359
0.197355
0.0462353
0.358705
11
0.997062
0.0709128
0.0955421
86
0.00322207
0.42084
0.0673785
0.0262169
16
0.968131
0.0133223
0.0525197
6
0.00649607
0.305047
0.071607
0.201466
5
0.808047
0.028866
0.059996
94
0.00593528
0.304641
0.079677
0.0372588
65
0.826541
0.0191546
0.0069428
86
0.0927551
0.131727
0.096928
0.0848218
94
0.819825
0.0855537
0.0305617
92
0.064554
0.209046
0.0881603
0.171701
36
0.963643
0.0179636
0.0266608
31
0.0122983
0.216576
0.0491911
0.00696678
61
0.914432
0.0994466
0.0743156
90
0.0983726
0.372362
0.0778915
0.0193297
21
0.740234
0.00125058
0.0873158
6
0.0382115
0.232226
0.0190207
0.246737
34
0.715049
0.0650332
0.0313734
36
0.0346988
0.141063
0.072505
0.0988602
97
0.912128
0.0933947
0.0773578
92
0.0377835
0.384903
0.0103692
0.0666482
19
0.87923
0.00582625
0.0228607
15
0.0787593
0.172669
0.0124012
0.0884962
53
0.888799
0.0721204
0.0419831
9
0.0158879
0.035085
0.0812524
0.298882
40
0.945838
0.0800223
0.0564231
26
0.0290045
0.409628
0.061314
0.485785
88
