0.903279
0.00533364
0.4502
91
0.000296009
0.0470297
0.0439789
0.351951
44
13.6714
0.222402
0.939754
0.0156211
0.0721753
94
0.00630525
0.0357766
0.0476998
0.0531324
6
10.3495
0.366861
0.955414
0.0292435
0.12814
8
0.00474105
0.0653575
0.0103495
0.403376
52
11.629
0.0686444
0.912893
0.077172
0.296773
25
0.00471629
0.0507633
0.0174095
0.161634
66
11.4757
0.299496
0.9121
0.0399779
0.471559
82
0.00671209
0.0624946
0.0183376
0.40807
76
4.39833
0.353615
0.97758
0.094549
0.316699
38
0.00974966
0.0163104
0.0358089
0.281652
58
11.2139
0.27023
0.927861
0.0828545
0.284274
21
0.000913764
0.0670658
0.0205349
0.430679
22
5.077
0.357125
0.980732
0.0565416
0.492402
97
0.00478547
0.0796761
0.0403227
0.167817
69
8.7308
0.352897
0.904616
0.0464669
0.421349
71
0.00188337
0.0203208
0.0139592
0.387625
65
14.5078
0.0223436
0.907072
0.049161
0.16994
69
0.0059682
0.00894846
0.0268243
0.485209
96
11.97
0.289982
0.933202
0.020962
0.0431982
29
0.00525821
0.0661983
0.0363413
0.314123
81
14.532
0.334286
0.990174
0.0962265
0.151499
31
0.00170348
0.0580822
0.0302114
0.435286
51
8.60452
0.162807
0.976563
0.0604786
0.149407
87
0.00305795
0.0127613
0.0358988
0.0301802
26
5.32388
0.105697
0.954436
0.0866134
0.462069
77
0.00903661
0.0975508
0.0204389
0.139537
92
9.08863
0.264587
0.994496
0.0412686
0.162034
80
0.00565124
0.0664678
0.0306296
0.358048
42
8.45968
0.015528
0.953393
0.046952
0.0350522
45
0.00799998
0.0949505
0.0452836
0.32443
90
5.69659
0.0774191
0.967274
0.00278341
0.160849
2
0.00897525
0.0767612
0.0115326
0.242746
23
14.6167
0.0384333
0.943709
0.0100907
0.228653
19
0.000756055
0.00441345
0.010022
0.376209
25
12.9624
0.251916
0.978389
0.0277781
0.30716
3
0.00185025
0.0596784
0.0449585
0.293625
28
3.65874
0.0550958
0.983579
0.0122766
0.455129
92
0.00425287
0.0187238
0.0333039
0.062242
67
7.91573
0.382335
0.953051
0.0914539
0.379979
57
0.00951703
0.0390545
0.0225718
0.235779
26
14.5543
0.242267
0.932422
0.00418952
0.104597
88
0.00568007
0.0341001
0.0118752
0.379884
49
8.69052
0.0792932
0.931137
0.0611264
0.0808539
42
0.00343647
0.0392173
0.0424168
0.372208
21
8.68157
0.325913
0.98728
0.0114702
0.0939458
22
0.00505848
0.0966505
0.0462079
0.264427
16
4.23832
0.073369
0.958947
0.0366494
0.410236
15
0.000707282
0.0492682
0.0172079
0.137331
39
13.7552
0.234574
0.93796
0.0897038
0.298384
98
0.000866926
0.0511843
0.0460059
0.129502
9
4.35132
0.322085
0.94104
0.057093
0.302434
24
0.00768762
0.00561257
0.0293813
0.303942
98
13.7006
0.0457586
0.974661
0.00296221
0.389954
4
0.00255521
0.0708056
0.0454711
0.260836
54
8.11905
0.169459
0.900295
0.0112121
0.42263
84
0.00888099
0.00615819
0.0297346
0.420557
38
4.73249
0.153985
0.988313
0.0248464
0.349581
94
0.00451339
0.00463991
0.0475427
0.180483
76
9.46607
0.0886036
0.924531
0.0485078
0.249852
42
0.00674666
0.0929501
0.0108579
0.123555
4
7.75951
0.0675609
0.943227
0.016616
0.376351
75
0.00905812
0.00102887
0.0242065
0.00559109
79
14.8104
0.35413
0.932828
0.0394829
0.418419
89
0.00108412
0.0923268
0.0121997
0.232719
80
5.123
0.0596014
0.976349
0.0756727
0.370621
48
0.00183335
0.0605911
0.0366051
0.035774
47
4.64714
0.123361
0.955089
0.0888792
0.186221
98
0.00413157
0.0935856
0.0310928
0.431074
47
11.5417
0.260839
0.943892
0.0765638
0.39204
71
0.00725855
0.0573025
0.015907
0.148444
2
6.4143
0.380616
0.956486
0.0707682
0.199348
82
0.00164646
0.0744165
0.0234246
0.297927
100
12.3075
0.364573
0.980383
0.0730061
0.449247
24
0.00481775
0.0627475
0.0405974
0.366868
2
13.3535
0.0102998
0.927088
0.0359282
0.386332
68
0.00235796
0.0384781
0.0113947
0.300365
30
11.6723
0.336835
0.959682
0.020849
0.127803
54
0.0032373
0.0909839
0.0267078
0.193571
67
11.8786
0.370635
0.985439
0.0253632
0.140575
87
0.000741272
0.0688556
0.0189551
0.353766
63
10.5229
0.120745
0.956761
0.0541696
0.0328914
93
0.00705225
0.0982599
0.0312077
0.128251
13
11.2704
0.275779
0.951665
0.0177214
0.261367
81
0.00455692
0.0520343
0.0448491
0.134572
21
5.90842
0.148791
0.964435
0.0802138
0.271406
75
0.00367107
0.0778789
0.0425437
0.0227138
84
12.4478
0.202288
0.915194
0.0418863
0.385019
72
0.00616235
0.0960124
0.040141
0.249768
3
5.75824
0.149927
0.947897
0.0543007
0.400854
63
0.00954066
0.0209735
0.0267505
0.459241
57
10.7599
0.0196563
0.921974
0.030679
0.291791
23
0.000452408
0.0734579
0.0382039
0.208719
75
14.6514
0.256349
0.975829
0.0300307
0.0675937
13
0.00524695
0.0741916
0.0405069
0.462315
23
5.44826
0.166482
0.985908
0.0609673
0.147928
77
0.00983981
0.0215386
0.0212096
0.343187
77
8.88434
0.321471
0.992456
0.0535469
0.113014
12
0.00320342
0.00125017
0.0334848
0.468449
96
14.8708
0.285876
0.961562
0.0381833
0.478768
95
0.00880384
0.0873695
0.0249589
0.00106462
82
9.70522
0.151028
0.942783
0.0530563
0.485378
37
0.00937137
0.054003
0.0317077
0.0979554
97
8.49907
0.175099
0.930148
0.0458924
0.193236
90
0.00807863
0.0632912
0.0338127
0.355697
49
8.98027
0.336174
0.9871
0.00433335
0.0860999
7
0.00266914
0.0307814
0.0180641
0.384801
97
3.48276
0.0836608
0.932259
0.059665
0.105694
53
0.00476961
0.00608434
0.0283079
0.326079
18
9.21384
0.218962
0.981062
0.0759953
0.111623
99
0.00820302
0.0161668
0.0389476
0.463841
81
7.86599
0.181847
0.929851
0.0819751
0.344616
40
0.00296285
0.0102056
0.0145023
0.482638
100
4.61114
0.360182
0.966224
0.0197841
0.366859
70
0.00263872
0.0483273
0.0447017
0.144333
17
8.01877
0.0291405
0.958522
0.0214641
0.452579
47
0.00127861
0.00422142
0.0346958
0.239544
38
12.1178
0.312873
0.962365
0.0870271
0.273719
25
0.00197465
0.0705695
0.012733
0.0044429
4
5.66883
0.130855
0.90729
0.0379024
0.228051
65
0.0062854
0.00922842
0.011813
0.288202
3
13.4606
0.287854
0.97588
0.0614568
0.219503
80
0.00697257
0.0703084
0.0220207
0.328983
30
5.35978
0.34495
0.997122
0.0969746
0.159078
90
0.00105942
0.0213889
0.0421032
0.20406
2
5.56852
0.089597
0.981561
0.0693504
0.152135
55
0.00661695
0.0911426
0.0136811
0.47651
63
14.7392
0.311117
0.906778
0.039055
0.100709
3
0.00801662
0.0337144
0.0445743
0.331349
5
6.21715
0.0871449
0.956203
0.0865164
0.304856
88
0.00437359
0.0158168
0.0245557
0.142337
60
12.8521
0.301278
0.910452
0.0475612
0.48861
28
0.00409382
0.0516513
0.0411435
0.0334068
25
6.73156
0.294252
0.915832
0.0984334
0.255087
15
0.00110007
0.00972539
0.0198004
0.0576407
68
14.1615
0.394185
0.939101
0.0613794
0.258083
17
0.0081287
0.0671816
0.0128263
0.453531
29
11.3046
0.136195
0.948979
0.074352
0.38166
84
0.00553863
0.0798195
0.0356129
0.396033
45
14.0555
0.236856
0.964645
0.0246748
0.339928
58
0.00251526
0.0877117
0.0326572
0.290466
37
11.2344
0.0110846
0.926782
0.0777443
0.354289
90
0.00831095
0.0383276
0.0214492
0.317728
79
7.17326
0.211819
0.994799
0.0317132
0.306109
78
0.00281753
0.0783243
0.018302
0.47811
49
10.5822
0.121117
0.920649
0.0340002
0.118252
40
0.00594812
0.043035
0.027945
0.378733
15
13.0539
0.132168
0.979349
0.0595689
0.142265
67
0.00245449
0.0182278
0.0488614
0.199776
3
4.82579
0.36154
0.916522
0.0630815
0.200817
52
0.00774005
0.0747178
0.0433068
0.244908
45
12.1725
0.221507
0.957437
0.00712365
0.058756
90
0.00148015
0.0535666
0.0105843
0.341141
93
3.32729
0.190807
0.991627
0.079651
0.374682
79
0.00326714
0.077698
0.0378399
0.0407656
9
4.52059
0.227439
0.979089
0.082468
0.221586
55
0.00331807
0.00164722
0.0344019
0.211202
58
4.46052
0.0182724
0.94561
0.0402162
0.124668
3
0.00539302
0.0643282
0.0474338
0.197729
72
13.5405
0.119043
0.908086
0.00497226
0.43427
81
0.00530203
0.0181331
0.0225173
0.0156918
39
3.39494
0.123072
0.944196
0.025087
0.203741
51
0.00224886
0.0395883
0.044769
0.217748
16
3.55605
0.102769
0.906612
0.0805897
0.113705
93
0.00486579
0.0217406
0.0303706
0.243475
70
7.51736
0.237676
0.921568
0.070075
0.0130904
8
0.00352713
0.00219084
0.0410926
0.191371
10
9.00107
0.390588
0.93331
0.00869118
0.236847
79
0.00371444
0.057739
0.0482524
0.111799
40
8.14421
0.135125
0.996477
0.0431517
0.164293
50
0.00824733
0.0591858
0.0435994
0.498737
76
12.1252
0.393642
0.987333
0.0478754
0.204583
12
0.00191851
0.0711735
0.0307936
0.159728
57
12.3684
0.187554
0.951284
0.0841301
0.0235703
10
0.00167386
0.0334321
0.0483917
0.098306
40
3.34891
0.0997161
0.965995
0.0514951
0.45453
23
0.00957455
0.00706897
0.0385618
0.00714487
7
4.43046
0.239905
0.949817
0.000275906
0.163272
21
0.00199904
0.0497256
0.0495275
0.0646675
12
9.67929
0.107598
0.998704
0.0723652
0.2952
36
0.0060842
0.0149082
0.0308227
0.426842
14
5.15533
0.170898
0.914201
0.0057692
0.201643
72
0.006128
0.0916057
0.0316709
0.382835
14
14.1253
0.136427
0.928777
0.021784
0.312726
84
0.00734084
0.0227624
0.0235882
0.173691
12
10.5515
0.377227
0.99684
0.0695631
0.387413
26
0.00010602
0.0950821
0.0236628
0.152203
18
10.7442
0.201111
0.915416
0.0133023
0.286458
30
0.00301529
0.0833905
0.0208048
0.361098
29
13.8863
0.373018
0.968799
0.001754
0.347278
20
0.00551209
0.0419598
0.0187472
0.424447
1
12.1446
0.0862195
0.957327
0.057372
0.206341
96
0.00874527
0.0970002
0.0325003
0.227921
39
8.76528
0.111902
0.927668
0.000379664
0.277289
43
0.00555921
0.00855152
0.0451633
0.439709
6
4.54319
0.274434
0.971132
0.0455392
0.121804
19
0.00445111
0.0026684
0.0231973
0.497612
37
11.3861
0.396816
0.981181
0.0215158
0.385297
98
0.00701129
0.0666441
0.0330412
0.185316
53
5.38702
0.181509
0.96101
0.0562235
0.00976871
29
0.00112286
0.0995019
0.0318137
0.0482186
68
5.41001
0.0363171
0.939464
0.0558368
0.375986
62
0.00543943
0.0276882
0.0392738
0.0268975
59
7.92505
0.365689
0.993278
0.0811906
0.251056
89
0.00548119
0.0883291
0.0171076
0.416646
34
7.73616
0.318272
0.919132
0.072726
0.0273726
14
0.00272898
0.0794426
0.034269
0.0803951
99
10.8939
0.177062
0.945828
0.0738738
0.0418484
85
0.00100401
0.0119127
0.0188013
0.0834384
90
6.18189
0.117036
0.975096
0.0438108
0.0060399
58
0.006328
0.00874425
0.0376493
0.138362
19
4.33959
0.283703
0.959398
0.0386973
0.0497
43
0.00846803
0.0561654
0.0281905
0.0569689
16
8.28505
0.320823
0.985604
0.0523658
0.0772447
76
0.00102697
0.0887307
0.04161
0.440651
84
10.1956
0.231658
0.968482
0.00821977
0.0913453
39
0.00786478
0.0132037
0.0264213
0.0699311
3
7.65819
0.124609
0.905247
0.0229193
0.248596
79
0.00229618
0.0133651
0.0452185
0.215657
88
6.90236
0.259949
0.936246
0.0753039
0.417814
48
0.0088944
0.0557194
0.0181105
0.160278
58
4.16356
0.276874
0.900715
0.044967
0.0750204
99
0.00175382
0.0717322
0.0322944
0.0206887
48
7.38394
0.17291
0.967599
0.0146426
0.364971
34
0.00284438
0.0323153
0.0404555
0.34465
9
10.2885
0.288722
0.909859
0.0575471
0.447801
42
0.00415494
0.0602906
0.013893
0.31256
13
3.79707
0.128434
0.91981
0.0946533
0.0962169
72
0.00104532
0.0415269
0.0241306
0.3382
14
11.1653
0.165868
0.983465
0.0332038
0.0982082
91
0.00469446
0.0699969
0.014428
0.371792
55
13.2046
0.0576032
0.902206
0.0821795
0.136946
72
0.00258625
0.0986445
0.0117429
0.113692
85
3.52335
0.0943346
0.950652
0.0191982
0.319218
6
0.00537468
0.0135302
0.037189
0.407678
61
8.75906
0.269581
0.920091
0.0952379
0.130654
96
0.00804993
0.084313
0.0374496
0.0917049
75
4.71724
0.0890211
0.907757
0.037458
0.0502431
76
0.00980035
0.00733726
0.0356965
0.388743
8
9.25646
0.0422778
0.901479
0.0832678
0.388915
23
0.00160544
0.0447772
0.0368932
0.25211
1
13.0145
0.29647
0.905584
0.0697224
0.323235
37
0.00204107
0.0730687
0.0198669
0.315935
45
11.4116
0.154436
0.96827
0.0910569
0.202846
18
0.00620487
0.0845928
0.0490846
0.280472
33
8.47391
0.327491
0.990808
0.0132635
0.216752
33
0.00311701
0.0123918
0.0427858
0.329947
17
8.9082
0.276076
0.93827
0.0417424
0.220516
43
0.00120496
0.0686482
0.0258542
0.115096
6
7.48943
0.266085
0.910014
0.0425142
0.382038
60
0.00722124
0.0693707
0.022202
0.154581
42
4.97168
0.302971
0.962895
0.0371419
0.0763538
34
0.00644433
0.069059
0.0438789
0.26164
86
6.32513
0.279408
0.974198
0.0772937
0.324732
12
0.00708326
0.066057
0.0397113
0.493491
41
4.08052
0.292202
0.969637
0.098686
0.178522
81
0.00313278
0.0865533
0.0476372
0.473709
60
8.41775
0.187985
0.937486
0.0616627
0.474381
35
0.00867618
0.0859853
0.0489074
0.126196
28
11.9945
0.095903
0.958123
0.0791433
0.0796186
39
0.00434803
0.0356449
0.012549
0.0192874
71
10.8114
0.380122
0.934864
0.0584231
0.244205
89
0.00992461
0.0864026
0.0308853
0.0122175
31
5.10023
0.0389426
0.922093
0.0220478
0.359569
73
0.00448647
0.0922429
0.0192759
0.449885
19
14.3221
0.246706
0.953099
0.0619714
0.36035
29
0.00749324
0.0981644
0.0432332
0.496256
83
3.41904
0.305316
0.969455
0.0336184
0.145436
78
0.00321892
0.0675353
0.0458676
0.168768
27
13.4976
0.304666
0.979916
0.00734038
0.285877
59
0.00409972
0.0494416
0.0395821
0.165437
54
14.9287
0.272739
0.931559
0.0830997
0.192573
63
0.000775344
0.08984
0.0318522
0.163384
65
3.86172
0.198705
0.932871
0.0501932
0.154492
98
0.000722168
0.0992528
0.0257788
0.155174
57
7.36551
0.0940416
0.922289
0.0994336
0.171564
38
0.0070898
0.0397748
0.0319993
0.47554
20
3.98211
0.0719214
0.975414
0.0034066
0.28009
18
0.00208702
0.00196374
0.0102338
0.432818
3
8.37668
0.0701649
0.917298
0.0169289
0.136014
78
0.00910114
0.0886195
0.0216745
0.256028
45
3.26507
0.385581
0.919703
0.0767776
0.457241
61
0.00610854
0.00346386
0.0200562
0.136133
73
4.90935
0.0568062
0.93603
0.00786131
0.311225
3
0.00341806
0.0369213
0.0229631
0.189879
92
10.0157
0.298824
0.993796
0.00264413
0.162772
88
0.00958511
0.0971853
0.0185829
0.472617
56
12.8718
0.0926697
0.919339
0.0377229
0.408771
79
0.00781443
0.0343957
0.0244661
0.350302
15
10.163
0.317293
0.971977
0.0226322
0.398683
53
0.00180938
0.0536694
0.0278308
0.398769
93
6.54014
0.360227
0.914817
0.069899
0.1388
80
0.000172976
0.0696505
0.0314424
0.354414
24
4.00089
0.0242027
0.967379
0.0922712
0.428227
12
0.000412309
0.0137601
0.0494091
0.179709
28
6.4559
0.33848
0.997306
0.00989871
0.233124
24
0.000656748
0.0460162
0.0444058
0.0106983
58
9.33
0.240934
0.994386
0.0660227
0.185776
76
0.00270513
0.0553216
0.0167963
0.247994
62
12.5141
0.203979
0.931832
0.0348273
0.409397
14
0.00783295
0.0964995
0.0361938
0.429611
35
7.6285
0.224537
0.92391
0.0384751
0.482858
93
0.00481152
0.0648574
0.0324458
0.437684
76
7.55815
0.147864
0.940048
0.0382962
0.107865
87
0.00483416
0.0998489
0.0484328
0.428906
81
5.8586
0.251242
0.972709
0.0023942
0.484761
17
0.00138813
0.0824534
0.0354802
0.228034
26
10.0491
0.160094
0.973152
0.0959307
0.223034
32
0.00242395
0.0269496
0.0199287
0.282568
91
10.3368
0.114279
0.926481
0.00915579
0.463246
35
0.000889338
0.01688
0.0262643
0.311542
79
10.7132
0.39978
0.938677
0.021248
0.0313077
86
0.00115976
0.0546023
0.0184661
0.257485
10
3.07695
0.341971
0.940262
0.0305416
0.181406
39
0.00896852
0.00326246
0.047971
0.0593531
78
10.6415
0.195915
0.998409
0.0147748
0.303297
48
0.00738896
0.0402049
0.02187
0.307383
93
6.84347
0.300722
0.979643
0.0172492
0.423764
70
0.0091587
0.0428174
0.0155694
0.0840067
89
13.6371
0.0989068
0.95172
0.0717632
0.0142474
48
0.00775838
0.0455618
0.0470396
0.190706
80
3.47468
0.349622
0.922576
0.0274465
0.12095
60
0.00276766
0.0487807
0.048006
0.377101
67
3.13487
0.122253
0.988303
0.0730749
0.190532
26
0.00288926
0.097701
0.0112472
0.418428
94
5.60148
0.129115
0.907561
0.0670983
0.372401
16
0.0093895
0.0388362
0.0368012
0.483842
8
6.29233
0.210257
0.985957
0.00611518
0.0423742
62
0.00666943
0.0475606
0.0418621
0.374979
1
9.39927
0.197678
0.931905
0.0793441
0.0813957
26
0.00216708
0.0679396
0.0415839
0.451343
19
14.3991
0.0996033
0.911734
0.0406895
0.177163
53
0.00400903
0.0593161
0.0273609
0.17768
27
3.78008
0.354886
0.923013
0.0268957
0.314602
95
0.00793382
0.0387352
0.0253923
0.400168
86
9.58936
0.0846313
0.966779
0.000674333
0.0782432
38
0.000894604
0.067799
0.0461354
0.0490732
57
7.40313
0.273217
0.934045
0.033295
0.210749
10
0.00795466
0.0237934
0.0375761
0.489706
82
11.3014
0.357062
0.918938
0.087877
0.445254
7
0.00736163
0.0224102
0.0150184
0.339282
21
3.83939
0.37574
0.988865
0.0558935
0.357647
7
0.00171593
0.0575379
0.0465398
0.246132
73
9.51179
0.261773
0.983336
0.0856002
0.175002
93
0.00442056
0.0434096
0.0385193
0.182735
18
6.27999
0.255114
0.916427
0.0949364
0.274548
56
0.00784871
0.00216343
0.0437304
0.0504186
52
4.1787
0.063492
0.984003
0.0345393
0.157013
73
0.00751567
0.0305421
0.0206272
0.22314
5
7.65149
0.156033
0.961904
0.0936117
0.0213432
36
0.00227053
0.0255408
0.0412374
0.373262
39
4.8798
0.180411
0.9111
0.0973373
0.183564
77
0.00268267
0.0312423
0.0494506
0.292188
46
14.9161
0.249083
0.966418
0.0581882
0.0455238
55
0.0091106
0.0919016
0.0116324
0.102435
84
12.0394
0.259517
0.929317
0.0279518
0.0719142
7
0.00261608
0.0521175
0.0407406
0.404468
71
7.09496
0.377715
0.92331
0.0548936
0.264437
52
0.00973242
0.0164953
0.0443911
0.446457
72
9.74183
0.355607
0.962448
0.0107501
0.435582
97
0.00154151
0.0513164
0.0463343
0.187978
5
9.81699
0.331008
0.928179
0.0141756
0.0591865
95
0.00514852
0.0279241
0.0143606
0.340627
24
6.59113
0.0522537
0.935285
0.0151007
0.250345
46
0.00500397
0.0822667
0.0283531
0.390432
50
10.617
0.37391
0.971828
0.0257144
0.320467
22
0.0012447
0.0517901
0.0449927
0.442341
95
12.2204
0.19655
0.920803
0.0340975
0.260277
54
0.000134712
0.011656
0.0129633
0.411632
85
4.38095
0.248069
0.974028
0.010923
0.315956
47
0.00362799
0.0344838
0.0209473
0.192512
42
13.9906
0.0419722
0.992663
0.0179181
0.289492
7
0.00214253
0.08795
0.0486071
0.271097
31
8.35355
0.116609
0.982483
0.0992099
0.155727
42
0.00511588
0.0268891
0.0294915
0.104484
47
12.3844
0.133027
0.937217
0.0663355
0.0706395
4
0.000982227
0.0940561
0.0109523
0.0956406
85
7.1501
0.346356
0.922561
0.0149779
0.424565
23
0.00832098
0.0954527
0.0436278
0.409967
17
5.93811
0.0212739
0.964972
0.047675
0.394404
31
0.00440953
0.0653188
0.0413711
0.263555
99
4.06419
0.210776
0.939887
0.0409963
0.342115
9
0.0023387
0.0446786
0.0276371
0.0688984
20
11.0581
0.302146
0.957963
0.0447584
0.115799
67
0.00317642
0.00593023
0.017899
0.298868
12
12.4825
0.113739
0.955636
0.0850539
0.00813825
40
0.00972266
0.0635655
0.037209
0.499705
9
11.9201
0.318013
0.922944
0.00760608
0.0605055
33
0.00365521
0.0502488
0.0160854
0.438964
79
11.5105
0.369531
0.94649
0.00392835
0.41325
31
0.00439429
0.0286539
0.0344859
0.491644
35
14.7704
0.0801078
0.981968
0.0665705
0.141121
46
0.00930206
0.0195842
0.012287
0.455192
91
4.0196
0.343008
0.950453
0.0087659
0.240112
15
0.00430164
0.0739269
0.0442212
0.450959
7
11.892
0.328859
0.998893
0.0600242
0.246792
88
0.00855276
0.0175164
0.0365536
0.401207
15
9.88146
0.189763
0.904115
0.0669648
0.205782
50
0.00811717
0.0657852
0.026373
0.42748
52
11.7783
0.22809
0.901293
0.00601018
0.282
44
0.00844865
0.00714784
0.0330227
0.441526
34
8.56954
0.290439
0.971301
0.00191249
0.498099
66
0.00383962
0.0997236
0.0249742
0.156477
14
13.9297
0.0312387
0.916096
0.0869852
0.377094
37
0.00618343
0.0867633
0.0473177
0.133051
4
14.0099
0.0510895
0.916886
0.0735346
0.0402058
2
0.00928351
0.0552411
0.0237121
0.135589
8
6.5174
0.392178
0.951254
0.045145
0.294146
85
0.00427755
0.0105153
0.0101444
0.203039
83
13.825
0.297357
0.989703
0.00210144
0.267231
3
0.00134638
0.0465915
0.037324
0.171314
86
14.4326
0.157343
0.925055
0.0680379
0.214814
73
0.00151413
0.0144841
0.0182023
0.337719
62
9.89938
0.193121
0.916692
0.0319298
0.158455
64
0.00501268
0.0237205
0.0471954
0.0238359
92
3.59753
0.0749091
0.960198
0.0266592
0.472695
40
0.00901365
0.0331621
0.0355449
0.465765
71
7.78284
0.219469
0.961602
0.0563796
0.172989
68
0.00568832
0.0819685
0.0166238
0.120582
16
13.8204
0.0501423
0.910942
0.00455559
0.125844
79
0.000837196
0.0928543
0.0175063
0.0818743
33
9.04029
0.350718
0.984989
0.0119446
0.195797
86
0.00819737
0.011135
0.0220873
0.143635
83
4.66759
0.384682
0.927212
0.0488448
0.460615
64
0.00703208
0.00779506
0.0340553
0.399199
13
11.579
0.0746237
0.904355
0.0349204
0.170813
31
0.00605061
0.0126787
0.0456233
0.157777
7
7.24845
0.327018
0.960747
0.0858249
0.253323
39
0.00877315
0.0211897
0.028099
0.0283842
32
11.5591
0.0828713
0.997487
0.0955069
0.245681
29
0.00287196
0.090389
0.0484983
0.320275
17
5.28464
0.324988
0.920461
0.0493391
0.139721
96
0.00908548
0.0499474
0.029331
0.166973
41
11.1577
0.118302
0.900516
0.0188938
0.029219
63
0.00942626
0.0571816
0.0497392
0.0851571
27
5.99201
0.242961
0.982732
0.0300802
0.497262
83
0.00176589
0.0504216
0.0300458
0.0547432
66
7.33558
0.362457
0.931409
0.00688932
0.175665
34
0.00564231
0.0449895
0.0341626
0.349461
36
7.21864
0.0875927
0.917627
0.067505
0.2829
41
0.0029217
0.0174032
0.0440589
0.216086
38
13.2918
0.0905055
0.952435
0.0173972
0.402047
20
0.00247741
0.0160325
0.0133756
0.394233
66
13.1459
0.19204
0.945279
0.0785649
0.0973766
20
0.0059305
0.0365649
0.0364087
0.309908
95
7.96399
0.312188
0.924222
0.0338113
0.403229
92
0.00559285
0.0113384
0.0367426
0.236825
86
7.59283
0.28212
0.914894
0.090102
0.333891
35
0.00534075
0.0201323
0.0334058
0.395614
60
10.4024
0.335977
0.986497
0.0312434
0.311009
100
0.00572614
0.0611355
0.0498783
0.140546
77
13.4173
0.285002
0.975618
0.092064
0.326394
86
0.0060292
0.0243891
0.0114781
0.231097
48
5.4865
0.145722
0.903151
0.0602396
0.297152
69
0.000148773
0.0925602
0.0193954
0.0520432
40
7.98953
0.284029
0.996658
0.0913964
0.351089
13
0.00432799
0.0360559
0.0146032
0.486034
33
6.77904
0.112661
0.909404
0.00894976
0.37119
75
0.000250439
0.0547714
0.0328936
0.417985
53
12.8374
0.220652
0.917444
0.0848775
0.305936
40
0.00220907
0.0621447
0.0377472
0.176265
27
8.44356
0.0338545
0.954173
0.0230774
0.426727
44
0.00238434
0.097893
0.0261569
0.433669
87
4.46612
0.185456
0.94043
0.0646752
0.229598
2
0.000194014
0.0550044
0.0361483
0.469091
78
4.14713
0.225991
0.970216
0.0733907
0.465326
74
0.00507621
0.0505568
0.0223011
0.291037
5
6.67285
0.186229
0.901796
0.020473
0.235703
80
0.00373788
0.0579985
0.0478608
0.391183
15
14.4546
0.163856
0.924911
0.068948
0.453814
84
0.00685363
0.0895535
0.0275683
0.0903288
9
8.53853
0.163419
0.942033
0.0502986
0.257734
33
0.00496014
0.0227815
0.0454236
0.0897124
5
7.0215
0.237898
0.972658
0.00668944
0.215656
56
0.00349333
0.0810641
0.0284584
0.205039
68
8.34356
0.348563
0.941913
0.070838
0.278706
52
0.00763436
0.0713683
0.0248421
0.0725482
56
8.23207
0.335043
0.918019
0.0136728
0.496956
10
0.0093213
0.0540821
0.0177377
0.101604
67
5.88657
0.282983
0.991135
0.0934419
0.134486
44
0.009189
0.064964
0.0153589
0.0609072
62
5.95602
0.351241
0.969261
0.0880498
0.180499
85
0.00817291
0.00522491
0.0457664
0.00916927
79
6.05989
0.29111
0.927381
0.0405002
0.419416
36
0.00771288
0.064751
0.0290348
0.122352
52
4.81267
0.0144563
0.958318
0.0375223
0.106544
13
0.00656381
0.00688909
0.0123325
0.458672
88
12.0851
0.206689
0.952264
0.0221118
0.0875364
74
0.00394513
0.0205475
0.0419446
0.17849
60
5.51873
0.139413
0.98424
0.0746243
0.0889282
30
0.0066481
0.0411787
0.0387775
0.467659
84
9.15438
0.293291
0.908897
0.0950165
0.393238
16
0.00462476
0.0374302
0.0462409
0.0997713
50
3.54549
0.340496
0.965641
0.0205559
0.214039
70
0.00892612
0.0510348
0.0201376
0.174949
25
8.66127
0.141149
0.995379
0.0445515
0.321981
70
0.00142602
0.0240035
0.038699
0.466127
20
12.9443
0.17425
0.993237
0.090758
0.0356943
65
0.00659941
0.0177335
0.0140508
0.397101
71
11.0754
0.307578
0.913737
0.0392524
0.0633029
23
0.000570765
0.0362459
0.0280491
0.132105
21
9.56964
0.103477
0.908379
0.0997309
0.378232
89
0.00255143
0.0348614
0.0106962
0.393587
34
11.4673
0.161892
0.903426
0.0939835
0.0184815
30
0.00757387
0.0847548
0.0253025
0.304206
22
9.50151
0.0728196
0.900084
0.0902175
0.189607
45
0.00639868
0.0474777
0.0161849
0.0163549
64
11.027
0.391351
0.973455
0.0762138
0.0535631
82
0.005408
0.0401385
0.0157499
0.406234
70
5.27211
0.0204247
0.973615
0.0853947
0.40619
11
0.00418987
0.0371245
0.0203567
0.0824138
55
11.3486
0.0372667
0.912059
0.0366843
0.0848689
63
0.00273779
0.0723825
0.0378617
0.0241503
46
9.66556
0.0177096
0.923411
0.0188723
0.0999308
33
0.00676972
0.0235427
0.0254854
0.412002
72
10.2514
0.140382
0.927971
0.0443317
0.469646
68
0.00465677
0.0758784
0.0164641
0.149803
23
10.2981
0.1949
0.955005
0.0362923
0.0331588
93
0.00359739
0.00142745
0.0113526
0.301664
83
11.6584
0.0480218
0.907478
0.0262023
0.157107
41
0.00692088
0.06829
0.0252423
0.18132
22
14.1534
0.056796
0.931067
0.0118097
0.194798
20
0.00714036
0.0280337
0.0120785
0.389573
7
12.4667
0.166795
0.940811
0.00799538
0.00177276
21
0.00882729
0.0641341
0.0162417
0.14164
37
14.2272
0.265237
0.985267
0.0957349
0.399883
17
0.00200227
0.0758183
0.0481953
0.1214
59
7.715
0.0402454
0.974381
0.0266782
0.269533
72
0.00748095
0.0930843
0.0332563
0.183686
19
6.15465
0.382058
0.968575
0.0809303
0.22577
61
0.00829488
0.0366899
0.0327769
0.00863437
74
9.34088
0.387129
0.917943
0.0683828
0.132498
37
0.00599778
0.0668282
0.0158379
0.153182
73
8.26273
0.287465
0.905759
0.0652084
0.0463155
27
0.000622279
0.0108755
0.0110572
0.294592
74
14.6156
0.238984
0.991797
0.0637854
0.176371
26
0.00260907
0.0443774
0.0406594
0.0447763
20
14.8426
0.193433
0.94459
0.089196
0.396524
5
0.00851571
0.0878464
0.0369886
0.245634
31
8.62253
0.0912021
0.909113
0.0641128
0.290849
28
0.00711354
0.0599115
0.0326009
0.0773219
91
4.56829
0.199751
0.984893
0.0586044
0.461098
96
0.00577741
0.0725254
0.026007
0.200063
46
14.9991
0.133353
0.960181
0.0790033
0.340836
42
0.0069393
0.00810299
0.0301413
0.45457
62
5.24359
0.31638
0.989437
0.0517638
0.0375357
15
0.0096376
0.00826385
0.0401881
0.0258365
43
6.33746
0.0855807
0.993896
0.0263265
0.343524
36
0.00727647
0.0140992
0.0491554
0.405969
33
12.4317
0.308992
0.964172
0.0228435
0.068801
35
0.000580427
0.0985358
0.0151813
0.124971
53
10.2206
0.340794
0.90243
0.051001
0.0246275
32
0.00468928
0.0629741
0.021309
0.363051
32
10.6802
0.286856
0.957733
0.0990962
0.129817
27
0.00179454
0.0458719
0.0207569
0.0292665
94
13.0735
0.257632
0.92894
0.042911
0.0529468
66
0.00585229
0.0100719
0.0393494
0.147182
41
6.11244
0.230834
0.935471
0.0551557
0.475978
56
0.00778031
0.0283895
0.0237772
0.335817
18
14.2767
0.245353
0.904442
0.0908744
0.380643
89
0.00965132
0.0219497
0.0165325
0.276176
69
6.25261
0.0755634
0.92837
0.0942488
0.0922016
45
0.00590632
0.044266
0.0132752
0.0022266
50
6.92936
0.295441
0.944857
0.0577389
0.369645
57
0.00720485
0.00294256
0.0136183
0.0471312
59
7.56513
0.171603
0.99811
0.00326609
0.430931
71
0.00753023
0.00963032
0.0175358
0.184501
40
10.1211
0.27785
0.911448
0.0567419
0.148625
59
0.00232226
0.0167721
0.0234625
0.0935708
50
14.2431
0.0981127
0.996056
0.0063447
0.0475027
11
0.00454306
0.0892893
0.0310285
0.380562
20
9.18139
0.115381
0.90082
0.0325819
0.217972
42
0.00290216
0.0629011
0.0388231
0.00317117
33
5.06205
0.177897
0.971532
0.0199383
0.46767
52
0.00917693
0.0827109
0.0131432
0.477211
88
14.722
0.0543492
0.997825
0.0965377
0.30818
59
0.00304862
0.00672297
0.0137982
0.306428
94
7.87335
0.330377
0.942519
0.0181656
0.32507
8
0.00900567
0.0559332
0.0246681
0.443653
43
8.3092
0.280665
0.928553
0.0775673
0.00239762
43
0.00145212
0.0944632
0.0380248
0.305367
74
11.8223
0.109189
0.981639
0.0498096
0.322966
96
0.0025332
0.0692423
0.0274572
0.0738807
75
3.67913
0.134386
0.962051
0.01866
0.133332
78
0.00653269
0.0756068
0.0173233
0.347875
7
10.9624
0.0449025
0.94837
0.0415305
0.395984
86
0.00527846
0.00543173
0.0240313
0.0183984
90
11.1875
0.338315
0.970028
0.0748267
0.443834
91
0.00924906
0.0325565
0.0219396
0.0866319
53
9.28036
0.0147959
0.924129
0.00569262
0.367726
53
0.00406512
0.0376728
0.0168244
0.299699
37
5.83373
0.0438285
0.959103
0.0521327
0.436641
48
0.00494689
0.081619
0.0426849
0.402991
51
6.47654
0.0307821
0.946256
0.0883777
0.0360994
19
0.00980986
0.0606339
0.0347804
0.415804
98
9.76951
0.0955837
0.930312
0.0786968
0.390953
10
0.00646837
0.0289851
0.0295232
0.218636
55
3.20659
0.359185
0.949339
0.0484103
0.011334
45
0.00464084
0.0438778
0.0141821
0.0660122
62
7.31358
0.108893
0.923627
0.0593068
0.241224
23
0.004023
0.0902249
0.0202265
0.119647
81
9.54799
0.232584
0.989026
0.0369013
0.150954
17
0.00796371
0.0532428
0.0429003
0.198014
85
12.6611
0.217502
0.980793
0.091981
0.000883609
63
0.0069694
0.0614635
0.0285901
0.0466748
66
7.2258
0.229145
0.949577
0.0137766
0.239668
47
0.00416878
0.0303102
0.0119259
0.000504692
88
3.94653
0.139884
0.959875
0.0356827
0.0906341
60
0.00222712
0.0427565
0.0346315
0.158018
4
6.07264
0.244124
0.976966
0.0432578
0.0837106
97
0.00210025
0.0853758
0.0140854
0.0929731
12
12.6878
0.271635
0.974597
0.00846415
0.275858
52
0.00206739
0.0914426
0.0196574
0.436639
63
3.29322
0.212895
0.941445
0.0289771
0.153244
66
0.00870604
0.0282133
0.0304764
0.385249
49
14.364
0.17677
0.942251
0.00115047
0.0669036
11
0.00339131
0.0721143
0.0285549
0.345948
95
7.4867
0.0610694
0.995982
0.090595
0.169062
62
0.0037849
0.0242216
0.0431597
0.234136
74
3.70357
0.31105
0.977955
0.0532955
0.187523
46
0.00681579
0.0232959
0.0391082
0.240319
43
9.38399
0.343067
0.946573
0.00973265
0.0386082
58
0.00681089
0.0310616
0.043096
0.214888
56
4.27006
0.0430647
0.918707
0.0570183
0.431061
16
0.00756094
0.0271815
0.0210677
0.210034
97
12.318
0.368119
0.995214
0.0294036
0.352526
76
0.0048769
0.0440284
0.0471086
0.274571
81
7.11515
0.168278
0.977407
0.0746444
0.328181
80
0.00841796
0.0196957
0.0349606
0.30807
71
6.56778
0.159228
0.963396
0.0740875
0.224027
8
0.00876307
0.0129349
0.0322139
0.151026
18
11.7223
0.203222
0.992722
0.0530083
0.459023
46
0.00967142
0.0260543
0.0272031
0.488621
97
10.9034
0.371248
0.994079
0.00696246
0.257038
32
0.00531848
0.0881998
0.0156515
0.267252
76
13.4103
0.0254258
0.976763
0.0981342
0.209798
82
0.00809159
0.0837207
0.0147894
0.419389
13
7.27878
0.383481
0.991901
0.0876168
0.477214
14
0.00871924
0.0207464
0.0190396
0.323464
28
3.73979
0.183317
0.936228
0.0653987
0.0615229
74
0.00790928
0.0749521
0.0499806
0.02197
41
11.8428
0.236177
0.925643
0.0544757
0.0224162
20
0.00589497
0.079237
0.0311637
0.226336
41
13.1735
0.155466
0.946749
0.0243871
0.226763
97
0.000366464
0.0760957
0.0328116
0.259062
36
6.69838
0.323927
0.965818
0.0328269
0.119103
91
0.00850807
0.0335983
0.0428186
0.284375
80
12.7188
0.38436
0.930061
0.0755457
0.346443
76
0.00761446
0.0453111
0.0277396
0.0119508
89
14.1939
0.082471
0.987739
0.0839891
0.45681
2
0.00218391
0.0674472
0.0211982
0.027887
90
7.69801
0.220117
0.986195
0.0649873
0.365314
87
0.00049135
0.0171755
0.0194545
0.321805
56
12.6137
0.3336
0.912568
0.0927662
0.468753
25
0.00743635
0.0525551
0.0296233
0.270796
96
3.17556
0.110497
0.942639
0.0140706
0.116257
66
0.00516652
0.0569195
0.0290668
0.289548
89
6.64636
0.306989
0.92633
0.0453494
0.446845
14
0.00765308
0.0738525
0.0445476
0.255023
61
12.259
0.01268
0.963056
0.0827192
0.237372
65
0.00137061
0.0486152
0.0396011
0.369067
36
10.7784
0.348365
0.957151
0.0200927
0.114249
100
0.00545438
0.0584429
0.0176308
0.0676654
40
12.0671
0.331792
0.989529
0.0234093
0.259636
45
0.00300026
0.0870601
0.0298642
0.0178113
2
10.3681
0.215809
0.994943
0.0763171
0.211315
28
0.00142904
0.0436314
0.0414485
0.342824
29
6.66755
0.106929
0.969766
0.0916421
0.0285245
77
0.00420714
0.0637981
0.0195971
0.251009
96
6.95751
0.295966
0.926044
0.0711455
0.23141
59
0.00737336
0.0812022
0.0391989
0.381035
93
4.75328
0.100484
0.954652
0.0725437
0.0623998
8
0.00509926
0.0154251
0.0425759
0.201369
69
7.05184
0.0809086
0.982003
0.0941061
0.197944
83
0.007793
0.0523303
0.0402421
0.333845
63
5.72954
0.0785726
0.955929
0.0183095
0.414506
94
0.00954843
0.0480455
0.0384252
0.0795065
60
12.5688
0.266668
0.936965
0.0621055
0.415029
27
0.00835152
0.0872194
0.0216851
0.445801
64
4.96561
0.372212
0.947519
0.0863929
0.479088
44
0.00638222
0.0103728
0.0147077
0.41446
53
4.86465
0.396091
0.990074
0.0816088
0.318017
2
0.00689926
0.0853409
0.0423015
0.268778
7
5.02091
0.14906
0.974869
0.0895296
0.272705
1
0.000328119
0.0894143
0.0259479
0.109215
70
13.3898
0.378314
0.936766
0.0589208
0.334035
71
0.00316506
0.0618824
0.0468937
0.0369979
54
9.75236
0.205786
0.910496
0.0398038
0.420746
14
0.00649729
0.0468386
0.0399609
0.0632382
32
11.6092
0.325285
0.910755
0.0473918
0.00801289
47
0.0057203
0.0319263
0.0350522
0.21377
11
5.19151
0.213741
0.948881
0.084673
0.218117
57
0.00558063
0.0587513
0.0336096
0.364943
25
6.387
0.173459
0.921637
0.0240477
0.0168518
69
0.0082717
0.0417676
0.0239613
0.269439
30
3.23126
0.0187421
0.948593
0.0632525
0.397236
16
0.00337214
0.0374343
0.0371127
0.348675
88
8.18537
0.18251
0.901655
0.0835248
0.14351
68
0.00724411
0.084426
0.0422159
0.130615
6
8.87297
0.0405627
0.966654
0.0271416
0.0897669
5
0.00671817
0.0249174
0.0206412
0.0784557
52
13.2241
0.0658243
0.934168
0.0288038
0.481958
53
0.00121687
0.0258693
0.0126737
0.0887978
47
7.43836
0.175873
0.938824
0.0309621
0.490577
83
0.00193622
0.0453745
0.0442722
0.145574
84
11.3584
0.0605203
0.944541
0.0439177
0.102759
82
0.00942517
0.0251916
0.02622
0.22255
44
14.8998
0.200895
0.947221
0.0441454
0.266028
57
0.000500044
0.0595626
0.0320569
0.169335
11
11.9301
0.05307
0.961188
0.0677159
0.243193
92
0.00504899
0.0832596
0.0362583
0.492057
59
12.1925
0.111158
0.915586
0.000933812
0.489312
54
0.00815622
0.0263801
0.0227482
0.313509
16
14.7076
0.0816395
0.905357
0.016229
0.207889
11
0.00587982
0.0291161
0.0352576
0.103435
34
13.4658
0.157919
0.964927
0.0988612
0.48302
24
0.00649373
0.0856933
0.0134739
0.0439831
48
9.2283
0.309674
0.903716
0.0322417
0.20888
10
0.000473953
0.0340222
0.033873
0.0949432
22
3.38075
0.345658
0.910099
0.096105
0.12669
21
0.00561218
0.0683399
0.02324
0.0318889
23
4.93936
0.0378373
0.947566
0.012872
0.329737
25
0.00657969
0.0775068
0.0289397
0.11787
99
6.97551
0.0485347
0.960796
0.0362127
0.41139
30
0.00997342
0.0850647
0.0492111
0.285716
12
9.05747
0.398526
0.902891
0.0679855
0.0518615
100
0.00601394
0.0616115
0.0434531
0.18686
86
7.0751
0.235241
0.987923
0.0928706
0.122366
46
0.00921604
0.0295036
0.0217836
0.229351
69
13.7115
0.0261605
0.945941
0.0460566
0.363196
9
0.00550393
0.0600956
0.0354124
0.0340601
75
10.0925
0.314199
0.904959
0.0510797
0.426012
17
0.00429395
0.0764809
0.0126369
0.481069
22
11.1302
0.0665019
0.996321
0.0975617
0.451781
9
0.00990649
0.0420396
0.0433643
0.0375963
76
14.6733
0.138294
0.951968
0.0282496
0.230339
59
0.00654263
0.0109862
0.0148557
0.110279
29
3.05729
0.37441
0.982349
0.0295091
0.356423
5
0.00310943
0.0189011
0.046732
0.253723
23
13.7813
0.0295348
0.991331
0.0537643
0.383139
25
0.00856153
0.0952825
0.0224508
0.368165
48
8.96324
0.191534
0.978666
0.0527455
0.103798
19
0.00998898
0.0245701
0.0185055
0.11685
80
9.43451
0.256577
0.952522
0.014304
0.348659
57
0.00346269
0.0083919
0.0247768
0.316225
82
9.98521
0.306166
0.935797
0.00521569
0.0391386
79
0.00136394
0.0495923
0.0269338
0.0323311
46
5.7996
0.314946
0.934498
0.0168745
0.0198371
55
0.00985203
0.0462883
0.0321155
0.00653623
10
11.6954
0.26806
0.990932
0.0352445
0.0103388
50
0.0028021
0.0409649
0.0197024
0.175308
44
5.44545
0.0467694
0.988632
0.0629397
0.491216
9
0.00347742
0.0745408
0.0381147
0.108404
51
8.08507
0.268548
0.940688
0.0885593
0.234091
49
0.0035837
0.0906339
0.0160435
0.44757
30
6.37531
0.254732
0.97768
0.0783053
0.495436
73
0.00369297
0.0464668
0.0298375
0.444923
65
4.4969
0.365081
0.963933
0.0823007
0.301184
60
0.00230794
0.00382717
0.0279094
0.212156
99
10.5092
0.115166
0.95462
0.0690911
0.318175
97
0.000831622
0.0351449
0.0288031
0.410562
14
3.60002
0.315522
0.983796
0.0795668
0.0945602
54
0.00718195
0.00498572
0.0286784
0.188093
77
11.1045
0.279008
0.947107
0.0998146
0.350459
32
0.00615702
0.0942077
0.0438351
0.33005
57
14.3037
0.129731
0.990493
0.00163686
0.252382
84
0.00932935
0.0754421
0.0394623
0.250173
61
10.0752
0.250375
0.952703
0.0297996
0.110399
55
0.00490971
0.0185946
0.0133084
0.456335
92
5.35042
0.329054
0.953643
0.042194
0.0856361
30
0.00375575
0.0190455
0.034356
0.357493
65
4.10408
0.146744
0.950957
0.0404348
0.345679
15
0.00803664
0.0316444
0.025094
0.233787
51
5.65387
0.38861
0.98302
0.0255448
0.276349
91
0.000795686
0.0117876
0.0192895
0.20209
34
13.3129
0.145263
0.911547
0.0353994
0.358651
44
0.00130856
0.0199275
0.0273543
0.275486
87
8.08828
0.204999
0.918515
0.00386092
0.191594
37
0.00700432
0.0423715
0.0472486
0.0702976
65
4.59031
0.0587627
0.989284
0.0778281
0.391236
17
0.00678112
0.0317166
0.0487392
0.0389189
39
8.18264
0.0624336
0.984586
0.0260663
0.0823899
49
0.00422749
0.00769442
0.0229561
0.423228
91
5.22945
0.398081
0.935124
0.0639485
0.438844
20
0.00969327
0.0802017
0.0238961
0.127844
90
12.7276
0.388239
0.972962
0.0130258
0.432646
39
0.00534948
0.0728144
0.0335967
0.356823
13
14.4859
0.0763174
0.970957
0.0803119
0.43744
43
0.00398312
0.0839256
0.0429727
0.266334
24
10.8444
0.0239632
0.982882
0.0660365
0.0261407
57
0.00388468
0.063676
0.0348512
0.164684
20
14.3476
0.205471
0.973827
0.0525579
0.336788
36
0.000305238
0.0140222
0.0353037
0.0454073
44
3.91728
0.249885
0.903778
0.0506887
0.341789
92
0.00622954
0.0471702
0.0313834
0.258944
72
13.2562
0.144432
0.972316
0.0813273
0.338818
73
0.00492923
0.0330584
0.0360456
0.346122
55
14.0882
0.358533
0.937691
0.0873845
0.355222
81
0.00298187
0.027478
0.0109987
0.336212
28
12.0165
0.0354151
0.956841
0.057887
0.117266
83
0.00624113
0.0972971
0.0455796
0.0746471
87
14.7855
0.367428
0.995478
0.0643312
0.427068
5
0.000355657
0.08057
0.0210224
0.471101
23
8.83756
0.258624
0.933744
0.0844722
0.327464
51
0.00935413
0.0588474
0.0397861
0.325057
61
6.61474
0.298286
0.950119
0.028602
0.373704
31
0.000612505
0.0178948
0.0215341
0.42186
32
5.62698
0.152141
0.929581
0.0411548
0.0483558
61
0.00159214
0.0785754
0.0413556
0.383828
95
10.1385
0.224058
0.902123
0.0857995
0.300638
4
0.00068676
0.0716053
0.0400022
0.332611
10
3.02851
0.137464
0.986737
0.0628029
0.30977
99
0.00307558
0.0808575
0.0416822
0.494485
75
11.7389
0.208708
0.980443
0.0435058
0.179925
6
0.00277646
0.0710039
0.0323797
0.248382
25
14.0307
0.0970942
0.938504
0.0705938
0.353389
75
0.00521629
0.0800996
0.0302767
0.36044
36
8.94634
0.19432
0.936444
0.0625068
0.466814
77
0.00857822
0.0221171
0.0409246
0.272577
72
12.7523
0.208984
0.933521
0.0223286
0.18458
18
0.00351265
0.0412392
0.027122
0.106759
69
10.8675
0.143449
0.972187
0.0817113
0.0739214
90
0.0096233
0.0768345
0.0255783
0.27848
43
10.671
0.363658
0.995643
0.0634686
0.166213
9
0.000420492
0.0265938
0.0256296
0.487935
37
12.7946
0.394862
0.976148
0.0666749
0.101761
35
0.00293352
0.0623269
0.0474413
0.107772
87
13.7309
0.0697796
0.930634
0.0481887
0.167166
50
0.00914558
0.082074
0.0359813
0.0879756
4
4.69367
0.179246
0.960456
0.0687065
0.0447481
34
0.00125568
0.0425557
0.0306669
0.196008
31
3.64257
0.161146
0.94136
0.0422907
0.292811
13
0.00157439
0.0256304
0.0468543
0.479296
85
13.5228
0.143346
0.934803
0.00367386
0.473805
4
0.00460478
0.034826
0.0383137
0.273542
64
5.81924
0.105037
0.969007
0.0312904
0.069419
98
0.000382551
0.0720016
0.0226773
0.0653021
99
4.03533
0.158739
0.917168
0.0495323
0.442766
71
0.000535891
0.0933397
0.0315227
0.220627
77
12.597
0.11994
0.990387
0.0505684
0.054336
94
0.000952262
0.0192454
0.0337325
0.071664
59
3.01131
0.271254
0.920242
0.0249776
0.440819
64
0.00744841
0.0489607
0.0313359
0.100886
98
4.79257
0.319594
0.921099
0.0979704
0.0645877
61
0.00788142
0.0295498
0.0408508
0.425805
35
13.1981
0.28006
0.904846
0.0466966
0.494455
75
0.00885297
0.0899719
0.0292253
0.422572
8
13.963
0.0319468
0.950067
0.0900087
0.00490258
6
0.00380997
0.0222554
0.0159438
0.359807
45
6.03266
0.0168093
0.90645
0.0555813
0.441062
88
0.00446014
0.0562602
0.0269862
0.392671
74
3.89484
0.0460321
0.978828
0.0606693
0.21214
87
0.00194175
0.052763
0.0486406
0.452745
94
12.9955
0.0929899
0.992246
0.00965896
0.0554787
62
0.00731684
0.00414929
0.0287392
0.0519073
26
4.2793
0.0116826
0.92584
0.0104256
0.433958
56
0.00362371
0.0957236
0.0299919
0.474754
32
7.84647
0.151254
0.906097
0.0394335
0.188814
6
0.00397194
0.061217
0.0464268
0.0425831
46
10.5902
0.386597
0.913639
0.0303915
0.335697
95
0.000276517
0.093666
0.0150925
0.219179
34
6.48454
0.0284914
0.902579
0.0236331
0.362313
2
0.00332844
0.0151065
0.0420354
0.254149
68
6.81545
0.17062
0.984371
0.0645294
0.493638
21
0.00861194
0.0533932
0.0423549
0.114238
27
9.92075
0.186789
0.937411
0.0242684
0.238533
77
0.00498542
0.0788587
0.0233205
0.461351
96
10.4493
0.39752
0.970709
0.0808121
0.288562
41
0.00989552
0.073582
0.0155147
0.413397
93
7.99749
0.226806
0.939209
0.051378
0.444295
28
0.00163016
0.031411
0.0304857
0.26216
15
5.00941
0.0519744
0.987679
0.0124303
0.270846
32
0.0051772
0.0771847
0.0245679
0.310941
29
5.7735
0.131663
0.918243
0.0489319
0.287262
74
0.00155283
0.0568162
0.0203108
0.43445
88
5.53683
0.214928
0.967021
0.0886996
0.458182
24
0.00627151
0.0530249
0.0228485
0.237482
24
13.8596
0.262427
0.94805
0.0463225
0.0139974
34
0.00946614
0.0750818
0.0104133
0.448786
95
12.9285
0.370027
0.926705
0.03165
0.0252892
28
0.00391037
0.0807764
0.0398517
0.0762879
92
3.88395
0.347117
0.950753
0.0324409
0.486139
74
0.00848054
0.0657107
0.0135656
0.225305
98
3.76244
0.0497152
0.914313
0.0716013
0.196353
54
0.00923988
0.00478142
0.0163784
0.319427
36
13.567
0.189179
0.965338
0.0860437
0.401278
85
0.00240964
0.0791661
0.0223542
0.279558
63
3.25161
0.233258
0.965519
0.0553347
0.439394
84
0.00977236
0.00306291
0.045105
0.370437
63
10.4722
0.34393
0.938107
0.0195087
0.247899
69
0.00117783
0.0477438
0.0291675
0.0416172
73
8.82813
0.247614
0.97038
0.0539175
0.407282
51
0.00715683
0.00243852
0.0339749
0.327351
95
3.15145
0.0278591
0.977032
0.0713411
0.487563
99
0.000215167
0.0407543
0.0230757
0.194755
84
14.411
0.303926
0.908298
0.0498931
0.0957015
59
0.00386851
0.0763289
0.0124399
0.0396322
99
8.54917
0.392247
0.912451
0.0518899
0.182354
92
0.00213512
0.0230442
0.0331605
0.0612607
70
6.00222
0.127634
0.913106
0.0933797
0.263403
67
0.00327346
0.0908557
0.0496445
0.0131591
73
11.7884
0.16449
0.979419
0.0356526
0.283421
26
0.00355485
0.0702166
0.0366513
0.295615
80
9.13015
0.24617
0.95576
0.060388
0.470051
11
0.00582491
0.00942271
0.0477864
0.146731
56
12.6289
0.101502
0.958769
0.0925598
0.361114
22
0.00741973
0.0327926
0.0490391
0.224913
31
13.3252
0.0638641
0.924625
0.0737468
0.0567568
49
0.00172652
0.0840394
0.012927
0.334291
17
9.61295
0.0684528
0.997669
0.0768555
0.131768
33
0.000645712
0.0482082
0.0120825
0.375858
55
8.2149
0.0616987
0.986606
0.0194484
0.0653585
99
0.00767631
0.0961166
0.0153883
0.172975
78
6.98997
0.216382
0.92119
0.015439
0.017929
61
0.00728857
0.0962445
0.0105502
0.287404
91
10.2325
0.320059
0.915969
0.0284113
0.144748
67
0.00581021
0.0398557
0.0171419
0.318339
11
9.98368
0.362667
0.948217
0.09669
0.00658268
61
0.00574724
0.0261507
0.0169786
0.209837
43
8.79391
0.184521
0.92544
0.0105357
0.165184
13
0.00894438
0.0301793
0.0459974
0.286604
49
10.9351
0.38965
0.925343
0.0586981
0.429388
63
0.00866167
0.0359647
0.0142638
0.0968729
47
5.16269
0.199409
0.962701
0.0844025
0.405703
68
0.00683205
0.05553
0.0191051
0.367155
77
13.9186
0.0649162
0.944102
0.0972024
0.268347
51
0.00883732
0.0321467
0.0152714
0.207325
64
14.967
0.262843
0.944954
0.0721894
0.23218
64
0.00579394
0.0861869
0.0177747
0.386525
82
9.7993
0.253872
0.949272
0.0457666
0.293792
47
0.00995747
0.0916859
0.018651
0.221342
78
11.4306
0.10375
0.945456
0.0703986
0.137951
6
0.00667847
0.00651805
0.0481241
0.230697
51
13.1019
0.207968
0.919596
0.0983028
0.0308612
6
0.00987071
0.0786618
0.0130906
0.0551935
70
3.10564
0.0710938
0.909548
0.065453
0.337105
11
0.00457885
0.0299229
0.0169142
0.118072
11
10.4288
0.25268
0.992865
0.0330451
0.404956
65
0.00840172
0.0827878
0.0390111
0.362155
38
6.74707
0.351993
0.970509
0.0718426
0.412033
51
0.00187606
0.0830479
0.0349016
0.125295
8
4.31438
0.0132022
0.912772
0.0158685
0.33288
1
0.00949525
0.0943398
0.0111228
0.457412
89
7.45832
0.22947
0.953739
0.000717754
0.299074
38
0.00519217
0.00367497
0.0270722
0.150829
39
13.6069
0.230437
0.929192
0.0160806
0.262991
70
0.0038532
0.014292
0.0410198
0.352266
67
9.30547
0.125943
0.906262
0.0622418
0.266053
56
0.00114034
0.0889369
0.0441289
0.490176
24
12.3513
0.375823
0.941663
0.0931314
0.255027
5
0.0037699
0.0405813
0.0166462
0.238104
66
9.95129
0.243703
0.980187
0.0657363
0.0758315
38
0.00245709
0.0782184
0.0179724
0.206346
82
12.2862
0.0345867
0.998241
0.00933459
0.0206023
27
0.00203347
0.0121863
0.0492989
0.0148242
68
7.18705
0.106021
0.978079
0.0751406
0.109702
19
0.000939258
0.0543476
0.0373706
0.302795
43
12.7822
0.179788
0.964137
0.0047932
0.448051
66
0.00129686
0.03542
0.0251562
0.322464
26
13.1103
0.212741
0.993474
0.0115612
0.22476
70
0.00861755
0.0814456
0.010264
0.296921
42
11.0106
0.263918
0.930815
0.083644
0.124069
95
0.0083783
0.0378528
0.0351588
0.131137
59
4.21381
0.0327705
0.943366
0.0427793
0.476047
82
0.00836613
0.0564488
0.0498052
0.460023
44
3.43462
0.0555887
0.909092
0.0237041
0.00384448
18
0.00822277
0.0608
0.0393721
0.283581
38
6.1429
0.307975
0.963224
0.0781811
0.313865
50
0.0064163
0.0992079
0.0256855
0.195197
50
6.88635
0.153143
0.967893
0.0343885
0.198896
68
0.00634775
0.0772387
0.0149076
0.365446
79
12.91
0.0265948
0.913959
0.0798641
0.146232
86
0.00452831
0.0298586
0.0466232
0.0580805
54
13.6203
0.323387
0.953968
0.0673618
0.174006
16
0.0075916
0.0732512
0.0243206
0.277704
54
14.5808
0.2407
0.934401
0.0164686
0.416524
27
0.00606191
0.0697463
0.0457444
0.464021
30
5.54718
0.169094
0.91333
0.0685889
0.0573813
29
0.00393838
0.0287897
0.0379474
0.241139
97
6.8197
0.223641
0.968101
0.0591651
0.0152149
49
0.00863445
0.0947071
0.046648
0.0753245
10
9.64598
0.21709
0.959474
0.0175098
0.48045
66
0.00636889
0.0250642
0.0383334
0.112089
94
8.05511
0.292367
0.963667
0.0893817
0.499701
58
0.00334936
0.0988362
0.0191212
0.470368
89
6.21516
0.022787
0.908536
0.00134302
0.368386
49
0.000532414
0.085807
0.0418133
0.265295
35
7.80326
0.125416
0.956379
0.0125949
0.331778
65
0.00945443
0.0432409
0.0242949
0.162865
48
9.43045
0.2744
0.901073
0.0472034
0.242925
86
0.000221251
0.0645366
0.0265356
0.480097
19
9.11384
0.126898
0.932646
0.0976473
0.108853
41
0.00688889
0.0156089
0.0214333
0.484599
64
9.85935
0.142107
0.943051
0.0548251
0.279894
39
0.00150557
0.0583665
0.0341038
0.170355
3
12.5431
0.379693
0.914616
0.0874933
0.330497
22
0.00330537
0.0147207
0.010792
0.105082
11
10.9839
0.339718
0.978595
0.0274806
0.464042
94
0.00405259
0.0380667
0.0265837
0.495078
56
14.0871
0.332732
