0.872326
0.0941806
0.190228
39
0.00299555
0.0532768
0.250644
14
3.08488
0.412298
0.00275707
0.925921
0.0635489
0.142588
43
0.000250565
0.0847457
0.352967
50
0.719289
0.349155
0.00659139
0.763431
0.0484188
0.277309
40
0.0078877
0.0973067
0.188615
49
3.58638
0.585455
0.00667385
0.843963
0.0930109
0.280346
28
0.00373128
0.0923321
0.271519
19
1.20382
0.473375
0.00364776
0.840792
0.0253826
0.16919
25
0.00721471
0.0154409
0.338008
69
3.75082
0.43888
0.00946629
0.854353
0.0574315
0.00525489
69
0.00506371
0.0793943
0.346772
41
0.47347
0.624591
0.00362004
0.711268
0.063989
0.184309
3
0.000230285
0.0658687
0.491701
99
3.32145
0.0294433
0.000625337
0.740011
0.0182686
0.123158
94
0.00741192
0.0630236
0.0868163
43
2.5851
0.651109
0.00780331
0.73403
0.0780512
0.0695443
28
0.0082282
0.084923
0.252686
76
2.81608
0.307634
0.00964333
0.886629
0.0698767
0.416034
19
0.00798281
0.0102185
0.106515
67
0.787483
0.400489
0.00413964
0.836343
0.0393885
0.122117
54
0.00166853
0.0184399
0.375197
38
0.231136
0.40607
0.00649761
0.824018
0.0982117
0.126364
30
0.00365889
0.0520921
0.0908161
78
0.734049
0.714581
0.00456511
0.786211
0.0925674
0.206484
85
0.0022521
0.0108779
0.180385
17
2.41537
0.102428
0.00267253
0.704878
0.082576
0.438715
14
0.00191637
0.095871
0.12464
61
2.53857
0.109383
0.00795129
0.877066
0.0891329
0.23829
49
0.00651626
0.0984653
0.00284692
47
0.143705
0.751934
0.00803248
0.930801
0.025246
0.488656
32
0.00969845
0.032128
0.321235
99
0.210167
0.493341
0.00652748
0.747349
0.0978817
0.149517
37
0.00111012
0.0991066
0.482518
87
1.92252
0.101451
0.00343811
0.909039
0.0647638
0.490329
69
0.00590881
0.0598629
0.271138
93
0.411582
0.67473
0.00994877
0.776308
0.0117988
0.0847327
6
0.00428249
0.0874682
0.0443305
22
1.21801
0.409264
0.0051372
0.744047
0.0315977
0.455386
71
0.000837879
0.0503266
0.418525
29
1.39348
0.452427
0.00016096
0.976832
0.0155843
0.436138
21
0.00257438
0.0288036
0.0438638
16
3.99677
0.315539
0.00106271
0.863226
0.0756011
0.233871
10
0.00292205
0.0410229
0.359863
89
0.840087
0.0274055
0.00214842
0.968303
0.085768
0.477837
92
0.00381571
0.0915221
0.268039
83
2.5428
0.63912
6.47021e-05
0.924724
0.0677071
0.216832
51
0.00494109
0.0378972
0.465045
14
0.673134
0.517813
0.0013402
0.929425
0.0803455
0.395581
63
0.000477761
0.0312426
0.127369
2
3.17511
0.655344
0.00293775
0.898158
0.0172441
0.0996261
34
0.00179218
0.0529177
0.335887
6
3.30245
0.717579
0.00986171
0.879857
0.0360541
0.137038
53
0.0013754
0.0411859
0.395002
32
1.1333
0.35415
0.00773063
0.966878
0.0525891
0.203355
84
0.00486139
0.0938893
0.376868
32
3.33943
0.373401
0.00536684
0.864322
0.0685927
0.334926
61
0.00749268
0.0194683
0.31894
8
2.48678
0.00126449
0.000231818
0.808228
0.0613769
0.196906
32
0.00162268
0.0535251
0.0917258
98
0.568394
0.316594
0.00631205
0.708703
0.0792338
0.166832
59
0.00229949
0.0250178
0.0314813
79
1.82769
0.480667
0.00461853
0.746091
0.0634293
0.0455192
97
0.000934444
0.0604296
0.00874496
21
1.63111
0.0529877
0.00716984
0.740287
0.0276221
0.3297
72
0.0017807
0.0395668
0.422361
51
0.343915
0.644488
0.00313389
0.936487
0.0309731
0.426623
96
0.00963183
0.022965
0.206759
31
1.45203
0.28183
0.00152626
0.880889
0.0571424
0.306623
29
0.00434976
0.0536199
0.340751
38
2.62268
0.495363
0.001246
0.871977
0.0418483
0.48543
94
0.00842056
0.0445487
0.0189032
23
0.917199
0.0141055
0.00268967
0.801305
0.0749613
0.116918
66
0.00500503
0.0877671
0.0658411
68
1.74732
0.120297
0.00485385
0.888747
0.023328
0.474829
31
0.00438134
0.0219983
0.333976
37
1.99901
0.51508
0.00173264
0.905802
0.0485562
0.132518
88
0.00602966
0.0933536
0.00618339
62
3.16961
0.170793
0.00992514
0.830313
0.0544827
0.176319
90
0.003383
0.0738162
0.296516
46
0.650908
0.0163696
0.00458484
0.783747
0.0785194
0.0252847
47
0.0025406
0.0909216
0.424569
7
2.55176
0.142
0.00549649
0.754244
0.0746366
0.239349
45
0.00734432
0.0995681
0.23043
95
3.18451
0.539282
0.00663981
0.941518
0.0532658
0.286187
24
0.00654024
0.0289754
0.37196
26
1.15394
0.321894
0.00864198
0.859222
0.0715328
0.120885
33
0.000588655
0.0940786
0.126716
21
1.07156
0.222043
0.00777754
0.779714
0.0587327
0.183625
54
0.00882707
0.0957755
0.33518
58
0.372982
0.621736
0.00473653
0.82751
0.0434718
0.495835
67
0.00330835
0.0278575
0.23519
66
3.82715
0.279214
0.00682926
0.795735
0.0832805
0.113568
60
0.0041388
0.030674
0.415069
20
1.58943
0.666838
0.000577626
0.816879
0.0161676
0.308405
85
0.00947935
0.0949218
0.029459
46
3.39273
0.691443
0.00768484
0.711869
0.0921307
0.486548
38
0.00848084
0.0721691
0.474021
60
3.96231
0.166201
0.00678381
0.858649
0.0553564
0.0402455
62
0.00775203
0.0150722
0.438839
36
0.361387
0.302012
0.00905845
0.848657
0.074095
0.26881
59
0.00982789
0.0485718
0.244264
2
0.964106
0.366952
0.00566377
0.993198
0.0101505
0.0347652
10
0.00152714
0.0867234
0.494152
70
3.95526
0.434912
0.00743417
0.732868
0.0327399
0.376313
67
0.00113831
0.0454863
0.308926
27
2.99552
0.365354
0.00171173
0.821347
0.0610648
0.248547
51
0.00405218
0.0139501
0.475492
53
3.06858
0.221043
0.00257635
0.92392
0.0112577
0.163537
7
0.00568849
0.0286002
0.461432
7
0.856139
0.174465
0.00826885
0.935548
0.0948001
0.00434375
32
0.00144934
0.0619621
0.406095
26
2.23947
0.23425
0.00405096
0.730891
0.0197918
0.31969
77
0.00522377
0.0774263
0.321987
37
2.42403
0.148191
0.00250389
0.812714
0.0840963
0.268213
53
0.00641902
0.0540917
0.363013
15
1.61282
0.468507
0.00614693
0.723212
0.0506173
0.445961
17
0.00545871
0.0565971
0.290329
51
0.380532
0.547474
0.00860288
0.867524
0.0349639
0.166617
41
0.00290354
0.0816223
0.153787
39
1.01389
0.0568056
0.0062668
0.898804
0.0480885
0.425721
77
0.00732394
0.0901557
0.421178
6
1.81665
0.723182
0.00273847
0.792362
0.0135969
0.134818
10
0.00700405
0.0112206
0.291547
32
3.01157
0.251013
0.00359416
0.894068
0.0798558
0.182601
39
0.00316639
0.0449072
0.208496
52
2.20393
0.500108
0.00363534
0.919975
0.0593634
0.058571
51
0.00830916
0.033805
0.349344
56
2.52936
0.576561
0.00511111
0.996513
0.0458351
0.00977687
63
0.00665432
0.0728123
0.455381
54
0.641737
0.466808
0.00443078
0.784784
0.0399015
0.0142909
60
0.000728122
0.0801593
0.0521942
81
0.92812
0.217331
0.00420143
0.721894
0.083617
0.255305
45
0.00685545
0.0606477
0.13688
11
0.617022
0.0588952
0.00699249
0.811962
0.0227969
0.146758
7
0.00203696
0.0616083
0.0171849
25
1.90668
0.527044
0.00832294
0.725427
0.046822
0.0101369
81
0.00991323
0.0852941
0.340177
22
0.232767
0.645563
0.00514902
0.973848
0.0355689
0.344751
34
0.00133147
0.0548052
0.427024
35
2.2433
0.225677
0.00695117
0.912783
0.0584355
0.00371582
23
0.00442293
0.0372162
0.29319
60
2.11392
0.155546
0.00327448
0.998248
0.0269381
0.318611
31
0.002942
0.0770706
0.0362718
7
0.179804
0.042104
0.00955263
0.745885
0.0896092
0.102553
11
0.0091965
0.0546148
0.174976
30
1.49764
0.669565
0.00383252
0.72596
0.01874
0.0791799
37
0.00972104
0.0483666
0.0733961
76
2.76514
0.396264
0.00207762
0.735518
0.0775341
0.392757
53
0.00619286
0.0716541
0.349114
6
1.6575
0.181463
0.0074868
0.797143
0.0512309
0.0225551
2
0.00810345
0.0509644
0.448201
76
0.710181
0.50563
0.00746429
0.953583
0.0118076
0.078304
91
0.00347496
0.0579014
0.0152438
45
0.409139
0.591112
0.00762742
0.933177
0.0623112
0.454847
17
0.00912171
0.0834134
0.270072
41
2.68921
0.737345
0.00243175
0.881623
0.0876578
0.47851
95
0.00763502
0.0463681
0.280371
12
2.2101
0.407256
0.00534091
0.968931
0.0325609
0.0163757
33
0.00210725
0.0324354
0.329297
91
2.59101
0.0121622
0.00468347
0.802422
0.0964409
0.153619
65
0.007042
0.0841495
0.214837
65
1.28354
0.271567
0.0099983
0.992562
0.0637168
0.263203
57
0.00747497
0.0746025
0.0551336
81
2.63132
0.677658
0.00971092
0.963839
0.0157724
0.420721
74
0.000509868
0.017996
0.325714
63
2.5611
0.33592
0.00232181
0.80545
0.0339576
0.457317
35
0.00706313
0.0337496
0.454344
80
0.155614
0.0674149
0.00227654
0.827361
0.0277689
0.446121
8
0.00197051
0.0947245
0.0507035
37
1.76263
0.138524
0.00279822
0.737507
0.0693072
0.108152
5
0.00684081
0.0293118
0.290473
44
2.84409
0.418086
0.000996309
0.994951
0.0297033
0.253851
55
0.000921602
0.0730691
0.367551
94
1.94936
0.676534
0.0050666
0.823195
0.0690416
0.27918
72
0.0057464
0.0736548
0.272947
61
3.50337
0.197686
0.004119
0.713164
0.0171318
0.0351799
28
0.00354481
0.0613108
0.165165
47
3.82008
0.772219
0.000819561
0.908554
0.0582597
0.203836
59
0.00314592
0.0329264
0.173068
48
2.93637
0.440684
0.0014545
0.94724
0.0124514
0.379484
99
0.00729244
0.0567225
0.0582474
86
3.8941
0.576192
0.00887993
0.875691
0.0143885
0.0422083
88
0.000435485
0.0524133
0.0940941
49
1.79616
0.700291
0.00138921
0.961253
0.068451
0.2749
29
0.00847047
0.0752964
0.389444
17
2.03104
0.00426455
0.00607141
0.850329
0.0642095
0.0187068
42
0.00902215
0.0790909
0.498358
42
2.22828
0.296891
0.00297489
0.748082
0.0428827
0.429322
42
0.00165268
0.0645176
0.0307458
89
3.58242
0.0252688
0.00156225
0.959198
0.0912259
0.280863
75
0.00539787
0.0500109
0.0751737
23
2.04022
0.277588
0.00902669
0.751308
0.0816336
0.433768
86
0.0058268
0.0607687
0.49352
25
2.50532
0.0178513
0.00572019
0.860912
0.0279831
0.0282271
71
0.00473877
0.0280553
0.429828
18
2.66116
0.507509
0.000874473
0.786043
0.0232602
0.355633
92
0.00599061
0.0871078
0.33284
34
3.21125
0.117053
0.00149111
0.841515
0.0322923
0.0264705
68
0.00577183
0.0475192
0.345306
33
1.0486
0.264379
0.00926988
0.838968
0.0406191
0.460492
89
0.00636127
0.0585191
0.0951526
80
1.03908
0.615771
0.00495992
0.945555
0.0538778
0.150267
19
0.00873337
0.0176883
0.142546
76
1.46026
0.711091
0.00924863
0.759656
0.0365073
0.18803
83
0.00714843
0.0981349
0.131989
13
1.42209
0.192435
0.00885067
0.842818
0.0210112
0.487185
59
0.00564481
0.0881971
0.458777
94
1.80646
0.497574
0.00721195
0.816545
0.0223928
0.158362
41
0.00105665
0.0146427
0.238748
53
3.39817
0.132043
0.00981388
0.957412
0.0872805
0.0366218
40
0.00363803
0.0718877
0.0935777
55
2.32413
0.254904
0.000315567
0.892396
0.0577705
0.241153
67
0.00391736
0.0426037
0.410961
72
3.7213
0.111362
0.00489541
0.775586
0.0619125
0.161654
33
0.00243798
0.0851772
0.49653
18
2.13166
0.77291
0.00761718
0.896505
0.0150294
0.443261
41
0.00286096
0.0263405
0.178434
79
1.12094
0.141048
0.00739713
0.724115
0.046703
0.223534
63
0.00951761
0.0639643
0.0632483
81
2.06096
0.491375
0.0084067
0.982795
0.0701038
0.154106
49
0.000519203
0.0928065
0.338437
72
3.84904
0.658279
0.000727224
0.947718
0.0496676
0.00835223
86
0.00786248
0.042323
0.304445
4
0.59248
0.167638
0.00218763
0.780643
0.0182952
0.0754743
23
0.00717779
0.0406198
0.174047
64
3.79762
0.378961
0.00814375
0.950223
0.0726632
0.469945
26
0.00376728
0.0889891
0.179014
18
2.51863
0.228917
0.00338873
0.769479
0.0227531
0.471688
26
0.00518623
0.0507893
0.263549
29
1.27102
0.0198729
0.00798139
0.853115
0.0859007
0.344205
94
0.00739876
0.0361
0.11987
82
1.73053
0.387711
0.00919744
0.853959
0.0444186
0.0947316
76
0.0021755
0.0299591
0.370401
62
0.922085
0.152245
0.00107245
0.996687
0.0628187
0.243981
60
0.00276845
0.0954635
0.143468
99
2.35539
0.601002
0.000333567
0.920128
0.0110636
0.141126
69
0.000690109
0.08101
0.294615
23
1.29654
0.442634
0.00376348
0.82639
0.0717256
0.311822
85
0.00252703
0.0572125
0.442734
89
1.31963
0.469664
0.00185105
0.913007
0.092871
0.351691
98
0.00398602
0.0335039
0.222762
13
1.38068
0.27102
0.00539093
0.873364
0.0415431
0.410878
68
0.00853806
0.0146844
0.168897
35
0.279905
0.238082
0.00277469
0.93934
0.0536215
0.448194
74
0.00934307
0.0207323
0.445627
42
2.21942
0.380741
0.00330475
0.879055
0.0246812
0.144846
33
0.00263229
0.0789381
0.499264
94
2.48944
0.679067
0.0093227
0.961711
0.0767587
0.402544
9
0.00765926
0.0899684
0.170244
56
0.887107
0.106543
0.00385819
0.983279
0.0150738
0.384253
95
0.00715986
0.0487577
0.319394
16
1.84607
0.146696
0.00113061
0.842933
0.0562416
0.0720523
25
0.0020191
0.026122
0.0228325
97
0.869036
0.796156
0.00844262
0.865073
0.059792
0.342055
13
0.00053608
0.053796
0.167444
62
1.13815
0.613367
0.00222869
0.855738
0.0258076
0.48268
68
0.000408345
0.0496504
0.255823
71
3.49567
0.429764
0.00929363
0.869638
0.0490711
0.187507
12
0.00226179
0.0884757
0.0341375
36
2.85029
0.135989
0.00613744
0.942451
0.0641044
0.210449
47
0.00189877
0.0723057
0.395733
73
1.30338
0.712351
0.00674183
0.930065
0.0812702
0.0848871
58
0.0063497
0.0783772
0.0141515
13
3.61274
0.159844
0.00463564
0.732105
0.0733103
0.235383
76
0.00834846
0.0891258
0.246569
87
3.36519
0.594432
0.00546482
0.797662
0.0719465
0.292266
32
0.00467977
0.0710048
0.423507
90
1.78032
0.739481
0.00194732
0.707227
0.0202619
0.435265
93
0.00961444
0.0674502
0.0822718
48
0.496218
0.573858
0.00943556
0.700501
0.0901616
0.043301
95
0.00696941
0.0458596
0.0210954
44
2.82235
0.752834
0.00158192
0.978743
0.0605356
0.0567416
15
0.0060771
0.0452428
0.322516
19
3.05962
0.236017
0.00983772
0.906789
0.0451926
0.030359
63
0.00401193
0.0802065
0.379674
5
1.34713
0.626812
0.00472369
0.884389
0.0550142
0.336831
22
0.00720214
0.0977742
0.369683
98
3.90049
0.729452
0.0031779
0.782662
0.0820284
0.230409
66
0.00669008
0.0707105
0.387302
29
0.897374
0.210443
0.00103335
0.925118
0.0153587
0.304134
29
0.00359323
0.0474044
0.470409
77
2.35652
0.342324
0.00246168
0.870156
0.0922705
0.377723
58
0.00784106
0.0912495
0.120885
72
3.76831
0.598945
0.00369653
0.75992
0.0147901
0.242423
54
0.00144017
0.0823777
0.110747
52
1.0095
0.0461669
0.00506419
0.937841
0.046254
0.207499
30
0.00812405
0.0574281
0.171736
44
2.19157
0.530797
0.00879389
0.77129
0.0674431
0.350528
5
0.00914969
0.0811842
0.284843
85
2.40704
0.0512254
0.0047753
0.761557
0.062044
0.217954
56
0.00239095
0.0226571
0.0965428
57
0.760288
0.339022
0.00323962
0.804147
0.0973312
0.419601
8
0.00183002
0.0626066
0.114543
98
0.974634
0.114802
0.00805439
0.905542
0.0264251
0.116617
38
0.00777515
0.0747982
0.168311
1
0.205574
0.365116
0.00285907
0.70261
0.091715
0.139222
90
0.00773104
0.0970347
0.37403
57
2.51466
0.720336
0.00430395
0.943189
0.0582398
0.440422
13
0.00674601
0.0189382
0.342951
49
0.251437
0.390086
0.00934421
0.763105
0.0543528
0.172591
94
0.00784759
0.0985778
0.467568
2
1.19397
0.00926003
0.00846347
0.97173
0.0852362
0.201733
88
0.00914193
0.0370668
0.468802
23
1.27882
0.794612
0.0070804
0.828153
0.0142297
0.358333
11
0.00542261
0.0224429
0.389019
58
3.22374
0.0830788
0.00966742
0.902816
0.074448
0.473104
70
0.00726531
0.081711
0.417744
57
1.43374
0.203605
0.00199416
0.862098
0.0520283
0.225003
17
0.00921476
0.0792243
0.152062
15
1.43866
0.681904
0.000226088
0.795347
0.0463614
0.270522
98
0.00328928
0.0344286
0.431756
27
1.86439
0.60221
0.00404556
0.889403
0.0460741
0.367599
17
0.00273705
0.096918
0.00933347
63
2.13793
0.70425
8.24448e-05
0.700736
0.0739877
0.403548
81
0.00311447
0.0796683
0.0693509
74
0.528965
0.0888309
0.00510138
0.774107
0.0287007
0.114037
27
0.00447518
0.0654897
0.151166
29
0.659937
0.433427
0.00854211
0.962587
0.0796438
0.353699
36
0.00323055
0.0118774
0.135961
11
1.68236
0.0854178
0.000527701
0.807434
0.0890089
0.456668
30
0.000818173
0.0691342
0.41301
6
2.67702
0.568243
0.00839818
0.791472
0.0998761
0.090709
30
0.000303319
0.0405034
0.160217
95
2.06811
0.355774
0.00556541
0.899783
0.062459
0.306281
65
0.0030751
0.0921609
0.161746
15
0.53647
0.138376
0.00201174
0.847277
0.0644346
0.213645
13
0.00184632
0.0593892
0.181215
71
2.10234
0.197507
0.00425034
0.84597
0.0743341
0.044342
100
0.00390109
0.0748414
0.304086
2
2.64321
0.305785
0.00218878
0.782481
0.048232
0.0539835
11
0.00751249
0.0623954
0.00567714
79
0.42068
0.0248602
0.00448312
0.718733
0.0557597
0.354356
35
0.00744036
0.0703693
0.399458
87
3.61474
0.340193
0.00672266
0.829683
0.0120152
0.484609
16
0.00694957
0.0116068
0.0542746
39
0.940657
0.325458
0.00110602
0.752214
0.0261219
0.0558867
91
0.00863156
0.0211717
0.229297
74
1.36096
0.123517
0.00634263
0.828907
0.0174086
0.143915
2
0.00489773
0.0687151
0.281499
85
3.53361
0.0731859
0.00713977
0.731602
0.0819248
0.23676
89
0.00393042
0.0583565
0.372277
41
3.64661
0.0815134
0.00591963
0.743446
0.0824304
0.0867158
91
0.00929458
0.0204589
0.204999
22
2.96072
0.701608
0.00681524
0.710391
0.0680622
0.060984
67
0.00944701
0.0610156
0.35762
59
3.31977
0.242084
0.000276206
0.741695
0.0409463
0.330508
47
0.00566693
0.0292213
0.433753
62
3.46318
0.539729
0.00230349
0.715081
0.0355036
0.00133103
92
0.00758786
0.0766017
0.234233
3
3.84077
0.45556
0.00574433
0.946847
0.0971009
0.289697
95
0.00868872
0.0441969
0.487447
46
1.3373
0.484886
0.00968819
0.723782
0.0209406
0.398908
18
0.0097413
0.0443064
0.0406684
88
0.389259
0.036251
0.00828309
0.915162
0.0900432
0.441409
9
0.000178473
0.0428992
0.265037
66
2.79142
0.382981
0.00401685
0.862053
0.0154752
0.115254
16
0.000624807
0.0796369
0.185561
65
3.29657
0.606083
0.00517072
0.794645
0.098668
0.250876
11
0.00767683
0.099853
0.182745
48
2.14079
0.569155
0.00951424
0.86448
0.0377691
0.387665
19
0.00257593
0.0513621
0.44332
83
1.97273
0.525736
0.00988681
0.825408
0.0952428
0.0374566
98
0.00229671
0.0784935
0.476534
75
2.44216
0.448866
0.00179387
0.777023
0.0372568
0.299121
52
0.00689731
0.0308545
0.474368
9
3.54276
0.566393
0.00685376
0.744981
0.0212198
0.261458
65
0.00927679
0.0341699
0.150487
46
3.73297
0.703025
0.00959766
0.928105
0.0251192
0.46636
70
0.00855598
0.0621254
0.402147
9
0.774742
0.291316
0.0095371
0.920965
0.0984927
0.3651
48
0.00623197
0.0383828
0.446599
73
3.63822
0.461392
0.0016095
0.791685
0.0880939
0.156715
63
0.00942567
0.0750833
0.125261
97
0.84587
0.525053
0.00417772
0.800323
0.0386315
0.346759
36
0.00992915
0.0595559
0.490674
64
1.51706
0.218398
0.00237182
0.855436
0.0405654
0.277574
93
0.00827516
0.0259482
0.301992
31
0.504467
0.354904
0.00553171
0.98088
0.0238832
0.128267
19
0.000955434
0.041506
0.253844
12
2.31628
0.690411
0.00913004
0.983633
0.0612221
0.215079
43
0.00346417
0.0340678
0.148944
68
0.263107
0.164981
0.000119647
0.86722
0.0650179
0.107279
57
0.00987675
0.0894797
0.224339
95
1.24726
0.640361
0.00175831
0.825606
0.0625663
0.381852
6
0.00939984
0.0461097
0.447875
2
2.9473
0.780643
0.00128232
0.757949
0.0828361
0.348203
18
0.00907663
0.064044
0.258632
92
3.54853
0.619026
0.00531991
0.91388
0.0436348
0.0508218
6
0.00248174
0.0527813
0.242397
11
0.798234
0.265109
0.00076908
0.871502
0.0944806
0.0600592
31
0.00989668
0.0787496
0.0779609
97
1.72453
0.331432
0.00210775
0.708156
0.0906979
0.424335
14
0.00682197
0.0223264
0.0606842
74
3.85661
0.144931
0.00642384
0.703578
0.016471
0.461729
64
0.00770469
0.0808829
0.456223
57
1.26273
0.178427
0.00819382
0.899456
0.0105833
0.171222
58
0.0071238
0.0652441
0.249864
43
2.08658
0.388619
0.0082386
0.83354
0.0529371
0.19613
87
0.00559812
0.0896553
0.0490647
50
1.95884
0.318764
0.00915925
0.720783
0.0436716
0.496598
4
0.00906475
0.0450432
0.193928
44
1.40075
0.00397482
0.0056124
0.832435
0.0769256
0.299864
48
0.00755085
0.0127949
0.435496
49
1.79099
0.477479
0.00094028
0.97327
0.0271876
0.213408
79
0.00501419
0.0502864
0.130466
68
0.349366
0.308089
0.00630098
0.977486
0.0508159
0.428712
98
0.00858938
0.0712653
0.0983123
67
1.23701
0.158447
0.00972423
0.988029
0.0442231
0.444738
34
0.0026685
0.0831114
0.375267
74
0.46931
0.719976
0.00869692
0.881986
0.0843461
0.229444
7
0.00317326
0.0828885
0.262674
96
3.20119
0.224073
0.00838063
0.709015
0.016861
0.239835
2
0.00297983
0.073906
0.0200704
77
1.87346
0.384874
0.00944227
0.835603
0.022585
0.353049
13
0.00348692
0.0856766
0.485765
63
3.15794
0.0335856
0.00714404
0.981975
0.075438
0.470218
7
0.00888423
0.0839306
0.1003
66
2.11882
0.564387
0.00880295
0.981067
0.0262231
0.215781
97
0.0044015
0.0557221
0.426145
45
0.813399
0.252213
0.0039002
0.902207
0.0666546
0.418469
57
0.00284523
0.0352268
0.488889
74
1.55711
0.3696
0.00260919
0.860459
0.0469208
0.369571
81
0.00629847
0.0392208
0.295751
25
0.313171
0.781545
0.00873191
0.770337
0.0146768
0.498127
24
0.00544106
0.0885099
0.404919
22
2.10002
0.362396
0.0038679
0.946131
0.0320027
0.0924948
71
0.00149201
0.0846604
0.466888
70
1.47407
0.0717103
0.00306598
0.943639
0.0479361
0.0734332
50
0.00570631
0.0627727
0.441617
35
0.950828
0.694189
0.00126097
0.799373
0.0534332
0.468392
26
0.00981888
0.0160629
0.318332
15
3.0211
0.157113
0.00325535
0.876065
0.0294711
0.12503
15
0.00672349
0.0664174
0.203576
46
2.99941
0.0657594
0.00426655
0.857764
0.0194381
0.321412
73
0.00121852
0.0917487
0.245158
57
0.626366
0.446036
0.00288369
0.949799
0.0863488
0.174311
23
0.00978153
0.0693102
0.310865
10
2.3978
0.257509
0.00501009
0.915368
0.0810151
0.167717
75
0.00520335
0.08269
0.240892
9
2.4692
0.371442
0.00102032
0.762104
0.0730002
0.101525
77
0.000114694
0.0491135
0.306058
26
0.464084
0.79832
0.00800576
0.72011
0.0514869
0.0310514
73
0.00237538
0.0936888
0.477853
8
0.879236
0.194539
0.00497835
0.749537
0.0995676
0.251536
91
0.00512187
0.0732009
0.0879296
27
1.81338
0.130487
0.00594941
0.817846
0.0229736
0.221661
77
0.00526046
0.0932358
0.260651
2
2.25235
0.324401
0.00917834
0.832036
0.0862172
0.04688
49
0.00984645
0.0220965
0.192455
10
3.78776
0.558228
0.0033674
0.887183
0.0389178
0.341123
27
0.00425683
0.0806226
0.215879
80
1.53549
0.636715
0.00304063
0.788116
0.0847264
0.104868
78
0.00455995
0.074164
0.331124
78
2.34103
0.0430347
0.00901087
0.785179
0.011465
0.161851
99
0.00131876
0.0979188
0.462927
97
3.66454
0.246831
0.00863261
0.921265
0.0379471
0.308236
80
0.00343316
0.0636951
0.280676
96
0.147959
0.0408319
0.00265441
0.781824
0.0788179
0.439982
18
0.00805657
0.0919055
0.377657
81
2.73742
0.428574
0.00169665
0.768327
0.0256259
0.111152
87
0.00844686
0.0483192
0.0856464
52
3.92249
0.426725
0.00789927
0.977457
0.0301122
0.0893967
37
0.00779962
0.0701864
0.0268546
99
1.74041
0.24776
0.00698165
0.990055
0.0403778
0.00709709
35
0.00587261
0.0755416
0.0571752
88
2.84161
0.573064
0.00792337
0.992412
0.0769675
0.483258
21
0.00362107
0.0481388
0.164219
77
3.3324
0.41383
0.000778284
0.958443
0.0772843
0.245489
51
0.00140446
0.0927687
0.275263
69
2.98807
0.293026
0.00676074
0.813549
0.071846
0.0234159
28
0.0054903
0.0167676
0.222385
65
2.5003
0.502918
0.000970263
0.835037
0.0136621
0.192462
10
0.00815724
0.0769186
0.49586
34
0.217978
0.544233
0.00301411
0.897369
0.0236536
0.189492
13
0.0035155
0.0695208
0.158732
19
3.12252
0.310306
0.00111838
0.991503
0.034453
0.102915
55
0.00491855
0.0956265
0.0248974
84
1.0284
0.724144
0.000704127
0.873727
0.0886637
0.0741724
61
0.003667
0.0363076
0.356913
33
2.9796
0.10612
0.00459245
0.883447
0.0247708
0.135862
22
0.00243383
0.0229465
0.147172
7
2.68592
0.513726
0.0016832
0.707027
0.0602608
0.275943
24
0.00355692
0.0469298
0.0373249
62
1.00048
0.754603
0.00661784
0.734819
0.0750773
0.363176
96
0.00194224
0.0559527
0.113177
52
3.66821
0.124494
0.000603146
0.882555
0.0910344
0.2871
90
0.00553815
0.0671632
0.226141
85
0.806717
0.537789
0.008136
0.728972
0.0654941
0.300625
31
0.00303666
0.0388895
0.210123
86
0.834597
0.595864
0.00635439
0.749784
0.09148
0.311136
6
0.00445528
0.049333
0.381426
66
2.18114
0.642984
0.00491204
0.838351
0.0956209
0.23254
62
0.00431516
0.072499
0.107096
66
0.966916
0.684589
0.00423133
0.815124
0.0108786
0.159409
45
0.00453922
0.0253441
0.353555
33
1.38726
0.372239
0.00611194
0.883805
0.0977517
0.407029
78
0.00600499
0.0398106
0.406748
12
1.9314
0.730306
0.00893945
0.933653
0.0301645
0.363475
85
0.0052846
0.090813
0.0968194
68
0.893585
0.479237
0.00930419
0.979806
0.0976097
0.15071
55
0.00558253
0.0699016
0.0111489
4
2.65245
0.212091
0.00727542
0.895259
0.0737837
0.372304
37
0.000187628
0.0556279
0.484318
47
0.168607
0.0704159
0.000631682
0.878783
0.0221013
0.0760364
61
0.00595412
0.0453778
0.0129762
94
1.64027
0.182523
0.00391618
0.948476
0.0364436
0.252894
97
0.0015721
0.0911799
0.42096
8
3.68953
0.488305
0.000851766
0.83117
0.0160433
0.0629513
87
0.00791203
0.0945784
0.00478093
84
1.36771
0.20899
0.00647199
0.787128
0.0338708
0.480151
64
0.00588319
0.0311171
0.262342
64
2.6695
0.401258
0.00656821
0.738725
0.0874834
0.174787
14
0.00394739
0.0472586
0.260178
4
3.77852
0.735612
0.00240371
0.837525
0.0958444
0.405564
68
0.00851256
0.0233714
0.366576
65
2.92034
0.163649
0.00439583
0.891874
0.0206755
0.416204
38
0.00807716
0.0497994
0.200504
24
2.39341
0.593083
0.0024134
0.927455
0.0801918
0.415132
30
0.00562592
0.0855085
0.31013
84
0.426336
0.60928
0.00692412
0.774571
0.0424847
0.159763
63
0.00678744
0.0649468
0.224695
36
2.00915
0.767539
0.00398536
0.908031
0.0842526
0.394878
100
0.00385648
0.083516
0.216697
68
2.33858
0.647499
0.00188034
0.909764
0.0994009
0.481607
3
0.00194086
0.0591962
0.212954
33
1.70845
0.345805
0.00191893
0.954231
0.083042
0.0916622
39
0.000695713
0.0863434
0.341916
39
1.40653
0.3763
0.00641368
0.811594
0.0334176
0.380417
72
0.00610917
0.052482
0.139528
28
0.583568
0.394516
0.00832126
0.875015
0.0421304
0.491064
32
0.00321885
0.013698
0.0817563
55
2.89886
0.0484149
0.00619836
0.938192
0.0518449
0.242662
26
0.00375866
0.017805
0.324005
55
3.13983
0.680951
0.00354635
0.944786
0.0191522
0.386503
47
0.0029665
0.0419093
0.0875978
71
2.377
0.460352
0.000482273
0.794394
0.0607972
0.295245
96
0.00959222
0.0686492
0.414076
14
3.93288
0.521567
0.00759067
0.704745
0.0918431
0.459232
83
0.00865623
0.0209238
0.119085
32
0.277596
0.162008
0.000134893
0.779069
0.0647132
0.368592
79
0.00219022
0.0656347
0.472095
41
3.27299
0.790574
0.00300187
0.808946
0.0705817
0.338156
36
0.00926587
0.0243274
0.328333
59
2.77343
0.637367
0.00351733
0.987222
0.0128953
0.0670948
56
0.00656919
0.0267219
0.117895
6
2.5733
0.578997
0.00949431
0.891299
0.0342909
0.475852
76
0.00584933
0.0682152
0.269151
70
0.545475
0.411684
0.0026062
0.994704
0.063177
0.00200991
5
0.00109437
0.0612756
0.130761
91
1.4541
0.770621
0.000505226
0.717512
0.037383
0.315929
96
0.00223298
0.0304836
0.189788
34
0.944146
0.76207
0.00475223
0.848279
0.0323442
0.310353
50
0.00613553
0.0820394
0.218864
85
3.13434
0.598373
0.00141758
0.975556
0.0390793
0.0477417
24
0.00260766
0.0778449
0.0485721
17
3.72222
0.6678
0.00184619
0.80602
0.0495915
0.1343
76
0.00895366
0.0759523
0.293664
76
3.42415
0.56279
0.0073532
0.934671
0.0103881
0.451749
59
0.00169179
0.0892603
0.452969
19
3.83271
0.153934
0.0016332
0.918422
0.0853953
0.493349
44
0.00533873
0.0700384
0.315592
3
1.56346
0.742246
0.00640265
0.736187
0.0292144
0.273662
81
0.00942704
0.0163762
0.0560635
75
3.93901
0.437525
0.00939739
0.865686
0.0306514
0.226407
8
0.00561362
0.0897418
0.231257
68
3.88083
0.0489686
0.00726087
0.796657
0.0726171
0.480033
52
0.00691591
0.0965126
0.21225
45
3.23588
0.749679
0.0055106
0.98504
0.052223
0.197649
78
0.00214905
0.0375948
0.166025
80
2.15336
0.463705
0.00821194
0.858068
0.0599762
0.0295092
16
0.00212391
0.032582
0.194996
26
0.322863
0.283903
0.00851971
0.974981
0.0450072
0.462102
42
0.00488143
0.0924547
0.112536
48
3.74191
0.570806
0.000436045
0.766108
0.0667374
0.324023
3
0.0076239
0.0975802
0.343556
43
3.47851
0.457585
0.00907187
0.705948
0.0960517
0.185009
31
0.00470155
0.0988987
0.15856
5
3.28783
0.207644
0.00896166
0.822638
0.0503345
0.390707
69
0.0050917
0.0276612
0.0665993
93
3.96945
0.402197
0.00785898
0.81101
0.024169
0.284903
54
0.00801638
0.0117724
0.0106407
40
0.517623
0.585956
0.00356523
0.980191
0.0760629
0.339846
79
0.0018705
0.0684486
0.115129
63
0.447654
0.649575
0.00478837
0.928924
0.0195648
0.132792
69
0.00727463
0.0729615
0.0413363
19
0.599009
0.189634
0.00314875
0.752641
0.028908
0.0389841
73
0.000341709
0.0192371
0.30794
82
1.98437
0.664312
0.00975729
0.942174
0.0989559
0.108986
2
0.00952519
0.0238282
0.16128
91
3.43488
0.777603
0.000900938
0.709723
0.0785914
0.404583
20
0.000292646
0.0587932
0.313185
61
1.23512
0.0355613
0.00399947
0.721456
0.0694893
0.140233
43
0.00679987
0.0468185
0.463529
84
2.83288
0.0685017
0.00393877
0.890294
0.0573075
0.32494
44
0.00828103
0.0213821
0.177152
92
2.69661
0.128266
0.00703168
0.922297
0.0316192
0.01389
38
0.00269313
0.0436953
0.219929
77
0.265157
0.53308
0.00654663
0.919088
0.0722201
0.46323
25
0.00649667
0.0106076
0.0325061
38
1.51378
0.110766
0.0084217
0.756552
0.012724
0.26605
93
0.00483364
0.0368503
0.486855
14
1.16367
0.516457
0.00923976
0.900792
0.0402024
0.041432
81
0.0083882
0.0951798
0.378331
89
2.36409
0.528684
0.00606001
0.887868
0.0447848
0.288113
62
0.00482867
0.0837518
0.44049
90
3.27783
0.508049
0.00816388
0.860248
0.0905309
0.0875803
43
0.00479235
0.0950381
0.156749
40
1.89328
0.231924
0.00373439
0.926445
0.0455687
0.0534149
21
0.00870753
0.0680056
0.307219
4
1.60534
0.789968
0.00668724
0.886267
0.0493666
0.259085
35
0.0026517
0.0295467
0.351985
24
2.01812
0.267853
0.00652291
0.760985
0.0590288
0.325362
45
0.00737119
0.0478674
0.248932
34
1.92491
0.205152
0.00546035
0.757094
0.0102337
0.407642
80
0.000371324
0.0165138
0.110804
89
3.19563
0.431754
0.00730475
0.71848
0.0865557
0.298021
82
0.00119136
0.0666749
0.300197
52
1.33063
0.685456
0.00195121
0.988621
0.0272903
0.0884911
20
0.000383381
0.017542
0.0610471
87
0.681951
0.2358
0.00722424
0.904899
0.077895
0.366597
21
0.000453625
0.0345032
0.00365624
28
1.14674
0.69877
0.00710673
0.762574
0.0369017
0.146287
66
0.00477079
0.075343
0.257429
47
2.08407
0.36137
0.00850086
0.703961
0.065094
0.320576
92
0.00437022
0.0905514
0.0626436
11
2.17688
0.663406
0.00422519
0.742565
0.0713707
0.21066
42
0.00593261
0.0399631
0.283345
71
1.98627
0.726309
0.00189973
0.837926
0.0845324
0.0960242
49
0.00172825
0.0531011
0.243293
83
3.81125
0.391857
0.000412746
0.819389
0.0397125
0.281552
25
0.00648923
0.0158582
0.390877
87
2.5681
0.672969
0.00576431
0.852308
0.0385217
0.118002
43
0.00709523
0.0552156
0.400721
69
1.664
0.187265
0.00729469
0.839942
0.0439408
0.291225
41
0.0054716
0.0300562
0.451032
70
3.59686
0.695774
0.00446211
0.885245
0.08315
0.0480555
4
0.00159047
0.0272646
0.303252
97
3.37015
0.634536
0.00603952
0.71451
0.0686904
0.434362
64
0.00427117
0.0903275
0.185992
18
0.297806
0.583827
0.00645387
0.716215
0.0370449
0.212408
59
0.00221392
0.0510604
0.0189743
65
1.11417
0.498561
0.00205136
0.851016
0.0729044
0.231116
78
0.00996078
0.0930629
0.0390268
8
3.34801
0.295849
0.00871417
0.866249
0.0335901
0.476949
82
0.00465543
0.0578752
0.276949
17
1.09951
0.0615758
0.00356829
0.907115
0.0724233
0.37863
79
0.00708798
0.0348404
0.38336
33
3.69468
0.454395
0.00563045
0.897034
0.0193421
0.228295
64
0.00604507
0.0818791
0.361606
80
0.33276
0.628909
0.00853222
0.972645
0.0805571
0.127223
39
0.00808376
0.0662424
0.416534
6
0.735086
0.381559
0.000834532
0.712868
0.0362403
0.120485
8
0.00422009
0.026432
0.128266
73
1.50453
0.173502
0.00409769
0.878013
0.0499901
0.302839
53
0.00793862
0.0990189
0.0386816
41
1.55024
0.0993306
0.00899839
0.774944
0.02854
0.453102
46
0.00125765
0.0462327
0.386907
39
0.557213
0.262458
0.00573773
0.92284
0.0242487
0.0828015
66
0.00999452
0.0346711
0.489544
50
3.43656
0.548011
0.00920931
0.764207
0.0759585
0.35
73
0.00835799
0.0135828
0.273911
13
2.29463
0.0216364
0.00766687
0.70205
0.0659897
0.447768
74
0.000328208
0.0960779
0.0421897
86
2.28133
0.652654
0.00701016
0.741174
0.0794216
0.393603
54
0.00463068
0.0413417
0.140714
78
1.66867
0.194316
0.00203622
0.729499
0.0920488
0.371117
74
0.00824016
0.0268922
0.365242
28
3.23352
0.188602
0.00290587
0.880572
0.0245011
0.057498
38
0.00480316
0.0120877
0.358826
69
3.446
0.787635
0.00937386
0.874378
0.0962623
0.179693
83
0.00409004
0.0434364
0.39126
21
1.31186
0.465155
0.00978169
0.758291
0.0808281
0.289291
55
0.00803479
0.0382168
0.186746
51
0.520322
0.248903
0.00320274
0.955072
0.0200466
0.0276363
96
0.00582055
0.0218588
0.123381
3
2.74583
0.631833
0.000729746
0.725073
0.0959017
0.264457
98
0.00340679
0.0129574
0.419325
8
3.41321
0.0538312
0.00753211
0.7709
0.0987495
0.256339
1
0.00115425
0.023581
0.148063
47
1.58097
0.417101
0.00441115
0.781245
0.0382285
0.170325
34
0.00757069
0.0351498
0.245554
31
2.89162
0.422399
0.00984062
0.833308
0.0167053
0.232147
84
0.00736485
0.0814457
0.227062
45
3.86574
0.612216
0.00835138
0.746672
0.0773916
0.272971
50
0.00204184
0.0201601
0.133679
18
3.04681
0.447534
0.000361753
0.755445
0.0509318
0.106532
39
0.00744718
0.0543937
0.408502
20
0.696138
0.70596
0.00480779
0.903999
0.0350767
0.267249
27
0.00701513
0.04013
0.364023
78
1.32358
0.552951
0.00415751
0.863472
0.017707
0.147991
80
0.0033341
0.083024
0.0121794
80
2.9072
0.404431
0.00340686
0.964734
0.0884484
0.465325
9
0.000737491
0.0467126
0.0727612
10
1.02265
0.134124
0.00941682
0.755871
0.0218074
0.0496169
99
0.007693
0.077992
0.436655
53
2.00125
0.708321
2.40956e-05
0.822022
0.0992127
0.328972
77
0.000975126
0.0238913
0.471168
39
0.578342
0.0864023
0.00406887
0.957054
0.0671431
0.179597
14
0.00910683
0.0554061
0.134158
10
3.51462
0.551056
0.00791091
0.778339
0.0877923
0.0970509
39
0.00840529
0.010442
0.392767
26
3.56673
0.768867
0.00487232
0.844638
0.0564356
0.154893
82
0.00271554
0.0743913
0.427548
59
3.41704
0.732032
0.00435202
0.783381
0.0663937
0.450203
26
0.000786795
0.0798855
0.0163447
14
1.68678
0.00658024
0.00122296
0.830837
0.0630905
0.0649512
46
0.00234096
0.0938529
0.0802905
9
2.87898
0.0983805
0.00541617
0.803835
0.0654158
0.261656
61
0.00886568
0.0994116
0.478257
55
0.450183
0.0773419
0.00530188
0.986199
0.048815
0.015557
12
0.00077044
0.0141212
0.354632
32
2.71967
0.755372
0.00312231
0.818533
0.0313382
0.0812198
5
0.00240954
0.0862792
0.105078
30
2.93197
0.659978
0.000789788
0.893469
0.0517
0.375737
6
0.00794462
0.0548467
0.397306
15
3.89063
0.122246
0.00437767
0.726651
0.0752826
0.437199
40
0.00233385
0.0172801
0.252476
45
3.07364
0.425553
0.000405215
0.91743
0.012287
0.464359
75
0.00102618
0.0966178
0.171298
35
2.87273
0.21477
0.00676569
0.986635
0.0555843
0.0701489
23
0.0044906
0.0328056
0.121987
88
0.669335
0.350543
0.000108423
0.997731
0.041049
0.0771384
22
0.00645548
0.0720509
0.28386
72
2.9691
0.545104
0.00492707
0.957795
0.0702192
0.42195
82
0.00597385
0.0409285
0.196337
30
0.487391
0.619885
0.00535308
0.939991
0.0806491
0.00668545
32
0.000641485
0.0403617
0.437848
58
3.55591
0.743298
0.00889315
0.892855
0.0689603
0.193963
21
0.00723636
0.0522427
0.266326
30
2.73256
0.779067
0.00524379
0.960114
0.0935247
0.333945
85
0.00899428
0.0873344
0.434295
20
2.61237
0.17662
0.00744317
0.767478
0.0523069
0.382871
20
0.00279124
0.0676287
0.0453612
81
1.57515
0.786006
0.00377189
0.967334
0.0839282
0.27007
23
0.00555959
0.0274923
0.0923348
30
0.770201
0.580246
0.00710007
0.765253
0.0501833
0.163706
82
0.00379493
0.0642314
0.350401
64
0.756552
0.48324
0.00499904
0.963708
0.0711758
0.314074
2
0.00780537
0.051544
0.275589
25
2.91192
0.275172
0.00586251
0.910673
0.0548395
0.0590187
50
0.00171645
0.0887685
0.479625
50
0.555456
0.0925136
0.00247623
0.962267
0.0376277
0.112359
44
0.00339194
0.0109908
0.22111
37
3.7
0.560068
3.56561e-05
0.820445
0.0588656
0.292869
64
0.00383694
0.0706252
0.480701
73
1.05332
0.287696
0.00806631
0.773407
0.0682534
0.0661933
71
0.00497137
0.0590242
0.407536
83
3.30597
0.269244
0.00738217
0.932392
0.0606378
0.374081
3
0.00129865
0.0506741
0.481185
49
3.87355
0.282324
0.000200341
0.739154
0.0892849
0.193395
87
0.00280766
0.0623602
0.108359
43
1.83126
0.75853
0.00135707
0.730303
0.069686
0.256704
94
0.000265264
0.0542117
0.279359
92
2.75262
0.554887
0.00131574
0.810001
0.0678323
0.413019
20
0.00507297
0.0757228
0.460896
100
1.21214
0.351162
0.00469851
0.976026
0.021493
0.165411
87
0.00387027
0.0380088
0.145311
54
1.61472
0.420989
0.00601566
0.950571
0.0237888
0.332475
15
0.00288616
0.0603731
0.399012
36
2.32691
0.661312
0.00589322
0.903695
0.0266931
0.100725
26
0.000154927
0.0617177
0.316442
70
3.5246
0.0907524
0.00264003
0.748869
0.0909992
0.443006
24
0.00301884
0.0876871
0.0254455
99
0.608707
0.329357
0.00616586
0.810382
0.0797888
0.391683
74
0.000805319
0.0301864
0.1353
21
3.71234
0.798623
0.00991347
0.935826
0.0303505
0.472232
57
0.000466125
0.0394745
0.235841
63
3.63079
0.0792572
0.00960997
0.715707
0.090304
0.314639
46
0.00530801
0.0633079
0.368535
82
2.70684
0.169223
0.0096373
0.806864
0.0527892
0.0527817
70
0.00327275
0.0762268
0.0771358
69
0.288018
0.183712
0.0085689
0.751644
0.0133028
0.389546
83
0.00472793
0.0697182
0.382357
73
1.08177
0.0755086
0.00119873
0.722352
0.0565155
0.32805
92
0.00897803
0.0678759
0.117525
93
1.71916
0.604718
0.0075803
0.734223
0.028282
0.357988
99
0.00671243
0.0141425
0.0989069
11
3.03047
0.301368
0.00593315
0.97861
0.0568065
0.348481
4
0.00396209
0.063585
0.0516745
91
2.59734
0.273391
0.00908857
0.969889
0.0579784
0.467362
95
0.00141386
0.032281
0.0670336
42
0.488108
0.227779
0.00283713
0.938754
0.0179111
0.293948
65
0.0089024
0.0270141
0.0270678
96
2.28704
0.0306798
0.00751225
0.821789
0.0861006
0.0684739
40
0.00418379
0.0971532
0.492891
67
2.95294
0.343982
0.00225354
0.934274
0.0259245
0.0328342
73
0.00326315
0.0858405
0.0646958
7
0.996748
0.476579
0.00465199
0.916577
0.0757418
0.489907
12
0.00625398
0.0333668
0.286106
35
1.53788
0.670747
0.000964765
0.995862
0.0473502
0.411208
76
0.00646925
0.0917154
0.192851
56
1.25209
0.337938
0.00524678
0.894902
0.0499297
0.2596
34
0.00626074
0.0763134
0.355842
28
0.396316
0.201736
0.00809416
0.845744
0.0953377
0.399417
97
0.00124314
0.0199053
0.188862
13
2.25707
0.334207
0.00867525
0.971395
0.0658166
0.345546
67
0.00639148
0.0844687
0.0768393
24
0.744076
0.555793
0.00295806
0.914353
0.0656775
0.110609
12
0.00528768
0.0331544
0.497966
24
2.71628
0.78327
0.00581601
0.852559
0.0946535
0.191106
14
0.00147774
0.0632398
0.300601
10
2.16553
0.622996
0.0082588
0.744605
0.0662753
0.0515276
42
0.0093198
0.0112685
0.365857
5
3.99104
0.715358
0.000680039
0.911259
0.0201016
0.452209
86
0.0085209
0.0822527
0.0739202
56
0.199444
0.392825
0.00137552
0.926764
0.0547488
0.0621241
16
0.000559613
0.0653556
0.145821
79
0.36586
0.0796205
0.00877599
0.8006
0.0566475
0.18139
35
0.00136194
0.039079
0.228358
96
3.47468
0.521975
0.00038571
0.79885
0.0347852
0.409035
55
0.00894288
0.0100472
0.156215
5
2.63909
0.0387122
0.0071845
0.916176
0.0899176
0.388627
74
0.00864377
0.0256882
0.4696
25
1.94418
0.590452
0.00198728
0.944122
0.0600835
0.177831
52
0.00796968
0.0375334
0.14396
90
2.42825
0.261201
0.00542937
0.787387
0.0125416
0.356706
53
0.00579582
0.0282582
0.191146
31
3.10098
0.608128
0.00976926
0.727799
0.0453373
0.339303
27
0.00975118
0.0386912
0.430798
98
0.623381
0.757035
0.00689226
0.844939
0.0165668
0.064407
97
0.00871988
0.0245495
0.312156
93
0.304112
0.0228735
0.000532789
0.70163
0.0555292
0.371391
9
0.000911726
0.0861355
0.0335907
58
3.98281
0.657336
0.00956749
0.712085
0.0186153
0.224328
19
0.00370253
0.0169247
0.129218
9
1.17487
0.0945079
0.0017721
0.96022
0.0980971
0.316827
86
0.00247286
0.0240944
0.0682341
52
1.17058
0.1511
0.00308927
0.754742
0.0591542
0.430425
29
0.00535265
0.0764771
0.0591083
75
3.09231
0.738847
0.000296224
0.717036
0.045695
0.219696
37
0.00663318
0.0196574
0.0701304
75
1.69353
0.793255
0.00213534
0.817458
0.0422659
0.494214
70
0.00923965
0.0357932
0.444515
40
1.91415
0.311814
0.00583544
0.931978
0.0140126
0.226844
61
0.00616335
0.0182428
0.214339
96
3.24663
0.775231
0.00159036
0.790613
0.0366976
0.128798
44
0.00175989
0.0360431
0.28778
22
0.860268
0.244041
0.00091821
0.956459
0.0575906
0.0112102
15
0.0041127
0.0123249
0.33664
50
2.03639
0.288661
0.00449248
0.953001
0.0870187
0.247186
55
0.00206165
0.0490431
0.432773
24
3.11385
0.0323375
0.00233991
0.951853
0.0474638
0.130041
93
0.00465171
0.0170405
0.33025
22
1.0866
0.0640107
0.00367902
0.910264
0.0764548
0.249797
72
0.00883937
0.0424796
0.347375
18
1.06009
0.688302
0.00733474
0.985596
0.0510859
0.427216
79
0.0057388
0.0561621
0.409828
43
1.1881
0.492087
0.00504384
0.802967
0.0818131
0.219179
45
0.00663777
0.0152798
0.201612
61
2.05234
0.37766
0.000169942
0.901415
0.0943552
0.104099
17
0.00453054
0.0319231
0.325231
15
0.906922
0.436543
0.0033559
0.814022
0.0427154
0.200426
4
0.0035704
0.0417259
0.287188
60
1.85462
0.550431
0.00182817
0.902035
0.0867474
0.176884
84
0.00431766
0.0587764
0.101575
96
0.177763
0.654043
0.00334132
0.923443
0.038369
0.092951
65
0.0020881
0.0187792
0.0835807
58
3.51136
0.745518
0.00779758
0.965376
0.0216545
0.199175
50
0.00127755
0.0197797
0.0709765
12
1.0929
0.760745
0.00114929
0.969136
0.0413394
0.284255
85
0.00305653
0.0148737
0.236536
54
3.77079
0.611275
0.00144582
0.789516
0.0616085
0.449421
66
0.00697978
0.0598479
0.208681
16
1.10539
0.616963
0.00271419
0.885976
0.0783276
0.0175083
36
0.00198866
0.0366971
0.331494
21
3.21743
0.298607
0.00558498
0.732956
0.0352286
0.302177
82
0.000856883
0.0576133
0.197768
56
0.188077
0.451587
0.00891197
0.759108
0.0308305
0.326987
2
0.0050373
0.035586
0.380693
51
2.3026
0.00745881
0.00705268
0.841742
0.0540521
0.155894
86
0.00935455
0.0210398
0.0279968
39
1.5938
0.242834
0.00345862
0.988941
0.0294109
0.024065
58
0.00614741
0.0667581
0.182474
93
3.45519
0.2936
0.00741373
0.965899
0.0855635
0.49992
75
0.0062945
0.0880259
0.238355
95
2.19696
0.509552
0.0043205
0.856845
0.0670106
0.305379
89
0.00335233
0.0421769
0.1032
28
3.26058
0.471128
0.00371005
0.706047
0.022024
0.038283
70
0.000599866
0.0386152
0.0891736
40
1.77636
0.303223
0.00165467
0.990692
0.0319013
0.318305
18
0.00964401
0.0296357
0.21795
1
3.25671
0.347379
0.000668762
0.849683
0.0996934
0.360342
99
0.00660965
0.0775615
0.0461315
51
0.718548
0.535146
0.00567158
0.940987
0.020576
0.385929
36
0.00414904
0.0842814
0.48357
27
1.64873
0.727082
0.00754778
0.80486
0.0391817
0.335458
22
0.00640252
0.0581552
0.175663
92
3.48953
0.23036
0.002547
0.952821
0.01129
0.0120395
15
0.0082003
0.0568734
0.39361
99
3.35721
0.458365
0.00306819
0.824606
0.0870893
0.0204401
46
0.0010755
0.0963085
0.0010531
16
3.38667
0.357619
0.00433025
0.728601
0.0814099
0.124014
72
0.00816889
0.0365909
0.428241
27
0.693878
0.541486
0.00580355
0.741942
0.0477366
0.343284
78
0.00421687
0.0772358
0.109624
60
2.76145
0.560698
0.00624438
0.994084
0.053153
0.247748
48
0.0053852
0.0563713
0.248281
63
2.07608
0.765591
0.00623379
0.793087
0.0673611
0.398201
7
0.000673828
0.0317591
0.198978
17
3.01187
0.0617496
0.00528256
0.877005
0.0763949
0.413509
98
0.00251415
0.055037
0.141563
37
3.62353
0.332489
0.0021139
0.931114
0.0934433
0.400506
47
0.00451417
0.0456728
0.403736
86
0.824922
0.475541
0.00776167
0.801778
0.01806
0.195489
51
0.00100003
0.0245907
0.211236
90
1.84915
0.747537
0.0022103
0.815484
0.09272
0.272437
9
0.00937237
0.0215228
0.035289
67
0.240506
0.0578486
0.00771643
0.856533
0.0396368
0.432879
3
0.00514751
0.043013
0.266854
82
3.91396
0.39741
0.0032075
0.949007
0.0311573
0.4975
49
0.00676044
0.0133783
0.385691
88
3.14912
0.489708
0.00664689
0.955466
0.0541977
0.40176
48
0.00320626
0.0203241
0.451995
45
1.52866
0.126678
0.00331764
0.819883
0.0287622
0.283378
52
0.00103341
0.0669681
0.138602
48
1.88037
0.104222
0.0039548
0.713937
0.0850077
0.374278
91
0.00833605
0.0571011
0.0476992
4
2.80133
0.733891
0.0029148
0.984377
0.0411679
0.42306
29
0.00658871
0.0494822
0.278318
34
2.2661
0.63326
0.000561247
0.95155
0.0357731
0.119279
62
0.00117373
0.0673558
0.203752
58
2.86162
0.327619
0.00882609
0.771884
0.0777644
0.0190501
17
0.00891724
0.0982829
0.00738659
38
1.47803
0.32029
0.00637207
0.97396
0.0328945
0.361495
90
0.00155425
0.027411
0.403155
94
1.62512
0.486348
0.00349461
0.868225
0.0734967
0.207615
57
0.00859987
0.0249245
0.102017
88
2.78649
0.581301
0.00620743
0.808397
0.0707732
0.0798473
68
0.00955096
0.0868691
0.415455
77
0.989182
0.144142
0.00911775
0.736555
0.0440765
0.332191
12
0.000207132
0.0648277
0.346152
53
2.38099
0.185416
0.00234781
0.777287
0.0933378
0.083725
52
0.00918249
0.0517747
0.205897
78
2.16029
0.358991
0.00687581
0.777958
0.0188979
0.0982446
8
0.00515512
0.0132363
0.384681
20
2.45256
0.630155
0.00521599
0.839673
0.0709762
0.432012
88
0.00459103
0.0431985
0.0235601
65
3.05087
0.53317
0.00599528
0.764945
0.0332288
0.0717914
56
0.0031018
0.016267
0.0795013
72
3.65771
0.588377
0.00380539
0.936897
0.0617437
0.423258
28
0.00371049
0.0734174
0.453233
92
3.95084
0.322691
0.00453316
0.89592
0.0939517
0.0950237
57
0.00878957
0.0156594
0.184225
83
3.56801
0.31419
0.00483466
0.890135
0.0704605
0.131186
93
0.00182165
0.0191362
0.449954
31
0.440146
0.276224
0.00129666
0.848946
0.0938115
0.17319
20
0.00753908
0.0315359
0.439967
54
0.645479
0.113268
0.00381935
0.788695
0.0882337
0.312464
61
0.00416402
0.0283839
0.297995
29
3.68099
0.784969
0.00691098
0.966675
0.0430477
0.417403
42
0.00620053
0.0781404
0.457216
24
3.04068
0.520324
0.00148012
0.753573
0.0885959
0.205384
4
0.00282316
0.014397
0.233438
3
2.47535
0.0900937
0.00555842
0.868646
0.0559037
0.208665
19
0.00162708
0.0943214
0.201344
82
1.22696
0.709645
0.00587797
0.911775
0.0137802
0.138303
23
0.0026994
0.0865855
0.154945
55
1.41704
0.764197
0.000264712
0.767805
0.0971611
0.296524
56
0.00632305
0.0660593
0.31377
79
2.46015
0.414891
0.00596801
0.798631
0.0790161
0.221553
16
0.00966919
0.0600707
0.257767
75
3.37712
0.444083
0.00798286
0.766383
0.0968482
0.322534
49
0.000884436
0.080467
0.197277
71
2.43425
0.687061
0.00347871
0.870857
0.041863
0.35933
88
0.00552424
0.0439192
0.314579
87
1.89088
0.510873
0.00569205
0.814563
0.0966261
0.384164
11
0.00904199
0.0477555
0.152712
85
3.75712
0.177722
0.00519656
0.726954
0.0837012
0.365766
71
0.00460385
0.0308878
0.397191
60
1.96927
0.286735
0.00451616
0.851431
0.0951377
0.409411
89
0.0052421
0.0646482
0.053574
37
3.10788
0.215844
0.00609974
0.77252
0.0345055
0.492554
75
0.00818954
0.0690165
0.0844303
91
1.48672
0.256302
0.00765931
0.917694
0.0471062
0.0211308
90
0.00949928
0.0996652
0.360524
100
3.16413
0.25835
0.000461726
0.750476
0.0281471
0.45845
27
0.00609486
0.0355395
0.239627
90
0.791937
0.0453642
0.00895435
0.836872
0.0736424
0.246163
45
0.00979499
0.0714335
0.32734
60
2.80595
0.118447
0.00281797
0.719444
0.0489507
0.152637
47
0.000127582
0.0434818
0.299318
94
1.75659
0.129607
0.00782665
0.790037
0.0268229
0.142811
1
0.00876557
0.012434
0.255257
42
2.8867
0.422946
0.00788136
0.768918
0.0595208
0.397093
84
0.00880392
0.0252481
0.163462
5
3.9297
0.240664
0.00251325
0.737691
0.0823318
0.257597
83
0.00406949
0.0255631
0.28938
40
2.27278
0.0959693
0.00859153
0.793672
0.0447158
0.264987
10
0.00688432
0.0517101
0.465085
12
3.60381
0.206039
0.00997696
0.846914
0.033083
0.201306
80
0.00995255
0.044656
0.104111
84
2.60898
0.746456
0.0081186
0.97082
0.0431631
0.236326
5
0.00402168
0.0125346
0.411949
59
3.80073
0.50156
0.00117013
0.989726
0.0299797
0.296378
40
0.00150867
0.0231454
0.232038
54
0.340446
0.19922
0.00152919
0.834299
0.0131714
0.185822
89
0.00496969
0.0186134
0.459314
42
1.70565
0.697144
0.00256309
0.998808
0.0894971
0.0333649
60
0.00958007
0.0710349
0.115988
36
1.35525
0.012891
0.008751
