0.907955
0.00567395
0.062817
5
0.00277742
0.0248485
0.0100646
0.480707
39
0.0044662
0.375668
0.977518
0.0316947
0.420241
44
0.00740964
0.00957908
0.0376332
0.336409
86
0.000503059
0.339725
0.931312
0.0918532
0.115472
43
0.00449874
0.0821148
0.0103937
0.167486
25
0.00491424
0.292854
0.922583
0.0535062
0.0597772
24
0.00591272
0.0911526
0.0337188
0.196912
100
0.00420973
0.0882066
0.930147
0.0929209
0.0750851
78
0.0064239
0.00439879
0.0163566
0.154145
28
0.0025429
0.346991
0.918731
0.0690995
0.364982
87
0.00577885
0.0759264
0.0200053
0.457901
3
0.00320798
0.0319418
0.967375
0.0527006
0.185839
46
0.00457387
0.077478
0.0447428
0.130374
9
0.00049994
0.149668
0.984291
0.00644927
0.0965178
89
0.00670577
0.0578371
0.0310103
0.126734
24
0.00229154
0.0273913
0.992774
0.0802192
0.274777
1
0.00896474
0.0950372
0.0331182
0.0437775
56
0.00444907
0.246275
0.996929
0.0628896
0.282596
17
0.000459637
0.0516008
0.024771
0.485659
32
0.000481115
0.135054
0.911681
0.0977059
0.393864
22
0.00873465
0.0460256
0.0165353
0.427497
96
0.00255157
0.121812
0.944509
0.0376788
0.268488
73
0.00525161
0.0386179
0.0380762
0.392599
77
0.00202309
0.386657
0.956991
0.0878289
0.0642015
76
0.00735708
0.0782157
0.038837
0.393234
79
0.0010306
0.392736
0.973007
0.0564971
0.0981143
46
0.00503309
0.0379573
0.0199631
0.256795
99
0.00240026
0.0836989
0.953744
0.039863
0.181594
8
0.000749679
0.0550929
0.0432328
0.119824
26
0.00468999
0.25084
0.938935
0.0210484
0.202137
62
0.0097909
0.0840948
0.0175108
0.0388359
15
0.00343554
0.0569991
0.90701
0.0899015
0.146192
57
0.00277274
0.00615513
0.0481092
0.0933803
18
0.00156111
0.308021
0.912343
0.0761823
0.256452
79
0.00477936
0.00600958
0.036544
0.402029
64
0.00376381
0.212753
0.915101
0.0859367
0.0816115
18
0.00287617
0.0634545
0.0373318
0.482649
43
0.00304682
0.157904
0.960037
0.0435472
0.317814
31
0.00416805
0.0835029
0.0241399
0.365848
96
0.00276463
0.121162
0.964288
0.031438
0.236846
16
0.008996
0.0293778
0.017404
0.0302344
11
0.00354553
0.172031
0.944179
0.00358352
0.101286
77
0.00650886
0.092986
0.0339296
0.341584
59
0.00356743
0.0425726
0.955504
0.0732567
0.383174
66
0.00656381
0.0643959
0.0374184
0.3693
94
0.00394074
0.176884
0.998943
0.00299085
0.0552738
39
0.00933701
0.0594591
0.0229148
0.3094
59
0.00328124
0.28025
0.966237
0.0744259
0.471964
27
0.00955102
0.0408427
0.0290826
0.281283
37
0.000408353
0.130537
0.941164
0.0266983
0.0200797
82
0.00867077
0.00277804
0.0216218
0.026886
83
0.00295529
0.115529
0.940883
0.00769347
0.22106
41
0.00110125
0.0492862
0.0203921
0.155757
67
0.00443388
0.260073
0.981065
0.0679718
0.0331326
35
0.00438915
0.0578152
0.0334545
0.0695153
61
0.00391108
0.0722445
0.926821
0.0831482
0.33734
52
0.00623195
0.0602095
0.0378689
0.469029
91
0.00153266
0.112377
0.903583
0.0970711
0.322745
68
0.00396772
0.0745199
0.0255859
0.495672
43
0.0039771
0.222636
0.954299
0.00140022
0.163992
57
0.00418045
0.0337922
0.01259
0.380809
80
0.00445399
0.309536
0.934493
0.0884596
0.396984
56
0.00876049
0.0830664
0.0379952
0.45104
33
0.00105836
0.0916716
0.988117
0.0330969
0.249849
16
0.00159498
0.0825135
0.0141541
0.342657
31
0.00434651
0.167346
0.983742
0.0455942
0.271349
96
0.00831042
0.017317
0.012963
0.0275928
10
0.00437621
0.209372
0.95571
0.0449152
0.450367
5
0.00493223
0.0749679
0.0227462
0.00215817
7
0.00490304
0.164056
0.923563
0.00515657
0.318074
87
0.00749587
0.0850643
0.0104107
0.484266
55
0.00205232
0.11874
0.908623
0.0169314
0.0169606
84
0.00435575
0.0872853
0.0222955
0.029025
12
0.00270799
0.228284
0.92652
0.0937877
0.15549
6
0.0090378
0.0539904
0.018065
0.286968
40
0.000694609
0.0120978
0.910408
0.000429813
0.402228
8
0.00441932
0.0457987
0.0393293
0.134321
76
0.00406728
0.13214
0.994595
0.0909617
0.398993
32
0.00340748
0.0073918
0.0434971
0.0685772
62
0.00220291
0.0844119
0.924958
0.058997
0.414077
6
0.00921008
0.0999486
0.0314327
0.274255
6
0.000987589
0.0458097
0.920186
0.0301671
0.30381
95
0.00328359
0.0864595
0.010555
0.0333926
72
0.00178355
0.232094
0.943494
0.0327299
0.182926
98
0.00808618
0.0251304
0.032369
0.428138
41
0.00392384
0.0731958
0.976674
0.048025
0.463731
19
0.00677253
0.079581
0.0210667
0.17681
48
0.00177073
0.397532
0.986391
0.0811601
0.38535
3
0.00771943
0.0284228
0.0165907
0.300172
71
0.00384085
0.292207
0.99166
0.000108884
0.342009
12
0.00844802
0.0735058
0.0262307
0.0728973
9
0.00364676
0.290238
0.920646
0.0651263
0.0068604
74
0.00659145
0.0645652
0.0271704
0.200746
59
0.00477708
0.0760006
0.990027
0.0717318
0.0231139
94
0.00990342
0.0308079
0.0150517
0.373282
84
0.000631027
0.206819
0.910527
0.0459324
0.00220572
82
0.00357309
0.0750742
0.0498506
0.436952
29
0.00248956
0.0301709
0.931889
0.0521008
0.246338
86
0.00888446
0.0104176
0.0153716
0.186031
95
0.00035121
0.203907
0.902845
0.0189092
0.0290388
29
0.00446056
0.0160305
0.0270889
0.248821
80
0.00298045
0.298035
0.967518
0.00963261
0.320237
92
0.00268373
0.098376
0.0194037
0.446578
35
0.00114357
0.254356
0.970014
0.00838327
0.323191
65
0.00563463
0.0247531
0.011417
0.487916
57
0.00162055
0.220132
0.913361
0.0838251
0.2297
86
0.00130062
0.0717732
0.015486
0.127203
75
0.00199291
0.0900624
0.910199
0.0158672
0.351842
36
0.00211881
0.00664233
0.0299581
0.269101
86
0.00032304
0.144047
0.939472
0.0956244
0.297686
85
0.00523592
0.0580456
0.0170512
0.283726
87
0.00171604
0.316939
0.947733
0.0110036
0.0611628
70
0.00890202
0.0672
0.0246885
0.131815
59
0.000399966
0.172335
0.913493
0.0185801
0.0930278
69
0.00261187
0.0132311
0.0377817
0.391127
55
0.00341737
0.360855
0.923152
0.0656563
0.305754
25
0.00877275
0.0186956
0.0371336
0.324805
51
0.000712993
0.355729
0.96807
0.0887482
0.352896
26
0.00538336
0.0304925
0.0488579
0.105505
50
0.0012247
0.249679
0.922773
0.0164056
0.369551
39
0.0057483
0.0770428
0.0149951
0.388815
89
0.00246832
0.195377
0.969099
0.0218208
0.430873
72
0.00334858
0.0445005
0.0375093
0.2145
33
0.00453023
0.27162
0.994704
0.0781979
0.257613
13
0.00424458
0.0148846
0.0375654
0.0635405
75
0.00186159
0.30398
0.909548
0.0420361
0.136957
47
0.00101298
0.0608616
0.0166461
0.241444
24
0.00187835
0.320103
0.95487
0.0586178
0.218567
69
0.00180711
0.0084039
0.0123087
0.250341
36
0.00395488
0.094338
0.906096
0.00715235
0.212625
51
0.00816799
0.0783302
0.0470591
0.190052
99
0.00180238
0.0410353
0.929551
0.0607157
0.403138
36
0.00426231
0.0474801
0.0236038
0.229298
70
0.00341064
0.396836
0.956526
0.00912812
0.0530478
54
0.00517444
0.0423117
0.046752
0.0500091
39
0.00181633
0.274178
0.972493
0.0214751
0.326032
69
0.00728909
0.0355016
0.0172358
0.425196
5
0.000208988
0.324223
0.932678
0.083476
0.31377
100
0.00762486
0.00877019
0.0484101
0.321993
47
0.000145237
0.146732
0.952677
0.059571
0.0532034
76
0.00757569
0.0261539
0.0407973
0.277807
90
0.00346036
0.316121
0.988842
0.0694334
0.0493106
99
0.0013563
0.0360138
0.0344773
0.0618679
98
0.00251684
0.327715
0.902237
0.0184244
0.132893
95
0.00986774
0.0700952
0.0435718
0.348605
22
0.00375477
0.325455
0.985772
0.0822491
0.362065
75
0.00580689
0.0414289
0.0243654
0.212478
35
0.00246031
0.345195
0.911808
0.0212525
0.21476
23
0.00106885
0.00770117
0.0417038
0.0215879
49
0.00370032
0.32593
0.933047
0.086093
0.452841
43
0.00773094
0.0877844
0.0464554
0.163932
80
0.002679
0.225103
0.97907
0.0526049
0.216107
77
0.00441388
0.0172039
0.036205
0.240248
84
0.00121683
0.243999
0.978921
0.0737619
0.346722
83
0.00883064
0.0685635
0.0204768
0.486582
11
0.00350355
0.354814
0.900059
0.0599611
0.460792
37
0.00766369
0.0234515
0.047725
0.470955
65
0.00028952
0.0105568
0.980215
0.0866161
0.280861
60
0.00678242
0.00354632
0.0161364
0.183274
18
0.00303706
0.0228985
0.916721
0.0293946
0.111504
70
0.00777364
0.0876924
0.022101
0.193822
7
0.00160268
0.0540356
0.9665
0.0684477
0.309119
55
0.00252853
0.0285285
0.0264064
0.235992
15
0.00499134
0.281237
0.951208
0.060258
0.0485682
53
0.00827182
0.0765717
0.0412393
0.135213
41
0.00355027
0.173061
0.972731
0.0482308
0.367357
37
0.00372208
0.0174624
0.0430935
0.184347
51
0.00257377
0.3326
0.969301
0.0537663
0.475254
42
0.00272046
0.0853344
0.0277291
0.307789
24
0.000490628
0.318087
0.922289
0.06526
0.395663
76
0.00915624
0.0399216
0.0226779
0.338191
28
0.000917036
0.26111
0.917786
0.0446052
0.181012
24
0.00754225
0.0611615
0.0456722
0.399213
39
0.00358571
0.255248
0.921784
0.0583444
0.480989
97
0.00103973
0.0550198
0.0117647
0.378198
68
0.00171778
0.106774
0.91563
0.0721094
0.428842
48
0.00227975
0.0412178
0.044477
0.238803
68
0.00111298
0.0692312
0.929017
0.0952028
0.412796
35
0.00640843
0.0121663
0.0102747
0.23748
75
0.000544272
0.215376
0.975001
0.00888992
0.343077
28
0.00560734
0.0115127
0.0364546
0.422362
23
0.00225037
0.28901
0.936014
0.0765971
0.308772
72
0.0064914
0.0205313
0.0446521
0.136828
59
0.00279691
0.0701162
0.982475
0.0223384
0.348642
91
0.00832765
0.0966166
0.0222379
0.381216
94
0.000151416
0.0978546
0.971229
0.0280133
0.119425
83
0.0083577
0.0099939
0.0249918
0.424416
11
0.00334346
0.200447
0.937071
0.022579
0.378559
23
0.00333005
0.0652935
0.0462472
0.305677
69
0.00390059
0.0432018
0.941462
0.0655547
0.493774
62
0.000731884
0.053734
0.0157723
0.15094
34
0.000167463
0.0397043
0.930023
0.0412981
0.259755
37
0.00667117
0.0536428
0.022441
0.137432
16
0.00433888
0.224368
0.952924
0.0671523
0.289465
44
0.00603461
0.0962918
0.0219055
0.458643
9
0.00242581
0.278398
0.982293
0.035803
0.328677
99
0.0042817
0.0801752
0.0405908
0.0413821
58
0.00326792
0.330636
0.985308
0.0489344
0.49927
88
0.000703856
0.0734344
0.0158931
0.471674
28
0.00158298
0.154842
0.971069
0.0100393
0.118857
44
0.00387151
0.0190809
0.0205628
0.293812
72
0.0040859
0.35702
0.911085
0.0784755
0.478198
77
0.00999949
0.0908504
0.0320004
0.11606
48
0.00184199
0.253305
0.976004
0.00311261
0.26437
8
0.00893471
0.00534745
0.0419983
0.207811
26
0.00320367
0.0518047
0.909139
0.0559595
0.176709
40
0.00380133
0.0526555
0.0464851
0.0047076
78
0.00293266
0.287549
0.927672
0.0623141
0.0545031
54
0.00610084
0.0365983
0.0400059
0.249473
66
0.00338452
0.0489279
0.947261
0.0274713
0.0851936
94
0.00298532
0.0945887
0.0343793
0.00548048
19
0.00201518
0.332113
0.93809
0.00409276
0.135162
66
0.00059238
0.0417384
0.0433225
0.239565
60
0.00465019
0.126939
0.987606
0.0972769
0.481554
33
0.00872377
0.00363575
0.0274199
0.403125
52
0.00081394
0.367169
0.929297
0.0818613
0.254375
78
0.00968818
0.0656016
0.038473
0.444436
54
0.00448804
0.0416283
0.947331
0.0849948
0.492618
86
0.00739208
0.0486797
0.0135422
0.213751
2
0.00258811
0.105291
0.970335
0.0220576
0.2789
74
0.000217677
0.0953555
0.045984
0.110898
53
0.00194119
0.281664
0.930683
0.0942224
0.285921
50
0.00764727
0.0543954
0.0437781
0.161334
46
0.00134676
0.383586
0.907776
0.0558424
0.315683
20
0.00818161
0.0597171
0.0194564
0.359912
57
0.00259207
0.300236
0.926174
0.0482622
0.311589
30
0.00206548
0.0738232
0.0151865
0.0756054
76
0.0044169
0.0714024
0.983295
0.046297
0.164829
69
0.00948771
0.0547161
0.0149321
0.258949
77
0.00291421
0.32085
0.967207
0.0903396
0.294329
67
0.00908015
0.0465211
0.0298847
0.181709
63
0.00379607
0.0788171
0.909752
0.0932236
0.215916
85
0.00345802
0.0942734
0.0433887
0.400242
85
0.00216948
0.246546
0.984126
0.0719124
0.253462
75
0.00722728
0.00182838
0.0122056
0.0348974
97
0.000610238
0.187364
0.971687
0.0517142
0.110472
64
0.00901266
0.0806331
0.0490008
0.453454
34
0.00451117
0.0892721
0.908165
0.0675669
0.151465
36
0.00390694
0.0403324
0.0383582
0.159955
56
0.00233998
0.0966621
0.903421
0.0239554
0.17499
90
0.0024697
0.0101335
0.0190214
0.0843107
74
0.00411371
0.31561
0.949793
0.0799376
0.063951
73
0.00499057
0.0236697
0.0142457
0.382015
38
0.00198674
0.151293
0.912608
0.0461964
0.355652
86
0.00233002
0.0419907
0.0124364
0.204001
93
0.00403927
0.341481
0.979351
0.0714991
0.0406397
82
0.00988558
0.0617518
0.0233121
0.199435
69
0.00247972
0.0865343
0.998746
0.00164011
0.0310269
7
0.00350556
0.0305605
0.0176305
0.313338
16
0.00416012
0.262869
0.973904
0.049906
0.244403
89
0.00948316
0.0846051
0.0301672
0.0172999
64
0.00302988
0.0266929
0.907376
0.0397855
0.408644
2
0.000305874
0.0932137
0.0474664
0.253229
82
0.00362186
0.0982493
0.934961
0.0346063
0.316648
23
0.0078719
0.0620413
0.048022
0.353109
77
0.000906382
0.019948
0.931611
0.0945007
0.423927
38
0.00156355
0.0812493
0.0341198
0.364323
84
0.00430981
0.120356
0.984972
0.0551063
0.251898
46
0.00256711
0.00785272
0.038735
0.461354
43
0.00203327
0.312328
0.996092
0.0618045
0.0257254
63
0.0098423
0.0223265
0.0244506
0.327418
84
0.00404433
0.165421
0.979467
0.0503878
0.440774
17
0.00751874
0.0632371
0.0366165
0.175654
20
0.00347112
0.370784
0.900908
0.0197972
0.233844
99
0.00354054
0.0666364
0.0223406
0.476939
25
0.00275357
0.177291
0.974701
0.0625785
0.468202
52
0.00886073
0.0320402
0.0466121
0.426891
89
0.000228786
0.167648
0.979664
0.0833359
0.143797
2
0.00906762
0.0922765
0.033596
0.225566
38
0.000257084
0.266688
0.937242
0.00492585
0.0431444
4
0.00724256
0.0805323
0.0425702
0.245291
25
0.00487065
0.283743
0.927522
0.0686429
0.372528
26
0.00961622
0.0995305
0.0322047
0.3873
13
0.00323189
0.390065
0.995652
0.0042921
0.172839
28
0.000611085
0.00335462
0.0275112
0.350018
73
0.00483886
0.299206
0.927093
0.0177239
0.446326
67
0.00608051
0.0229745
0.0178001
0.15896
66
0.00370832
0.25393
0.935196
0.0522561
0.14794
98
0.000558032
0.0677598
0.0216892
0.337284
20
0.00277266
0.0807135
0.948272
0.0900409
0.168292
33
0.00627792
0.0628725
0.0155449
0.447857
79
0.00261062
0.0338952
0.916602
0.0175187
0.24348
1
0.00285325
0.00168548
0.015243
0.111349
94
0.00442911
0.14588
0.908429
0.0473628
0.113168
53
0.00718546
0.0968442
0.0448483
0.384325
30
0.000965719
0.274748
0.944708
0.0495873
0.358647
17
0.00463861
0.0966672
0.0489459
0.318502
18
0.000521216
0.218635
0.976445
0.0148831
0.08823
50
0.00399736
0.0670597
0.0359262
0.211226
72
0.00388553
0.12552
0.913084
0.0144414
0.134868
15
0.0067416
0.0552843
0.0333905
0.11338
7
0.00452873
0.203293
0.914518
0.04098
0.171264
10
0.00384927
0.0142277
0.0304108
0.092607
76
0.00283351
0.335979
0.92559
0.0762824
0.167712
12
0.00501813
0.06221
0.0300035
0.475863
4
0.00475727
0.262204
0.98613
0.0439261
0.485098
72
0.00421312
0.0512114
0.0183173
0.073311
78
0.00142733
0.284477
0.960958
0.0674061
0.321173
61
0.00995519
0.0996569
0.0296648
0.340684
24
0.00241238
0.201508
0.922019
0.0467945
0.20057
13
0.00186574
0.0769909
0.02011
0.1455
88
0.00231533
0.247141
0.982087
0.0844148
0.186191
63
0.00556749
0.0882213
0.0169362
0.386729
54
0.000197704
0.207828
0.921567
0.0492271
0.0503457
37
0.00533357
0.0119768
0.0452186
0.233576
97
0.00306549
0.100838
0.928715
0.0196531
0.417849
35
0.000450632
0.0925037
0.0133645
0.0623159
81
0.00484811
0.0219805
0.904017
0.0284084
0.456473
47
0.00551764
0.0529007
0.0147817
0.0591932
95
0.00175603
0.110611
0.984866
0.0390034
0.374888
5
0.00625279
0.0631499
0.0393983
0.410023
93
0.00230791
0.392113
0.921058
0.0232265
0.0429828
30
0.00432039
0.0785323
0.0418644
0.498718
21
0.000878284
0.310543
0.965944
0.0235188
0.373127
66
0.00160757
0.0472274
0.0134796
0.231136
78
0.00388217
0.393093
0.994024
0.0478454
0.208002
18
0.00319355
0.0202982
0.0377278
0.276782
72
0.00436656
0.384685
0.914336
0.0852975
0.154982
37
0.00145913
0.0254711
0.0186001
0.374183
34
0.00241606
0.321741
0.953527
0.0991319
0.486155
84
0.00521226
0.0919862
0.0363081
0.123866
6
0.00449145
0.312652
0.991441
0.00889481
0.381935
76
0.00421944
0.0396028
0.0414784
0.459788
23
0.00349669
0.170148
0.993756
0.00488929
0.0387488
67
0.00505343
0.0952202
0.0423467
0.416421
63
0.00041626
0.294896
0.957693
0.0403818
0.242888
83
0.00600889
0.061488
0.0109275
0.180127
65
0.00244864
0.373172
0.915896
0.0470146
0.354997
98
0.00253718
0.0442093
0.0187043
0.0112799
47
0.000854069
0.222096
0.976257
0.0921659
0.0899534
5
0.00133355
0.0880091
0.012728
0.165091
9
0.00166935
0.175241
0.967815
0.0303801
0.212054
44
0.00352393
0.0441333
0.0132447
0.0550406
75
0.00234547
0.266386
0.907541
0.0320601
0.239893
30
0.00952531
0.0336274
0.0126544
0.289918
68
0.00280491
0.21408
0.973409
0.0110913
0.445744
64
0.00963783
0.0977835
0.0207476
0.363707
32
0.00169411
0.343636
0.914825
0.00810913
0.496074
79
0.00653685
0.011309
0.0322904
0.304007
44
0.000361482
0.391029
0.977026
0.0127725
0.0329116
49
0.00213279
0.0244928
0.0493711
0.472427
50
0.00402247
0.372432
0.992465
0.0160433
0.472995
18
0.00317289
0.0638203
0.0235788
0.316472
11
0.00124104
0.2613
0.925387
0.0344615
0.262568
92
0.00596761
0.0344613
0.02981
0.325866
40
0.00391443
0.159284
0.90201
0.0598258
0.406351
71
0.00636
0.016696
0.017353
0.367732
51
0.00215331
0.25822
0.942883
0.0407777
0.0901575
91
0.00786137
0.0613044
0.0199195
0.478719
39
0.000647984
0.352261
0.914122
0.0708001
0.198467
46
0.00696814
0.0675537
0.0431999
0.0918737
3
0.00291045
0.164589
0.992254
0.0968648
0.277064
67
0.00982673
0.0376652
0.029594
0.385382
15
0.000123334
0.0749648
0.995354
0.0519624
0.368454
23
0.00865048
0.0777382
0.0395886
0.371816
81
0.00244155
0.293277
0.976112
0.0288455
0.220534
52
0.00162977
0.0971618
0.0250976
0.366109
41
0.0027041
0.0393805
0.980513
0.04572
0.266404
9
0.000234815
0.057418
0.0266713
0.445308
78
0.00480883
0.0386728
0.960707
0.0864955
0.158588
50
0.00860844
0.00234318
0.0139939
0.226829
13
0.00144011
0.362777
0.933776
0.00930513
0.0117899
33
0.00555437
0.076088
0.0485085
0.379034
94
0.000754966
0.0876391
0.965309
0.0337894
0.30139
71
0.0068886
0.0468622
0.0483702
0.0324313
99
0.003943
0.301868
0.927911
0.00863487
0.0941383
56
0.00437662
0.0396305
0.0424211
0.169923
65
0.0045899
0.0856441
0.942587
0.0987976
0.195822
19
0.00710216
0.0695528
0.0325339
0.129735
76
0.00328948
0.217121
0.99634
0.0576922
0.102657
12
0.000422823
0.0296848
0.0473474
0.0944142
3
0.00409778
0.0463967
0.997979
0.016773
0.265665
88
0.00242202
0.0687878
0.0329008
0.224795
5
0.000741967
0.218248
0.92396
0.0897715
0.222748
65
0.00138833
0.0504722
0.025258
0.460446
92
0.00458279
0.381412
0.916093
0.0179559
0.107032
14
0.00296076
0.0810422
0.0442387
0.375805
8
0.00307347
0.111366
0.993377
0.0634195
0.312695
97
0.00824187
0.0657986
0.0161632
0.334826
95
0.000608298
0.205409
0.961877
0.0145228
0.495345
69
0.00573613
0.0773387
0.029727
0.347394
32
0.00224286
0.0613945
0.98665
0.0115359
0.4518
41
0.00263605
0.074247
0.0317664
0.412344
69
0.0026456
0.233155
0.937886
0.046454
0.0868121
3
0.00912661
0.072278
0.0390535
0.298814
56
0.00191102
0.238739
0.95761
0.0140318
0.407469
22
0.000357296
0.0732035
0.047566
0.272545
10
0.004683
0.153583
0.949248
0.0402374
0.0126026
10
0.000766767
0.0329431
0.0455748
0.0427287
98
0.00101258
0.210624
0.95976
0.034864
0.382383
24
0.00245204
0.082329
0.0286283
0.202433
69
0.00278129
0.0649977
0.997488
0.0381785
0.0133935
53
0.00171435
0.0627648
0.014001
0.275741
94
0.00423388
0.251505
0.981312
0.086985
0.13782
95
0.00842036
0.0493425
0.0287741
0.152147
24
0.00179335
0.0654633
0.932219
0.0329242
0.449181
89
0.00366686
0.0918339
0.027814
0.317458
14
0.00378026
0.383808
0.974252
0.0728334
0.28162
81
0.00261905
0.0181432
0.0197322
0.45401
47
0.00097439
0.0933764
0.953407
0.025125
0.26158
77
0.00532495
0.00382909
0.0369316
0.35828
84
0.00066711
0.0591427
0.924856
0.0546235
0.187715
32
0.00230995
0.0743022
0.0210193
0.294774
54
0.000764154
0.359283
0.968861
0.061151
0.258867
40
0.00448823
0.0168554
0.0443453
0.11752
43
0.00052266
0.119758
0.963206
0.0021884
0.0774503
70
0.00759091
0.0201881
0.0145531
0.15675
27
0.00169998
0.335183
0.901326
0.0777119
0.436151
75
0.000638286
0.0182909
0.0206475
0.170223
20
0.00325259
0.231123
0.928519
0.0666947
0.123594
46
0.000995416
0.052863
0.0276273
0.0804404
46
0.00168343
0.268169
0.913047
0.071291
0.0601337
35
0.00488964
0.0828001
0.0363367
0.397942
70
0.00138429
0.0288789
0.961592
0.0750453
0.0210134
45
0.00429906
0.0571103
0.0281539
0.0223613
68
0.0011009
0.0256242
0.933405
0.0821445
0.296279
91
0.00010198
0.0211498
0.0417891
0.450092
31
0.00107975
0.073164
0.991851
0.0841845
0.126654
94
0.00344199
0.0278863
0.0372422
0.0705823
75
0.00425695
0.0777044
0.945242
0.0332979
0.0360527
50
0.0052076
0.0762493
0.0211729
0.322092
48
0.000278859
0.245011
0.925921
0.0700655
0.0680597
36
0.00196954
0.0708436
0.0388925
0.492578
14
0.000470836
0.0940009
0.971927
0.006137
0.488354
34
0.00188706
0.0592144
0.0360534
0.141676
1
0.000374942
0.0304637
0.972201
0.0805431
0.144739
81
0.00811259
0.0856333
0.0291324
0.0286328
20
0.00493083
0.38249
0.950412
0.0156533
0.116278
63
0.0066317
0.0394034
0.0209486
0.171998
85
0.00493455
0.20829
0.977821
0.0201982
0.498211
9
0.00868313
0.0888838
0.0240532
0.0394488
48
0.00410017
0.319475
0.933229
0.0995189
0.0769078
68
0.00728425
0.0560033
0.049689
0.201692
2
0.00221467
0.0314417
0.949974
0.0836395
0.0979613
29
0.00976526
0.045516
0.0396519
0.352057
34
0.00236624
0.114683
0.989613
0.0997889
0.248421
64
0.00706399
0.0341739
0.0110749
0.390212
31
0.00373545
0.0586961
0.996574
0.0949587
0.467873
20
0.00745525
0.0331382
0.0445246
0.465674
77
0.00239086
0.230073
0.945478
0.0508708
0.0669104
51
0.0038397
0.0429434
0.0368358
0.0351389
100
0.00483304
0.311736
0.956271
0.0204511
0.247452
92
0.00199628
0.0798962
0.0162943
0.254189
91
0.00400043
0.15323
0.985413
0.0034352
0.424519
8
0.0092396
0.0720277
0.0282021
0.0565604
16
0.00301688
0.116939
0.989738
0.0587233
0.418871
84
0.000126038
0.0462193
0.0492728
0.0793317
61
0.00129043
0.103355
0.974207
0.0638688
0.443552
93
0.00308014
0.0438033
0.0123395
0.328937
54
0.00372113
0.277033
0.995139
0.0910793
0.447955
72
0.000974305
0.0390791
0.0160345
0.0586334
44
0.00423827
0.0669995
0.954526
0.0162019
0.0695663
61
0.000539432
0.00802218
0.0301521
0.12461
87
0.00226727
0.178986
0.973232
0.0350352
0.290141
45
0.00482593
0.0128918
0.0468774
0.401279
49
0.00216516
0.357217
0.92442
0.0795319
0.234151
68
0.00632533
0.0809865
0.04916
0.112983
81
0.00106112
0.0285854
0.942422
0.0845953
0.271002
52
0.00312138
0.07802
0.0180907
0.0900643
1
0.00067904
0.294471
0.951307
0.00468278
0.366754
21
0.00395694
0.0957886
0.0347731
0.362021
2
0.000957349
0.116302
0.918952
0.0248928
0.293661
48
0.000795742
0.024108
0.017014
0.197823
9
0.00126524
0.209703
0.981521
0.0975364
0.292997
54
0.004028
0.040649
0.0197606
0.0887645
5
0.00369656
0.258986
0.977738
0.00667744
0.223533
9
0.00373805
0.0848956
0.0192424
0.441397
27
0.00133821
0.11392
0.959873
0.0256168
0.128555
10
0.00127587
0.0220032
0.0308047
0.0819404
57
0.00145144
0.361559
0.939719
0.0775143
0.238719
45
0.00884724
0.0161833
0.0305755
0.0181891
71
0.00473946
0.162153
0.958004
0.0131506
0.120648
50
0.0032546
0.0241809
0.0312243
0.23299
33
0.00488484
0.398429
0.972386
0.0406581
0.307515
56
0.00605291
0.0899466
0.0398703
0.409128
6
0.00212475
0.177917
0.946945
0.0554987
0.267162
88
0.00346793
0.081689
0.0237288
0.17877
19
0.0031335
0.0532997
0.987066
0.0321314
0.228358
9
0.00487049
0.0868336
0.0449132
0.103506
22
0.00137592
0.399138
0.904834
0.0993864
0.0657189
16
0.00184901
0.0727724
0.0153154
0.0991708
60
0.00281803
0.393985
0.920201
0.00756748
0.230767
94
0.000404106
0.0135416
0.0357516
0.46811
99
0.00188438
0.156382
0.930873
0.0723724
0.179532
18
0.00647432
0.0487484
0.0351136
0.0311228
67
0.00432405
0.369304
0.937485
0.057345
0.0218336
12
0.0070001
0.0410948
0.0260769
0.435385
84
0.00342792
0.269259
0.952124
0.0393404
0.304183
78
0.00323674
0.099186
0.0190674
0.157879
52
0.00151458
0.365796
0.925189
0.0305358
0.0702584
64
0.00853957
0.00713466
0.0398005
0.288152
23
0.00428038
0.0437762
0.917439
0.01187
0.477819
66
0.0058699
0.0238339
0.0311131
0.370625
89
0.00263102
0.0621417
0.918202
0.0294884
0.237876
100
0.00570823
0.0598744
0.016849
0.114414
53
0.00311205
0.122805
0.998239
0.0857871
0.33883
19
0.00834012
0.0893591
0.0307954
0.411766
17
0.00440738
0.0859206
0.966662
0.065845
0.117777
83
0.00172491
0.0139986
0.0164771
0.0402012
46
0.00399794
0.158393
0.975146
0.0278452
0.0793852
48
0.000478317
0.0561061
0.0330089
0.000490018
82
0.00210185
0.329079
0.950814
0.010661
0.108919
47
0.000966277
0.00475804
0.0391868
0.0861057
58
0.00192839
0.395968
0.978165
0.0354156
0.279748
15
0.00720378
0.0606714
0.0436155
0.120259
22
0.00312511
0.348568
0.940297
0.0635912
0.462744
1
0.00169459
0.0424201
0.0235034
0.0204899
23
0.00150897
0.240204
0.991875
0.00542743
0.431458
34
0.00935017
0.0647799
0.038678
0.122698
72
0.00139483
0.380622
0.943796
0.0649543
0.0719297
70
0.00122016
0.0705271
0.0396968
0.125112
86
0.00181072
0.127857
0.960231
0.0208349
0.416701
30
0.0048398
0.0505064
0.0288255
0.0789313
13
0.00127376
0.064546
0.952636
0.0222415
0.124737
23
0.00461648
0.0522744
0.0178821
0.252446
61
0.00250502
0.299522
0.981854
0.0380424
0.291696
40
0.00909206
0.098478
0.0370593
0.0717784
89
0.00269487
0.132748
0.990991
0.0360678
0.139797
2
0.00734266
0.00418485
0.0493075
0.346562
34
0.00412237
0.277546
0.932362
0.0194054
0.306264
31
0.00491155
0.0347744
0.0440779
0.0642605
97
0.00479411
0.39472
0.987129
0.0880472
0.205061
21
0.0076099
0.0948405
0.0428227
0.0486603
18
0.0046178
0.133257
0.947924
0.0766459
0.479606
14
0.00153248
0.0826445
0.0382268
0.0965936
45
0.000828003
0.296538
0.943226
0.0693447
0.0731491
90
0.00580117
0.0309769
0.0212654
0.0526247
96
0.00362825
0.270444
0.968606
0.0812388
0.193061
62
0.00192104
0.0814384
0.0257781
0.00857569
22
0.000726669
0.305571
0.901965
0.0362997
0.165544
11
0.0014415
0.0523805
0.0402139
0.0533704
45
0.00357745
0.264648
0.927259
0.0966072
0.0836279
22
0.00945181
0.0499719
0.0239357
0.221973
14
0.00206667
0.379972
0.978785
0.0298646
0.439776
13
0.00126743
0.0031201
0.0461605
0.389009
28
0.00332494
0.216234
0.973656
0.0454077
0.476041
99
0.00693633
0.0791472
0.0499554
0.138778
85
0.0022281
0.108931
0.920967
0.0488442
0.105553
65
0.00852455
0.0902072
0.0156908
0.355862
65
0.00405124
0.306688
0.952319
0.0940803
0.157561
59
0.00362914
0.0282012
0.0179999
0.265801
26
0.00154823
0.0183283
0.990474
0.0471742
0.466186
55
0.00778741
0.0298836
0.0292193
0.483436
38
0.00140661
0.0142398
0.903091
0.0981808
0.252853
31
0.00195241
0.0340447
0.0403325
0.0490368
4
0.0010967
0.0445127
0.950528
0.069857
0.397112
57
0.00500398
0.0767111
0.0470367
0.0958675
25
0.00417505
0.0348387
0.985635
0.0335223
0.226046
74
0.00965576
0.0897695
0.0125333
0.0105462
82
0.000792182
0.256064
0.924341
0.0543447
0.335354
87
0.00673201
0.0556659
0.0478073
0.279603
47
0.00439179
0.0779162
0.928419
0.0704936
0.421676
27
0.00891355
0.0664001
0.0380983
0.270701
3
0.00119167
0.0239655
0.964396
0.044127
0.213331
89
0.00202078
0.00279687
0.0131095
0.31449
30
0.000945619
0.0504394
0.981619
0.0570046
0.390828
48
0.00226007
0.0649585
0.0306929
0.29201
70
0.00183172
0.336497
0.923902
0.030994
0.25077
90
0.00469071
0.00641561
0.0390391
0.499657
12
0.00305705
0.345717
0.979917
0.0703758
0.43308
74
0.00309869
0.0954843
0.0356694
0.339893
45
0.00166421
0.350311
0.961132
0.0768527
0.0726775
73
0.00606903
0.0155054
0.0219457
0.497932
99
0.0011223
0.275416
0.914009
0.0954265
0.286648
17
0.000497243
0.0694469
0.0213035
0.0671336
66
0.00457288
0.342445
0.937794
0.0135074
0.458811
97
0.0049031
0.040515
0.0254744
0.267135
85
0.00323785
0.305764
0.945032
0.0230273
0.386796
19
0.00332116
0.00506834
0.0309168
0.0125762
87
0.00189743
0.169724
0.948426
0.0433103
0.444271
6
0.00846369
0.0819102
0.0267929
0.0601092
41
0.00472429
0.326789
0.940457
0.0427302
0.235776
51
0.00234046
0.0381185
0.0303416
0.306458
73
0.00486105
0.168634
0.919117
0.0926474
0.11283
7
0.00568652
0.0585296
0.0137798
0.102949
24
0.00308253
0.148687
0.991158
0.0863859
0.454711
10
0.00257647
0.0373046
0.0461165
0.434506
12
0.0019174
0.035993
0.955321
0.045147
0.133483
42
0.000684041
0.0387473
0.0144501
0.360312
55
0.00218725
0.330199
0.975303
0.0322999
0.461669
15
0.000249337
0.00934281
0.0208666
0.140475
26
0.00439534
0.171206
0.996733
0.0615772
0.190555
91
0.00685975
0.022438
0.0409843
0.41897
90
0.00117708
0.159939
0.984459
0.0808189
0.394386
59
0.00156819
0.04341
0.0382936
0.0373639
62
0.00118465
0.105145
0.950259
0.0474535
0.224236
73
0.000825044
0.0267392
0.0196356
0.143458
87
0.000328529
0.0998952
0.988674
0.0153198
0.37696
57
0.00732662
0.0215972
0.0268625
0.0897391
52
0.00477406
0.037959
0.904635
0.0647345
0.465307
20
0.00800892
0.0980811
0.0273359
0.415669
18
0.00213817
0.202029
0.962003
0.0484911
0.17711
66
0.000865879
0.00112891
0.0405038
0.206999
87
0.00214158
0.0508007
0.917193
0.0741453
0.295319
20
0.00175216
0.0619162
0.0399261
0.151279
50
0.00340162
0.27337
0.939144
0.0609294
0.413374
78
0.00697966
0.0564061
0.0280399
0.320376
12
0.00115117
0.314885
0.935538
0.0934642
0.350406
32
0.00400361
0.0484936
0.0304974
0.40693
74
0.00364923
0.0910852
0.963071
0.0259019
0.375238
13
0.0033803
0.0935409
0.042715
0.462169
45
0.00456139
0.228524
0.917011
0.0961172
0.0582303
55
0.00306108
0.0885406
0.0177139
0.395922
66
0.000310011
0.388761
0.954129
0.0141404
0.166081
67
0.00240369
0.0184751
0.0402676
0.284512
71
0.00353864
0.237734
0.962328
0.00431817
0.0229537
60
0.00823309
0.0218502
0.0315813
0.315195
36
0.00285013
0.144978
0.951636
0.0561539
0.415792
42
0.00266185
0.0164378
0.0294476
0.43138
49
0.00479471
0.123809
0.958612
0.0260798
0.0847249
4
0.000281782
0.0788226
0.0143383
0.332395
8
0.00413471
0.234456
0.964621
0.0959896
0.437908
30
0.00926627
0.0477719
0.0482794
0.0980011
36
0.00165212
0.248484
0.936285
0.0138249
0.349759
57
0.00919019
0.0274243
0.0422982
0.00377458
30
0.00174295
0.0919419
0.970837
0.0284735
0.150289
52
0.00369868
0.0327472
0.014169
0.236466
29
0.000677571
0.130069
0.906499
0.00594803
0.344742
93
0.00704676
0.0517112
0.0146557
0.139737
63
0.00430198
0.189905
0.90422
0.0151258
0.353115
21
0.00339387
0.0209449
0.048186
0.257018
97
0.000267943
0.285443
0.933992
0.075229
0.145193
25
0.00958836
0.0530773
0.0394945
0.419235
25
0.00470778
0.225478
0.992909
0.0772285
0.464735
70
0.00452529
0.0366777
0.0436965
0.0230482
6
0.00298629
0.0480752
0.95176
0.0825193
0.359754
63
0.00567017
0.0290133
0.0456869
0.42397
19
0.000797343
0.140356
0.997406
0.0549371
0.0683826
38
0.00459141
0.0132839
0.0148617
0.172599
6
0.00100913
0.185814
0.919968
0.0676905
0.000195788
29
0.00536229
0.0591483
0.0237623
0.43374
88
0.00260615
0.349666
0.941656
0.062745
0.0749821
85
0.00361638
0.0757129
0.0495666
0.32988
92
0.00299934
0.322658
0.91736
0.0688512
0.459301
20
0.00644049
0.0194655
0.0340759
0.345147
30
0.00149384
0.289878
0.956176
0.0984188
0.232477
88
0.000259686
0.00207298
0.0226106
0.210642
41
0.00286596
0.191669
0.902666
0.071212
0.130906
90
0.00820895
0.0291919
0.0175247
0.106112
85
0.000769803
0.0242312
0.912049
0.00686594
0.272148
45
0.000906981
0.0903056
0.0320843
0.216006
31
0.000868514
0.143016
0.95805
0.023862
0.263681
56
0.00223996
0.0357977
0.0342396
0.14802
37
0.0040693
0.0551684
0.9714
0.0742319
0.455344
83
0.00239525
0.0232532
0.0248895
0.166144
2
0.00271773
0.0564774
0.909967
0.0529966
0.018848
93
0.00664546
0.0475927
0.0263192
0.273492
49
0.00115927
0.302654
0.936589
0.0516231
0.0951417
38
0.00683577
0.0574552
0.0241849
0.481812
90
0.00161282
0.198143
0.99766
0.0173746
0.104349
68
0.00682591
0.00901276
0.0440809
0.48856
61
0.00488158
0.219198
0.96399
0.0355585
0.109303
50
0.00116448
0.0272871
0.0230165
0.21753
92
0.00467564
0.301039
0.959099
0.0165632
0.184355
23
0.00780546
0.00915105
0.0279236
0.301515
79
0.00283983
0.124723
0.930974
0.0681024
0.169263
27
0.00408933
0.0302208
0.0495095
0.164658
22
0.00351428
0.268456
0.975596
0.0876882
0.419429
81
0.00930953
0.0419595
0.0349248
0.0146317
29
0.00103397
0.363684
0.965867
0.0906202
0.427482
9
0.00131689
0.0753059
0.0100904
0.209769
64
0.00197478
0.342052
0.909472
0.0387111
0.39198
39
0.00738595
0.0323506
0.0185118
0.230143
38
0.0028739
0.0765487
0.942273
0.084638
0.201837
59
0.00928665
0.0207906
0.0270283
0.455145
19
0.00108504
0.0813562
0.946296
0.00114945
0.138255
44
0.00205078
0.011125
0.0429955
0.398654
67
0.000703137
0.101411
0.943709
0.0505156
0.227889
28
0.00638097
0.0269654
0.0261591
0.188134
15
0.00141728
0.371675
0.906842
0.00097451
0.122618
6
0.00939677
0.0624764
0.0463713
0.251342
16
0.000586427
0.387241
0.925951
0.0391304
0.33071
41
0.00716341
0.0214266
0.0265324
0.0666794
55
0.00381919
0.235087
0.995561
0.0114765
0.409885
100
0.00470754
0.0109717
0.0346235
0.0570843
66
0.000134221
0.11841
0.998573
0.0794024
0.0105532
62
0.00123138
0.0252119
0.0337747
0.101583
37
0.00432218
0.129264
0.987973
0.02469
0.35743
27
0.00659887
0.00582582
0.0187261
0.473631
70
0.00368068
0.0628224
0.90885
0.0580101
0.441915
94
0.0001763
0.00550101
0.0331937
0.16277
36
0.000451697
0.184932
0.945697
0.068344
0.129687
62
0.00943506
0.049833
0.0385802
0.255242
4
0.000886998
0.359496
0.982698
0.0828709
0.399412
73
0.00392466
0.0588151
0.0116139
0.299893
81
0.000343546
0.236749
0.955151
0.0592419
0.0938863
39
0.0029248
0.0188636
0.0137128
0.439909
64
0.00279239
0.304577
0.964886
0.0855761
0.0243216
13
0.00941463
0.0709691
0.016781
0.496547
83
0.00352388
0.0131954
0.933641
0.0708745
0.411927
27
0.00527666
0.00258277
0.0473764
0.291468
80
0.00347709
0.241501
0.989156
0.0338703
0.457265
3
0.00612087
0.0197424
0.0415798
0.264669
32
0.00153075
0.190657
0.920444
0.00706645
0.470636
22
0.00829258
0.0481914
0.0259419
0.354367
55
0.0025278
0.127598
0.961211
0.0134313
0.18377
48
0.00365379
0.00570646
0.0414393
0.443908
90
0.00497736
0.124347
0.946739
0.0758517
0.370466
90
0.000143111
0.027592
0.0110349
0.312683
76
0.00418145
0.385704
0.939952
0.00731599
0.260259
86
0.00980947
0.00123066
0.0136032
0.266298
95
0.00319297
0.0744639
0.945756
0.0272414
0.15643
87
0.00711705
0.0230474
0.0367863
0.287307
20
0.00335157
0.313934
0.992533
0.091281
0.193238
43
0.00407483
0.0325168
0.0327514
0.195983
78
0.000168617
0.353198
0.980865
0.0372435
0.16275
59
0.00377236
0.0311289
0.0469311
0.146753
76
0.00147993
0.257663
0.95192
0.0889139
0.324792
81
0.00313268
0.0927776
0.028298
0.185255
91
0.00159514
0.182532
0.949663
0.0790811
0.404534
11
0.00668053
0.0673469
0.0460691
0.493873
47
0.00104695
0.338742
0.980111
0.0783927
0.425751
35
0.00652524
0.0147147
0.0421564
0.247201
44
0.00295101
0.18855
0.943052
0.0779313
0.487746
55
0.00565331
0.0939833
0.0429241
0.47716
7
0.00132101
0.113418
0.93173
0.0266726
0.191436
32
0.00114757
0.0975809
0.0358599
0.407989
55
0.00322398
0.271002
0.938568
0.080914
0.332211
80
0.00614636
0.0844617
0.0225408
0.430711
29
0.00361771
0.0191865
0.92164
0.0962546
0.276378
12
0.0083783
0.0449306
0.0342423
0.189991
97
0.00148555
0.229265
0.961433
0.0670297
0.19436
96
0.00444605
0.0584016
0.0128237
0.0856802
19
0.00385921
0.325075
0.990877
0.00280934
0.31421
54
0.00804273
0.0697325
0.0476446
0.319624
67
0.000184511
0.200252
0.969803
0.0108156
0.0998134
42
0.00783232
0.0859034
0.0409088
0.174457
50
0.00238034
0.193833
0.911318
0.0182526
0.240913
61
0.00775048
0.0158183
0.0256444
0.0652133
71
0.000299883
0.194141
0.943958
0.0931962
0.141045
88
0.00725484
0.0755008
0.0358174
0.144056
42
0.00425468
0.332983
0.936645
0.044266
0.16142
65
0.00305014
0.0192446
0.0214868
0.296613
36
0.00360792
0.307874
0.906597
0.0748428
0.429541
43
0.00813092
0.0660386
0.040449
0.394834
40
0.00164563
0.213107
0.982934
0.00267899
0.245591
3
0.00707789
0.0922924
0.0120674
0.404561
60
0.00219534
0.181376
0.995992
0.0102288
0.287434
96
0.00582231
0.0702424
0.0156486
0.208099
26
0.000442574
0.149135
0.962904
0.0244977
0.365147
95
0.00477181
0.0212878
0.0311315
0.326065
40
0.00127871
0.338053
0.924684
0.0315043
0.203343
53
0.00141844
0.032154
0.0425441
0.153638
74
0.00382914
0.241857
0.944846
0.0120227
0.300709
47
0.00166562
0.0746885
0.0420177
0.372883
17
0.00265267
0.323016
0.921292
0.0905001
0.115048
29
0.00616961
0.0567066
0.0293051
0.429545
60
0.00414037
0.160601
0.97017
0.0420752
0.388751
33
0.00221893
0.0874869
0.0242605
0.421182
15
0.00386848
0.368351
0.936059
0.0447389
0.0874689
71
0.0038057
0.0469618
0.0202853
0.0244159
13
0.00367191
0.155548
0.967069
0.0923188
0.422387
49
0.00359445
0.0691354
0.0246264
0.490704
38
0.00420263
0.0666986
0.900224
0.0660753
0.121932
85
0.00544674
0.0352289
0.022055
0.160614
21
0.00289823
0.0552413
0.903861
0.0631395
0.283664
28
0.00510492
0.087048
0.0401436
0.26828
83
0.00194403
0.288131
0.9656
0.038474
0.448576
51
0.00595635
0.0383272
0.0118642
0.0511502
12
0.0037859
0.138574
0.990183
0.0365192
0.127173
55
0.00300584
0.0915138
0.0344828
0.489224
90
0.000200345
0.161555
0.948884
0.00383113
0.152828
26
0.00248496
0.0680712
0.0439749
0.0150702
80
0.000836185
0.339974
0.969109
0.0601382
0.0568332
36
0.000788384
0.0973237
0.010652
0.0447081
53
0.00293103
0.21479
0.91974
0.0412277
0.356112
71
0.00756059
0.0165382
0.0332443
0.344922
33
0.000783281
0.308747
0.965123
0.0370182
0.0349955
53
0.00840452
0.0514357
0.0416661
0.285134
8
0.00209402
0.014842
0.965471
0.0204988
0.336408
58
0.004659
0.0345395
0.0102179
0.104894
65
0.00133229
0.0492335
0.989374
0.0724321
0.0280515
96
0.00413276
0.0124726
0.0233909
0.491007
10
0.00462748
0.28506
0.938683
0.0816912
0.361323
96
0.00790266
0.0569155
0.0133474
0.18211
16
0.00469818
0.334469
0.970654
0.0641587
0.329861
49
0.00971802
0.00818015
0.04907
0.191747
62
0.00314708
0.136054
0.90245
0.0374167
0.206785
25
0.00088573
0.0933289
0.0114811
0.311764
19
0.00147038
0.0526448
0.900502
0.089279
0.00843847
80
0.00201314
0.0255779
0.024807
0.464094
13
0.0004331
0.180779
0.901762
0.000717182
0.469092
56
0.00120435
0.0604038
0.0293744
0.133323
58
0.000554568
0.141971
0.901001
0.0150396
0.159909
26
0.0054721
0.0556443
0.0259153
0.452729
2
0.00330719
0.0355436
0.987767
0.0620921
0.32803
39
0.00539954
0.0431741
0.040869
0.303717
63
0.00396858
0.376562
0.963406
0.0827176
0.331345
78
0.00460705
0.031688
0.028464
0.142086
42
0.00481487
0.0680395
0.997079
0.0500568
0.379571
41
0.00797234
0.079343
0.0116951
0.100609
21
0.00285468
0.358058
0.918544
0.0581663
0.49486
60
0.00689549
0.0107235
0.0348325
0.0473259
57
0.0017602
0.242919
0.98615
0.0871896
0.482396
4
0.00598321
0.0137942
0.0354674
0.438374
69
0.0011331
0.183239
0.946686
0.0547175
0.49704
64
0.00862535
0.0906443
0.0326011
0.442676
79
0.00336894
0.102291
0.929485
0.0924249
0.380308
98
0.00136986
0.0668385
0.045861
0.278942
57
0.000991928
0.362289
0.901521
0.0562488
0.389414
58
0.00584849
0.0289045
0.03265
0.0745559
23
0.00200676
0.184661
0.960514
0.0756475
0.392708
79
0.00973106
0.0332943
0.0406759
0.44867
74
0.00204114
0.0580766
0.905879
0.0423244
0.285032
76
0.00793092
0.0723964
0.0159704
0.437436
49
0.000114361
0.188763
0.931088
0.0275657
0.434577
32
0.00618296
0.0098068
0.0317501
0.222887
99
0.00494892
0.0211879
0.936864
0.0227208
0.00424095
94
0.00916884
0.0635711
0.0272393
0.0196832
68
0.00228275
0.387609
0.957328
0.0788018
0.141649
92
0.00992967
0.0533525
0.0438548
0.474582
82
0.00326478
0.375002
0.912693
0.077042
0.360257
5
0.00315988
0.0350419
0.049794
0.0468477
36
0.002257
0.0606696
0.959391
0.0187424
0.489957
29
0.00294799
0.0456538
0.0353363
0.00983734
92
0.00157539
0.0205201
0.950906
0.0979082
0.0473626
80
0.00376136
0.0520804
0.038507
0.244196
8
0.000392099
0.0177078
0.928307
0.095229
0.484283
15
0.0091293
0.0640596
0.0485666
0.413038
88
0.00475156
0.238331
0.910874
0.0253854
0.142223
3
0.00219518
0.0437208
0.034682
0.115294
83
0.00130329
0.0156453
0.93564
0.0947277
0.209096
61
0.00220136
0.0389885
0.0183838
0.243727
83
0.00296227
0.137851
0.998086
0.0850764
0.15383
22
0.00543649
0.0832493
0.0205103
0.376429
91
0.000821398
0.399721
0.980614
0.0815176
0.00591858
33
0.00974808
0.0144725
0.0107618
0.42037
93
0.0034835
0.378955
0.916433
0.0417212
0.0392913
42
0.00474367
0.0837104
0.0302975
0.282945
44
0.00022072
0.0252223
0.98905
0.00981445
0.210469
77
0.000913353
0.0866411
0.0450986
0.494277
45
0.00236139
0.276621
0.95601
0.04375
0.204359
20
0.000358952
0.0153417
0.0328627
0.377745
2
0.000861171
0.223509
0.923502
0.0727378
0.473309
34
0.00794384
0.0363085
0.0191875
0.223846
40
0.00398796
0.295937
0.919341
0.0789026
0.149972
41
0.00621218
0.096015
0.0479391
0.259185
62
0.00429351
0.377444
0.978532
0.0367334
0.334116
87
0.00996639
0.0889495
0.0171919
0.28028
61
0.00256633
0.10801
0.915738
0.0999673
0.00779505
41
0.00798987
0.0738642
0.0392654
0.45665
53
0.00473488
0.0992269
0.953249
0.0534212
0.438918
11
0.00389489
0.0839555
0.0215709
0.271529
73
0.00464268
0.0821023
0.939242
0.0256971
0.131915
51
0.00107562
0.0259364
0.0146022
0.310393
56
0.00490155
0.365098
0.993073
0.0540138
0.303023
39
0.00117172
0.0144404
0.013157
0.0166178
4
0.00221934
0.0328907
0.91487
0.0396339
0.219374
4
0.00559102
0.0728949
0.0278695
0.261093
32
0.0046612
0.337535
0.963658
0.0214831
0.196714
79
0.00553165
0.049687
0.0253004
0.36159
28
0.00316378
0.106279
0.948568
0.00240738
0.0178149
4
0.00855723
0.0317487
0.0452813
0.108909
46
0.000240656
0.248709
0.990534
0.0299798
0.18971
40
0.00513158
0.0715894
0.0268819
0.121229
3
0.000894362
0.195964
0.947619
0.0739141
0.24113
24
0.00897405
0.089229
0.0410493
0.109043
92
0.00229818
0.232583
0.978262
0.0645709
0.299721
33
0.000615061
0.0401755
0.0195276
0.357432
37
0.000575015
0.28277
0.918337
0.0199435
0.345865
2
0.00235831
0.0690723
0.0285349
0.323386
59
0.00374125
0.351016
0.911134
0.0512974
0.426569
90
0.000941124
0.0653763
0.0289411
0.26232
50
0.00498921
0.263849
0.919443
0.00584099
0.256033
84
0.00549393
0.00861495
0.0228427
0.333732
73
0.00496815
0.377341
0.963875
0.096519
0.0806701
80
0.00743926
0.0703513
0.0354357
0.463271
63
0.00124712
0.291418
0.99414
0.0123126
0.0783564
34
0.00849006
0.0429885
0.0471832
0.132318
29
0.00273674
0.144687
0.93484
0.0755561
0.333693
97
0.00405255
0.0178925
0.0257185
0.440564
5
0.00185336
0.369891
0.917882
0.0873565
0.0412036
82
0.00473071
0.0510408
0.0454941
0.227708
64
0.00265801
0.344055
0.993485
0.0747609
0.0369516
17
0.00635025
0.0589826
0.0332829
0.168523
27
0.00207967
0.198798
0.988484
0.0415304
0.442685
10
0.00193423
0.0797791
0.036142
0.0368731
51
0.0019668
0.373601
0.941975
0.063749
0.0465594
11
0.00851459
0.0178166
0.0454323
0.417362
93
0.000937609
0.272588
0.975782
0.0342627
0.188331
96
0.00701977
0.00492007
0.0108779
0.23448
7
0.000623289
0.353416
0.940002
0.0989027
0.400636
16
0.00589058
0.0451843
0.0213943
0.187097
17
0.00196151
0.179318
0.984646
0.00204025
0.275499
80
0.00149463
0.08036
0.0442669
0.173309
21
0.00454323
0.148027
0.934239
0.0281447
0.125674
82
0.000391892
0.0987028
0.0352585
0.396082
96
0.00336159
0.166547
0.907202
0.0552932
0.310218
59
0.00321654
0.0375703
0.0427317
0.467046
11
0.002622
0.182142
0.938333
0.0803789
0.453738
93
0.0028149
0.0467326
0.0265771
0.449547
31
0.00318074
0.35422
0.90452
0.091444
0.411015
84
0.000333594
0.0508114
0.0232041
0.405212
35
0.00272691
0.346273
0.903196
0.0125778
0.377579
8
0.000528346
0.0786175
0.0370291
0.368132
43
0.00462971
0.150966
0.946454
0.0982634
0.490038
53
0.0028983
0.0942219
0.0289864
0.0830651
52
0.000455117
0.192333
0.958447
0.043226
0.00396128
60
0.00879726
0.0151593
0.0189414
0.414633
42
0.00460006
0.297746
0.958337
0.00792589
0.371842
26
0.00455089
0.00676515
0.0336421
0.0824819
42
0.000649098
0.24451
0.930472
0.037587
0.208106
71
0.00807778
0.0280785
0.0413263
0.0774036
6
0.000104011
0.23549
0.983525
0.0730282
0.173587
25
0.00176903
0.0226913
0.0451483
0.00646653
10
0.00415268
0.197758
0.94138
0.0796602
0.00190911
21
0.00330586
0.0914307
0.0421751
0.215825
82
0.000533845
0.0826096
0.946028
0.0619741
0.0149651
89
0.00151371
0.0862025
0.0275536
0.263306
35
0.00300715
0.14115
0.977414
0.053166
0.107172
19
0.00508209
0.0264245
0.0486506
0.17983
79
0.00310479
0.0472712
0.909097
0.0191771
0.0267177
58
0.00631511
0.0199609
0.0324028
0.242791
61
0.000364787
0.193291
0.987497
0.0383415
0.104032
44
0.00957577
0.0370104
0.0181707
0.00140629
86
0.000732438
0.0700493
0.948937
0.0508058
0.170437
38
0.00769255
0.0843001
0.0218073
0.198469
27
0.00366564
0.063475
0.913695
0.0891127
0.0444991
68
0.00937682
0.0118715
0.0487557
0.0133261
8
0.0021146
0.26583
0.905624
0.0568194
0.26907
98
0.00529243
0.0896784
0.0119611
0.192325
95
0.00155087
0.152085
0.962694
0.0424716
0.38502
59
0.00178683
0.0128586
0.0355745
0.177209
40
0.00135965
0.0954987
0.95714
0.0264148
0.347352
48
0.00414407
0.0961229
0.0188767
0.308484
53
0.00450255
0.111858
0.906277
0.029223
0.40509
74
0.00928892
0.0861108
0.047877
0.0541983
57
0.00207527
0.368014
0.969541
0.0172771
0.491137
72
0.00814303
0.0661711
0.0113576
0.149918
86
0.00309228
0.318231
0.904962
0.0736061
0.160173
58
0.00592705
0.0300356
0.0193564
0.356975
72
0.000596248
0.279701
0.974555
0.0429938
0.387103
60
0.005414
0.0601775
0.0449669
0.246552
44
0.00316904
0.134471
0.95894
0.0497173
0.178376
28
0.00516021
0.0988756
0.0349871
0.295679
51
0.00495342
0.206009
0.905349
0.00170891
0.474504
79
0.00302705
0.0713811
0.0466941
0.20589
14
0.00162957
0.137008
0.983813
0.0121891
0.175507
11
0.0024967
0.0447252
0.0184611
0.0970936
43
0.000563529
0.187054
0.994891
0.0290512
0.0827801
57
0.00788857
0.0711256
0.0253622
0.0878711
54
0.00249586
0.364663
0.935427
0.0104101
0.298434
45
0.00215178
0.0978696
0.0263572
0.383866
58
0.00331536
0.0128198
0.954016
0.0574528
0.432954
14
0.00356175
0.0502502
0.0112732
0.351981
17
0.00377057
0.378362
0.929892
0.0233145
0.148893
8
0.00496125
0.0641867
0.0245555
0.479609
79
0.000927651
0.328788
0.934363
0.0571181
0.199939
31
0.00747699
0.045067
0.0286947
0.408957
30
0.00329586
0.286301
0.915252
0.0664626
0.226293
25
0.00183979
0.0480476
0.0314907
0.00769704
67
0.00266764
0.251903
0.968367
0.0241919
0.217887
93
0.00411191
0.0883294
0.0411868
0.21914
27
0.00136833
0.162971
0.932668
0.0613764
0.100441
15
0.00967384
0.068205
0.0129051
0.0453604
52
0.00145929
0.138731
0.977002
0.0882143
0.48382
75
0.00857589
0.0724838
0.0231623
0.218922
93
0.00384452
0.256979
0.927922
0.064273
0.339142
25
0.00511596
0.042741
0.0445817
0.297071
48
0.00435529
0.0110929
0.926595
0.0540785
0.342693
80
0.00952203
0.0126404
0.0238781
0.302422
96
0.00123109
0.389779
0.954781
0.0244322
0.401433
92
0.00112949
0.0370732
0.0496742
0.331109
91
0.000249508
0.221132
0.973826
0.0916403
0.197373
85
0.00691706
0.0269365
0.0312986
0.118165
10
0.00289279
0.226077
0.942035
0.0269698
0.363434
98
0.00626109
0.0545579
0.0115812
0.220521
74
0.00337525
0.0800458
0.968141
0.0894326
0.0458503
82
0.00680536
0.00412841
0.0318594
0.290491
17
0.00344605
0.227296
0.905196
0.0494128
0.0377567
3
0.00147152
0.0362232
0.0121039
0.107566
88
0.00401927
0.204327
0.900763
0.0663539
0.435468
7
0.0020855
0.049055
0.0319977
0.0766714
70
0.00130584
0.174419
0.922377
0.051175
0.231867
31
0.00714733
0.0683817
0.0472195
0.147115
71
0.00455761
0.212015
0.912233
0.0311529
0.0514852
13
0.00480471
0.0937761
0.0316051
0.330311
63
0.0035915
0.109099
0.923342
0.0351858
0.00998166
37
0.00869686
0.0992424
0.0351748
0.466655
98
0.00426524
0.175514
0.971596
0.0876045
0.0291029
75
0.000843999
0.026018
0.0366942
0.194679
4
0.00253592
0.239529
0.96251
0.0130846
0.326468
63
0.00273652
0.0565695
0.0251674
0.128206
13
0.00315084
0.15669
0.940637
0.0326007
0.0311342
14
0.0028121
0.0541604
0.0139002
0.343367
96
0.00422388
0.0961854
0.994357
0.0360094
0.273839
62
0.00803519
0.0354442
0.0457773
0.432824
38
0.00419225
0.104377
0.966753
0.0938988
0.0912751
18
0.00283715
0.00156651
0.0202369
0.22839
98
0.00187229
0.0162625
0.986772
0.0604597
0.0155126
7
0.000670504
0.00716724
0.0106058
0.203345
89
0.00173371
0.196577
0.949342
0.0696537
0.288486
6
0.00166351
0.0854246
0.0111987
0.335402
35
0.00381261
0.131658
0.959481
0.0591669
0.319091
65
0.000185663
0.0106207
0.0338747
0.260316
88
0.00232987
0.0368785
0.983048
0.000629133
0.0571256
16
0.00217656
0.0910412
0.0283892
0.349064
46
0.00447672
0.139641
0.956808
0.0307885
0.340421
49
0.00270096
0.0314579
0.0230855
0.0251901
33
0.00120704
0.34794
