0.736827
0.0176753
0.18969
39
0.00906528
0.0692745
0.404429
77
1.30426
0.128636
0.00739725
0.819939
0.0719827
0.387688
26
0.00618275
0.0310767
0.489687
39
0.70151
0.354791
0.00747276
0.977281
0.0316243
0.407198
79
0.00195137
0.0446193
0.332245
26
0.176547
0.556281
0.00253827
0.96507
0.0749355
0.271008
73
0.00723598
0.0702922
0.0413791
98
2.20937
0.296839
0.0018608
0.705681
0.0629904
0.053947
29
0.00783978
0.0550619
0.249764
19
0.610613
0.552713
0.00632053
0.710186
0.0576668
0.243181
20
0.00503147
0.0339054
0.414065
14
3.43472
0.139069
0.003924
0.81463
0.0614455
0.185798
24
0.00223571
0.0391555
0.439666
89
1.59002
0.697309
0.00574229
0.815698
0.0708717
0.349989
35
0.00552185
0.034453
0.35665
18
3.6748
0.738038
0.00297483
0.942062
0.0110785
0.144024
72
0.000541787
0.0891485
0.181229
35
2.7983
0.687314
0.000117453
0.740521
0.0704164
0.139116
66
0.00842055
0.0231692
0.386552
36
0.617792
0.0600167
0.00750544
0.776498
0.0573993
0.191439
70
0.00644739
0.0179052
0.336957
67
3.04391
0.580002
0.00505682
0.844035
0.0132356
0.224791
11
0.00154631
0.0293517
0.103035
93
1.75312
0.118558
0.00947815
0.718843
0.0350224
0.288507
87
0.00283482
0.0165553
0.347166
99
3.18756
0.11008
0.00722537
0.73356
0.0539492
0.131291
22
0.00312031
0.0210197
0.142496
9
0.4268
0.364653
0.00464465
0.953305
0.0974757
0.362711
19
0.000529206
0.0595211
0.244625
87
0.587606
0.00421472
0.00090763
0.740891
0.0615233
0.426274
73
0.00693199
0.0472556
0.497189
94
0.505053
0.200106
4.95207e-05
0.857709
0.0522572
0.0432506
55
0.00351278
0.0462814
0.0200044
52
1.94667
0.230646
0.00920685
0.847781
0.0816043
0.419489
7
0.00935975
0.0653605
0.327163
3
3.48714
0.731599
0.00644281
0.927511
0.0843614
0.161703
77
0.00543892
0.0306642
0.416722
14
1.72265
0.677236
0.00268714
0.902178
0.0118808
0.470409
92
0.00271859
0.0179978
0.212949
34
2.98534
0.247511
0.000439967
0.766282
0.0636875
0.0599848
89
0.00943321
0.0535192
0.169036
71
0.66704
0.321793
0.00713518
0.803845
0.0230066
0.483315
48
0.00650891
0.0124551
0.290171
12
0.993753
0.180006
0.00371091
0.970983
0.0466446
0.399254
12
0.0082117
0.0779671
0.478934
71
0.316125
0.78458
0.00421593
0.897145
0.067719
0.409719
50
0.00298028
0.0740133
0.387227
46
0.344835
0.087875
0.00143663
0.711544
0.0322462
0.469991
97
0.00369536
0.0283384
0.280076
67
2.56772
0.643999
0.00623137
0.947037
0.0313192
0.214837
18
0.00739302
0.0313437
0.0367414
99
3.43936
0.353103
0.00553907
0.768461
0.0794654
0.4184
42
0.00817468
0.0420296
0.125947
84
0.875883
0.303983
0.00246941
0.832411
0.066039
0.00739824
78
0.00567096
0.0450747
0.417211
59
3.52989
0.235942
0.00318462
0.941465
0.078268
0.427442
32
0.00509756
0.0758777
0.0271579
17
1.08353
0.281446
0.00174514
0.946833
0.081849
0.148162
48
0.000813808
0.0909466
0.335123
91
3.04047
0.431147
0.00909116
0.858678
0.0814083
0.422732
91
0.00393547
0.0867039
0.381129
57
3.90211
0.226626
0.00492551
0.97612
0.085664
0.137947
68
0.00424006
0.0127559
0.0381422
88
2.19974
0.40405
0.00871557
0.779088
0.0555899
0.0450308
72
0.00657248
0.0263043
0.325585
33
3.55545
0.765144
0.00673233
0.839282
0.0175236
0.336959
71
0.000652569
0.0349047
0.222814
80
3.91693
0.7497
0.00729832
0.944401
0.0621746
0.39074
43
0.00169276
0.0194743
0.0760175
87
0.528567
0.680876
0.00110122
0.783645
0.0213092
0.0943184
97
0.00455994
0.0683837
0.0918338
50
3.96248
0.535021
0.00328858
0.847693
0.0617252
0.0971739
3
0.00104504
0.0569522
0.144335
91
3.38574
0.131748
0.00158919
0.772292
0.0262098
0.0983389
64
0.0036306
0.0130188
0.484339
76
1.86654
0.585085
0.00641234
0.889303
0.0777455
0.416575
37
0.00955523
0.0904134
0.421297
64
3.65328
0.479942
0.00598741
0.794712
0.0222184
0.227471
61
0.00137899
0.047025
0.307517
30
2.26511
0.0537007
0.00518034
0.806408
0.0817608
0.222227
33
0.00219802
0.0576136
0.377988
16
2.26166
0.628716
0.00408644
0.955835
0.0379154
0.127413
100
0.00620694
0.0959712
0.269948
7
2.77237
0.27495
0.00139291
0.924552
0.0237699
0.0294664
68
0.00258916
0.0636134
0.394981
24
3.71145
0.0010614
0.00470892
0.818235
0.016394
0.482906
22
0.00457619
0.0620458
0.236188
16
1.5051
0.713685
0.00153747
0.980548
0.0773927
0.239259
27
0.00884491
0.0222324
0.390413
39
2.9574
0.599534
0.000515224
0.881974
0.0218794
0.30037
83
0.00277812
0.0260084
0.156637
12
0.256716
0.633677
0.00531055
0.849235
0.0675875
0.414467
87
0.00172667
0.0944455
0.234554
11
1.7595
0.150426
0.00830061
0.848838
0.0327006
0.266013
75
0.00100707
0.0540316
0.0435781
84
1.04108
0.7911
0.00481782
0.741566
0.0863922
0.226305
85
0.000220769
0.0754013
0.448846
95
3.53731
0.569905
0.00200951
0.721455
0.0530254
0.0994694
65
0.000306753
0.0295358
0.158853
21
3.12604
0.760852
0.00144871
0.759432
0.0743119
0.240861
68
0.00492373
0.0585503
0.127702
22
3.5818
0.0665364
0.00489616
0.793848
0.0526187
0.264549
75
0.00175223
0.031808
0.13887
68
3.88729
0.124076
0.0083757
0.870474
0.0619883
0.08608
18
0.00322817
0.0368964
0.41161
27
3.7831
0.182825
0.00457015
0.734702
0.0247465
0.0302203
74
0.00327353
0.0381582
0.108979
84
3.59074
0.265074
0.00844678
0.966563
0.0229377
0.181065
29
0.00409684
0.0883542
0.481954
18
3.90949
0.1755
0.00929474
0.781012
0.0790252
0.0209887
15
0.00617477
0.0502614
0.20703
85
2.43515
0.750874
0.00998365
0.953883
0.0410842
0.326628
85
0.00969156
0.0544245
0.121115
83
3.06038
0.561245
0.00428159
0.750873
0.0837615
0.107213
63
0.00239848
0.0113914
0.131673
8
1.00198
0.423799
0.00225786
0.890849
0.0472945
0.210759
83
0.00215933
0.0789378
0.132108
47
2.01483
0.225822
0.00361959
0.90037
0.021025
0.260694
22
0.00511541
0.0320588
0.215569
92
3.75943
0.783163
0.00541062
0.967115
0.0668993
0.221488
14
0.000936408
0.0158461
0.420096
12
3.52134
0.786733
0.00100179
0.760744
0.0301891
0.140932
73
0.00522847
0.0666802
0.460236
94
1.93421
0.396052
0.00768813
0.879746
0.0870515
0.361594
79
0.00844038
0.0119688
0.0345411
81
2.07434
0.414313
0.00424735
0.76176
0.0257565
0.233624
10
0.00809139
0.0365644
0.25722
20
3.10577
0.754794
0.00719032
0.8738
0.0143381
0.0165511
46
0.00987523
0.0844796
0.20275
75
1.87272
0.351272
0.000795073
0.83
0.0517765
0.0567175
27
0.00931709
0.0654517
0.262905
69
2.2028
0.0428775
0.00464845
0.821606
0.0309326
0.290768
72
0.00304084
0.0856331
0.312054
60
3.07684
0.506457
0.00963975
0.991915
0.0106942
0.0226099
35
0.00151538
0.0445023
0.305225
67
1.31782
0.42254
0.00601388
0.877102
0.0609822
0.318386
79
0.00336849
0.0934773
0.00562621
13
0.387549
0.79707
0.00111778
0.978315
0.0882063
0.213836
99
0.00265997
0.0767071
0.239914
27
0.464062
0.209104
0.00590422
0.80157
0.0798773
0.229022
85
0.00204352
0.072783
0.0516742
88
0.371446
0.392658
0.00156047
0.954842
0.0442224
0.488906
17
0.00462352
0.0537682
0.138398
55
0.213224
0.636642
0.00448539
0.938122
0.0306018
0.296197
99
0.00765332
0.0733559
0.45424
49
1.62731
0.408613
0.00646004
0.988744
0.0859535
0.163424
55
0.000836763
0.0388671
0.457737
7
0.678528
0.452657
0.00521507
0.787036
0.0481196
0.472215
29
0.0080574
0.0954778
0.320306
61
2.91393
0.0236867
0.00512714
0.921287
0.0187257
0.479715
30
0.00658442
0.0773433
0.353421
77
3.94523
0.224584
0.00234254
0.737526
0.0893972
0.402655
40
0.0053602
0.0465962
0.0723819
19
0.207545
0.298507
0.00935256
0.901552
0.0942213
0.392841
11
0.00874139
0.0169938
0.496296
63
0.83662
0.630095
0.00357723
0.781365
0.0998519
0.0667294
91
0.00823825
0.0346907
0.0644814
9
1.18586
0.22071
0.000777913
0.892881
0.0768526
0.00562612
27
0.00648905
0.0997428
0.0260053
6
2.37117
0.0793593
0.00191702
0.708722
0.0504624
0.440063
69
0.00546023
0.0248871
0.178627
72
3.28596
0.595388
0.0040479
0.810819
0.076014
0.081654
61
0.00353606
0.0719456
0.329171
73
0.81587
0.40574
0.00965945
0.952936
0.0329064
0.3487
87
0.00712517
0.0364327
0.176606
69
2.28153
0.133474
0.00881239
0.833944
0.0905054
0.0200285
75
0.00743778
0.0417608
0.097852
87
3.08757
0.0141073
0.00737508
0.8152
0.0809304
0.112696
37
0.00558162
0.0896682
0.381748
58
3.6606
0.575399
0.0082141
0.922365
0.0361407
0.467472
21
0.00983318
0.0261612
0.161447
14
2.22156
0.12581
0.00816123
0.745693
0.0114088
0.474718
78
0.00389941
0.0703923
0.241835
74
1.64048
0.0407033
2.2223e-05
0.774701
0.026057
0.366523
24
0.00532577
0.047313
0.443092
42
0.733259
0.0037902
0.00290221
0.939106
0.0956956
0.103026
7
0.000687024
0.0397839
0.232073
2
2.62202
0.533255
0.00919285
0.780112
0.096372
0.205735
62
0.00478265
0.0507557
0.0672888
25
0.287035
0.767714
0.00966268
0.930024
0.0271944
0.144819
32
0.00892278
0.0583858
0.0814953
36
2.58136
0.342497
0.00690074
0.909849
0.0649102
0.255238
3
0.00403675
0.0452343
0.0501196
51
2.17499
0.523342
0.00942194
0.712716
0.0315501
0.281843
38
0.00849165
0.0935894
0.276744
14
1.06769
0.113192
0.00753644
0.701012
0.0889853
0.425337
94
0.00746838
0.0967455
0.0825136
99
0.722697
0.115171
0.00968078
0.932261
0.0693036
0.0469917
46
0.00230808
0.0597553
0.341344
58
1.36475
0.482969
0.00683383
0.930483
0.0419144
0.0264753
9
0.00837119
0.0791858
0.406437
78
2.24629
0.627411
0.00308185
0.905174
0.0197735
0.204603
1
0.00685395
0.0645532
0.110417
71
0.448577
0.178191
0.00473906
0.715998
0.0780379
0.061519
21
0.00386325
0.0468723
0.167874
21
3.63687
0.212588
0.00653926
0.725226
0.0914431
0.201945
88
0.0084598
0.0277303
0.225667
48
2.86793
0.276691
0.00744785
0.73092
0.0806588
0.438215
87
0.00866698
0.0587873
0.282156
22
0.640358
0.179116
0.00477029
0.990283
0.0674104
0.357121
100
0.000213336
0.0974914
0.32783
32
2.49668
0.308226
0.00276565
0.980067
0.0728026
0.350911
13
0.00900129
0.0746466
0.0255826
37
1.9915
0.540682
0.00761878
0.992848
0.0291184
0.428197
89
0.000587946
0.0879414
0.345602
60
0.217553
0.668288
0.00762324
0.93359
0.0747777
0.169428
15
0.00290071
0.022668
0.287494
65
3.37392
0.582838
0.000319854
0.713271
0.059721
0.434261
32
0.00309441
0.0895359
0.242939
1
0.401887
0.137253
0.000560693
0.795695
0.0527847
0.403242
24
0.00978046
0.0839418
0.179419
4
2.04916
0.443068
0.00313946
0.862189
0.0622856
0.152436
34
0.00759456
0.0519513
0.153073
44
3.32741
0.0564186
0.00825187
0.860478
0.0244036
0.344785
55
0.00664407
0.0398855
0.30048
18
2.80537
0.388561
0.00264376
0.705379
0.0474867
0.305255
26
0.00860978
0.0750159
0.0916611
6
2.15841
0.28789
0.00507423
0.896077
0.0623911
0.323845
26
0.00599389
0.0213
0.320361
86
3.74143
0.769731
0.00455251
0.996336
0.0995585
0.024387
65
0.00340244
0.0403546
0.314116
42
1.30648
0.141473
0.00298896
0.899216
0.0721182
0.249993
14
0.00440113
0.0755679
0.270907
42
1.51375
0.723177
0.000586107
0.954403
0.0404464
0.270204
68
0.00770573
0.0213774
0.164184
62
3.78565
0.0163455
0.00125056
0.748064
0.0374875
0.112874
53
0.00133199
0.0514833
0.402052
90
2.72716
0.360319
0.0018052
0.977527
0.0635914
0.0123501
52
0.00970373
0.0912207
0.286912
31
0.79037
0.620862
0.00496594
0.784879
0.0926157
0.296768
86
0.000319507
0.0268043
0.441759
100
3.4795
0.20226
0.00265526
0.882397
0.0233221
0.242432
57
0.00831369
0.0526163
0.472323
67
1.09477
0.438885
0.00797357
0.867926
0.0368585
0.203753
4
0.00405824
0.063969
0.431481
83
1.47898
0.476027
0.00259161
0.807589
0.093025
0.174939
91
0.00689664
0.0478004
0.390069
46
0.757481
0.0356998
0.00378053
0.828462
0.0443994
0.256562
27
0.00917018
0.0658568
0.225318
21
2.77775
0.196791
0.00725535
0.747369
0.0339945
0.313989
4
0.00680829
0.087335
0.258749
89
3.49215
0.449843
0.00995195
0.971835
0.0940115
0.227899
28
0.00593286
0.078067
0.470597
62
3.99306
0.591489
0.00850998
0.97303
0.0278352
0.111394
75
0.00367137
0.0834671
0.289118
19
1.09832
0.550064
0.00675089
0.753209
0.0391034
0.490687
90
0.000462488
0.0813471
0.430428
90
3.70406
0.030584
0.00767366
0.724454
0.0838518
0.0197154
98
0.0023851
0.0751656
0.313258
62
0.863289
0.16941
0.00212823
0.91137
0.0523017
0.331715
21
0.00241775
0.046468
0.0374695
29
0.190069
0.257181
0.0038622
0.875887
0.0533664
0.0408825
61
0.00397634
0.0624562
0.34508
70
2.08162
0.51844
0.0087749
0.944922
0.0996452
0.263579
30
0.000617138
0.0429119
0.0189599
2
2.34465
0.466238
0.00341168
0.734628
0.0298427
0.446236
27
0.0058121
0.0274078
0.210928
30
1.27418
0.315346
0.00171097
0.808446
0.0457465
0.32454
50
0.00995549
0.0627795
0.463589
96
0.948734
0.631048
0.000360791
0.701749
0.0152284
0.209858
91
0.0069703
0.0717779
0.0782837
38
3.25172
0.488855
0.00603709
0.914644
0.0269779
0.314457
28
0.0085558
0.0626681
0.423664
41
2.75277
0.453393
0.00885779
0.792963
0.0873521
0.188156
99
0.00902562
0.0181549
0.262084
38
2.06844
0.149454
0.00116021
0.762323
0.0828384
0.145869
82
0.00234696
0.06098
0.0358204
12
2.38107
0.368577
0.00387466
0.854645
0.0463364
0.376974
99
0.00927409
0.0377233
0.228705
81
2.18058
0.185845
0.00196526
0.987437
0.0293071
0.49462
9
0.00991183
0.0963652
0.0456391
54
2.0021
0.445977
0.000909734
0.784127
0.0394833
0.423897
84
0.00165661
0.0325759
0.0591939
76
3.403
0.152878
0.00487936
0.717549
0.0771873
0.0180679
39
0.00705226
0.0593555
0.274325
29
1.57306
0.0284807
0.00062491
0.859997
0.0701229
0.351474
67
0.00248998
0.0411908
0.207894
73
3.71879
0.647685
0.00579775
0.949084
0.0565514
0.24469
21
0.00698942
0.0888541
0.488419
6
1.70818
0.733263
0.00759533
0.852026
0.0428895
0.259237
43
0.00228449
0.0899172
0.122527
2
1.34434
0.707237
0.007162
0.71827
0.0700924
0.113873
14
0.0078733
0.0512321
0.397445
90
1.23759
0.240635
0.00655048
0.709826
0.0259175
0.373639
64
0.00893529
0.0138354
0.277642
22
0.385239
0.662595
0.00147689
0.812822
0.0528762
0.404476
84
0.00840892
0.0956169
0.161781
54
3.93263
0.343873
0.00903594
0.725812
0.0767303
0.415942
63
0.00107666
0.0713411
0.308603
81
2.84603
0.408117
0.00630087
0.839735
0.0285329
0.476642
90
0.00206771
0.0278988
0.437443
5
1.90651
0.498332
0.00773874
0.82912
0.0464372
0.219412
71
0.00957691
0.0926341
0.465061
28
3.45281
0.022951
0.0093708
0.924219
0.0926249
0.17893
93
0.00110072
0.0913636
0.284767
51
2.90712
0.645132
0.00444854
0.757026
0.0681386
0.0370804
8
0.00112967
0.0287276
0.375774
56
2.32033
0.063536
0.00799753
0.863384
0.0406499
0.273114
63
0.00674474
0.0447927
0.362376
74
1.9687
0.56643
0.00365208
0.777925
0.0417294
0.307397
96
0.00420663
0.0601203
0.382996
25
1.79718
0.651465
0.00897197
0.834489
0.0706426
0.384859
72
0.00724974
0.0140323
0.15478
25
0.904889
0.0257248
0.00152716
0.744513
0.0982518
0.372276
66
0.00184572
0.0878931
0.337918
40
1.98374
0.377394
0.000706054
0.768027
0.0868804
0.0420585
73
0.00183592
0.0264997
0.189707
33
1.8327
0.108185
0.00158046
0.733124
0.0347449
0.135526
30
0.00992492
0.0340194
0.0073138
38
1.60977
0.334267
0.00585108
0.731647
0.0836121
0.409008
23
0.00406244
0.0130603
0.166853
74
1.94549
0.60371
0.00124442
0.872986
0.0434079
0.417973
73
0.00672726
0.0190558
0.209802
3
2.29059
0.478147
0.0072808
0.874797
0.0214462
0.0841391
96
0.00196281
0.0885814
0.297998
79
2.52293
0.0652167
0.00474597
0.82215
0.0832638
0.192709
2
0.00922111
0.0143568
0.352691
83
0.785022
0.122641
0.00242759
0.755196
0.0382429
0.369424
74
0.00965655
0.0374644
0.10436
31
0.57069
0.0173375
0.00559991
0.904815
0.0141248
0.309479
50
0.00141747
0.054701
0.266986
75
2.46392
0.475457
0.00833856
0.803327
0.0208542
0.267777
20
0.00296967
0.0492382
0.351841
93
2.40584
0.0908891
0.00273761
0.753979
0.0360387
0.0507371
16
0.00832276
0.0228419
0.220471
53
1.13861
0.0870278
0.00459331
0.91859
0.0960579
0.0635371
49
0.00354718
0.0607222
0.0102249
85
3.31174
0.64271
0.00980226
0.72657
0.0516126
0.0929432
44
0.00505941
0.0743797
0.219289
69
0.352211
0.704419
0.00261165
0.998456
0.088091
0.0650649
23
0.00767668
0.0173109
0.145557
37
2.25441
0.310148
0.00258231
0.908652
0.0505982
0.358233
58
0.000421143
0.0578436
0.160071
43
1.48353
0.31973
0.000292309
0.983219
0.0122435
0.0706907
96
0.003494
0.0855888
0.0329205
21
2.99402
0.549005
0.00803716
0.951454
0.0281611
0.353315
85
0.0050153
0.0807115
0.4342
32
2.60996
0.0962489
0.00352739
0.700232
0.0160875
0.223578
94
0.00722512
0.0103105
0.080003
84
3.81343
0.714061
0.00322067
0.937962
0.0391995
0.311893
16
0.0073088
0.0300428
0.473569
65
1.13245
0.111937
0.00310579
0.817704
0.0285677
0.462376
97
0.00552686
0.0714495
0.408725
93
2.73583
0.0120305
0.00280009
0.746869
0.0562281
0.343755
9
0.00526842
0.0205287
0.260999
33
3.8209
0.726654
0.0028474
0.809146
0.0730695
0.19922
51
0.00636725
0.0375423
0.112628
97
1.81418
0.366431
0.00805281
0.70687
0.0250654
0.375743
83
0.00412902
0.0678041
0.425284
51
2.69173
0.282597
0.000650689
0.88336
0.031869
0.125099
66
0.00852327
0.0526621
0.412482
58
0.706614
0.370819
0.00103856
0.85961
0.0971735
0.179985
42
0.00517975
0.0356258
0.216046
20
2.42349
0.611723
0.000737456
0.80494
0.0240442
0.443088
24
0.00378918
0.0614438
0.393506
17
0.64272
0.190488
0.00617374
0.704462
0.0338108
0.298504
60
0.0039141
0.0454166
0.216899
77
1.78616
0.748682
0.00976198
0.759917
0.0366679
0.234607
40
0.00539849
0.0572971
0.174954
94
3.37492
0.167054
0.00419773
0.749585
0.0459588
0.236762
86
0.00720007
0.0690953
0.042275
50
2.83564
0.0952107
0.00680607
0.744037
0.0917233
0.444777
57
0.00500122
0.0669799
0.118138
43
0.453704
0.279278
0.00882716
0.840035
0.0987582
0.449466
78
0.00923392
0.0947192
0.429645
46
0.376331
0.768474
0.00874319
0.997791
0.0448019
0.0819453
56
0.00716692
0.0209313
0.440233
18
1.45447
0.323016
0.00619905
0.782233
0.0226645
0.196509
95
0.00704916
0.0742313
0.465381
45
2.74446
0.774608
0.00519179
0.83071
0.0781794
0.339229
45
0.00246121
0.0591525
0.375134
4
1.73646
0.345477
0.00498884
0.881035
0.0375632
0.101164
86
0.00800333
0.0836939
0.451734
97
1.59444
0.649886
0.004127
0.833095
0.0848868
0.436245
8
0.00117806
0.093048
0.201606
49
3.62124
0.151888
0.00286804
0.905839
0.0171061
0.312878
41
0.00380474
0.0493841
0.191965
95
2.81857
0.691422
0.00651084
0.906533
0.0102235
0.389531
58
0.00346669
0.0608394
0.318651
28
0.236831
0.693518
0.009052
0.842707
0.0101056
0.0693341
47
0.00996458
0.0820897
0.321607
56
1.23369
0.270652
0.0050297
0.820943
0.082251
0.450502
57
0.00358494
0.0641926
0.291633
28
1.46832
0.0993459
0.00501132
0.778604
0.0977069
0.487474
10
0.00333792
0.0255325
0.493989
75
0.22815
0.189034
0.00440039
0.964817
0.0683547
0.187223
86
0.00275215
0.0359002
0.148755
39
2.14193
0.788317
0.000109724
0.756523
0.0789096
0.130075
13
0.00541664
0.0289077
0.0585647
60
3.19053
0.74642
0.0010147
0.898105
0.0537638
0.0135541
93
0.00573637
0.0475546
0.23799
47
0.490885
0.394158
0.0069242
0.702228
0.0577102
0.0670538
63
0.00170693
0.0423474
0.0658203
78
2.92625
0.0268459
0.00468513
0.851282
0.026899
0.198327
95
0.00560189
0.0457564
0.304276
68
3.26162
0.796647
0.0069525
0.884917
0.0690605
0.332366
90
0.00584659
0.0893069
0.227204
60
2.7936
0.242147
0.00130498
0.776693
0.0826647
0.461043
33
0.00785308
0.0942936
0.447196
38
1.07755
0.332272
0.00389609
0.835319
0.0739264
0.251458
20
0.00904092
0.0674439
0.4718
54
3.09755
0.719429
0.00546805
0.748763
0.0481974
0.172634
25
0.00938923
0.0673617
0.204911
15
2.30312
0.0463098
0.0074379
0.936966
0.0288572
0.166213
7
0.00237631
0.0685819
0.366161
35
2.85069
0.721491
0.00063829
0.881279
0.039786
0.00337225
5
0.00187502
0.0486911
0.255886
91
2.94333
0.653135
0.00710804
0.837123
0.0169028
0.485843
41
0.00610844
0.0360337
0.295868
85
2.6323
0.457078
0.00570912
0.973723
0.0396979
0.315595
17
0.00116631
0.0928041
0.300161
24
3.96022
0.724977
0.00576196
0.708287
0.0104141
0.492743
58
0.00139359
0.0241507
0.117738
9
1.84603
0.737165
0.0056739
0.887465
0.0753576
0.48927
37
0.00221112
0.0942308
0.33394
6
1.0329
0.759205
0.000157381
0.869708
0.0129093
0.0483804
52
0.0014394
0.05811
0.0168968
65
1.12773
0.213725
0.00817301
0.962934
0.071389
0.31133
80
0.00958603
0.0333871
0.21848
7
2.11518
0.689719
0.00549795
0.81157
0.099067
0.0849923
98
0.00323064
0.0555469
0.267521
55
1.6551
0.565006
0.00856393
0.771646
0.0557891
0.0114756
98
0.00215395
0.082821
0.02293
78
0.511622
0.0898424
0.00272726
0.823689
0.0644051
0.262463
12
0.00508784
0.0851575
0.446471
96
2.78629
0.520629
0.000472259
0.910337
0.0978503
0.493981
1
0.00357085
0.0354956
0.192805
63
1.25632
0.538514
0.00198142
0.787309
0.057941
0.208587
58
0.00314731
0.0967659
0.23949
35
0.57466
0.77799
0.00764297
0.813592
0.0484013
0.274725
94
0.00811555
0.0296915
0.416113
29
3.85855
0.503284
0.000845024
0.929494
0.0386406
0.347806
3
0.00781196
0.0662368
0.0309714
8
3.00835
0.0610571
0.00865021
0.893225
0.0976272
0.0314856
46
0.00377531
0.0442387
0.480875
34
0.871511
0.262627
0.00347186
0.927141
0.0133302
0.219912
67
0.00838301
0.0561867
0.183082
57
0.157836
0.670857
0.00217038
0.845349
0.0219002
0.461558
88
0.00807351
0.0408168
0.385891
72
0.267706
0.272976
0.00551278
0.978704
0.0723852
0.110771
29
0.00678283
0.0973511
0.317616
78
2.36318
0.192573
0.00720485
0.791719
0.0751173
0.0288381
76
0.00199113
0.0906476
0.00919843
36
1.26235
0.656441
0.000495218
0.85315
0.0904079
0.0395669
14
0.00925923
0.0252345
0.477572
34
0.283077
0.57344
0.00662847
0.902972
0.070691
0.120978
49
0.00702848
0.0708527
0.111412
55
2.49393
0.703145
0.00292267
0.923379
0.0966873
0.486144
16
0.00700128
0.015531
0.435727
51
1.16681
0.222019
0.0084768
0.959913
0.0476617
0.0794083
43
0.00515793
0.0324123
0.170993
66
3.23343
0.529627
0.0034377
0.789901
0.0450827
0.0234661
98
0.00864008
0.0734096
0.133908
43
2.23716
0.205548
0.000401967
0.894189
0.0587109
0.0799921
34
0.00416743
0.0280704
0.0886933
10
1.7691
0.675646
0.00917088
0.989474
0.0194818
0.128459
76
0.0010624
0.0152163
0.15773
92
0.73737
0.360972
0.00322882
0.875698
0.0514691
0.201036
89
0.00493531
0.0641037
0.106545
81
1.66606
0.0447203
0.00613928
0.792568
0.0922534
0.0961301
40
0.000169254
0.0925833
0.396393
17
1.89786
0.690566
0.0013785
0.843508
0.0874494
0.171389
3
0.00264104
0.0951874
0.275111
51
3.86337
0.458309
0.00624515
0.886027
0.045159
0.159156
47
0.00975925
0.0833999
0.163436
26
3.82887
0.302
0.00924393
0.816591
0.0202229
0.0252904
35
0.00452124
0.0645162
0.0931403
100
1.35799
0.62229
0.00165871
0.898991
0.0243956
0.496407
57
0.00645918
0.0971817
0.323711
96
1.76412
0.757249
0.00376343
0.901017
0.08213
0.0869625
47
0.0062651
0.0580515
0.468693
58
2.59659
0.385719
0.00120169
0.82791
0.0222768
0.108888
92
0.00726974
0.0587209
0.363615
91
0.914617
0.120045
0.00381086
0.782583
0.016626
0.208419
39
0.00588373
0.0440838
0.302359
43
0.680447
0.70039
0.00514724
0.959144
0.0602819
0.465499
18
0.00045233
0.0530909
0.0753684
73
1.63642
0.772389
0.0089
0.800983
0.0657609
0.35908
50
0.00145715
0.0345671
0.237479
60
0.935034
0.1945
0.00866875
0.984343
0.0207133
0.319473
22
0.00176344
0.0749742
0.090803
2
0.935727
0.602432
0.00637819
0.780565
0.0599053
0.00621859
52
0.000963554
0.0605086
0.373636
85
3.19907
0.562003
0.00206351
0.7674
0.0411487
0.455923
99
0.00468536
0.0536316
0.0216106
92
2.65155
0.0416152
0.00227993
0.720473
0.0981629
0.0885646
54
0.00633123
0.0619439
0.265921
4
1.22727
0.143792
0.00295703
0.797253
0.0585172
0.495028
12
0.00735133
0.0177012
0.36999
19
1.18195
0.742045
0.00537121
0.724861
0.0173209
0.248114
19
0.00305371
0.0521266
0.0747659
89
3.79905
0.142959
0.00757482
0.763861
0.0964889
0.420278
49
0.00410605
0.039595
0.0169727
11
2.1876
0.00625339
0.00811235
0.868401
0.0436618
0.35934
7
0.00254771
0.0794347
0.264574
81
3.2716
0.172003
0.00304891
0.861779
0.0431389
0.432929
64
0.00604621
0.0322988
0.1846
49
0.831853
0.398631
0.00256419
0.950086
0.0424929
0.137635
70
0.00826082
0.0808093
0.384869
59
1.20597
0.792457
0.00220964
0.75204
0.0909096
0.327894
62
0.00872293
0.0993145
0.177635
22
0.419632
0.199032
0.0052979
0.994487
0.0158119
0.276595
25
0.00262854
0.0545192
0.101816
35
3.46114
0.576608
0.00838166
0.841639
0.0606272
0.280846
44
0.00683616
0.0286067
0.428518
50
3.77268
0.666395
0.00544377
0.749811
0.0824616
0.25589
67
0.00445479
0.0900355
0.396202
42
3.3539
0.250884
0.00730752
0.754556
0.0191623
0.24644
85
0.0034076
0.0981747
0.362045
10
2.12503
0.493733
0.00640262
0.770944
0.0581655
0.272406
65
0.00906942
0.0148102
0.37301
90
0.148383
0.156098
0.00470489
0.824459
0.0135888
0.290145
51
0.00861834
0.068281
0.186164
78
2.68132
0.0737964
0.00369092
0.731909
0.0249182
0.15027
28
0.00919355
0.0744401
0.0638323
8
1.37615
0.0629829
0.00686741
0.714022
0.0654955
0.338166
49
0.00834622
0.0270771
0.0478273
1
0.695104
0.426601
0.00831763
0.862994
0.014211
0.195011
76
0.000759872
0.0904899
0.146387
72
1.40484
0.780211
0.00332845
0.820563
0.0166974
0.294815
5
0.00946868
0.0861446
0.371501
73
3.68717
0.730497
0.00827465
0.888374
0.0590252
0.371665
20
0.00250301
0.0308725
0.0567122
97
3.41425
0.716402
0.00397614
0.869144
0.0562627
0.39807
53
0.00320107
0.0865073
0.476262
76
0.74807
0.412317
0.00701146
0.969207
0.0569805
0.285841
91
0.00276167
0.0717158
0.272058
94
1.4113
0.634106
0.00484035
0.772897
0.0634289
0.345651
35
0.00802922
0.0379167
0.276366
53
0.35913
0.559217
0.000669963
0.922631
0.0148523
0.395591
56
0.0012398
0.0842303
0.191259
73
1.54346
0.44373
0.00368148
0.849501
0.0859968
0.266475
26
0.00226293
0.0770158
0.156834
30
1.69443
0.368449
0.000946131
0.836181
0.0713719
0.156447
15
0.00566256
0.0274968
0.391646
26
2.61767
0.0334008
0.00451845
0.939496
0.0877215
0.00217411
79
0.00929177
0.0917652
0.229873
32
3.22662
0.168615
0.00661381
0.988189
0.0366313
0.158436
59
0.00547494
0.0775814
0.322517
79
2.47486
0.623877
0.0073334
0.99161
0.0472475
0.285153
44
0.000260493
0.0402221
0.273258
99
3.5723
0.0582903
0.00122191
0.710989
0.0735317
0.459301
9
0.0014808
0.0698271
0.444645
27
2.12013
0.0929985
0.00435546
0.997057
0.0985371
0.47137
62
0.00886669
0.0841397
0.248843
22
3.54674
0.780854
0.00982796
0.95225
0.0594651
0.475874
21
0.00317709
0.0219398
0.264332
92
2.39342
0.681898
0.00621055
0.880051
0.0301164
0.342572
38
0.00671286
0.0235741
0.184735
45
2.94141
0.116749
0.00134428
0.936551
0.0161502
0.468166
93
0.00654031
0.0170956
0.127966
68
3.69889
0.729158
0.00577144
0.750772
0.0843305
0.47784
26
0.000136421
0.0518735
0.172338
11
0.416376
0.451427
0.00861794
0.765281
0.0335988
0.497454
20
0.00167338
0.0517104
0.419108
15
1.81525
0.246177
0.00304398
0.742621
0.0274384
0.0522305
69
0.00287169
0.0532415
0.0711098
95
0.142949
0.510932
0.0016461
0.721947
0.0668052
0.0324963
34
0.00713085
0.0670671
0.358002
5
0.655899
0.455069
0.00940158
0.985712
0.0239977
0.430488
31
0.0093783
0.0785326
0.154642
54
1.52176
0.0825419
0.00690684
0.770068
0.0120093
0.0916614
79
0.00480944
0.0384967
0.491569
57
2.53503
0.376043
0.00990215
0.758677
0.0184156
0.178502
95
0.00989927
0.088693
0.38352
82
0.248558
0.613725
0.00801063
0.907968
0.0353275
0.456254
62
0.00662813
0.0938914
0.47585
66
2.67019
0.515947
0.00383436
0.746475
0.0663937
0.0275413
93
0.00854456
0.0490076
0.401167
28
1.02168
0.28468
0.00754318
0.707338
0.0364193
0.321138
82
0.00536843
0.0871507
0.479998
39
2.65822
0.372463
0.00178225
0.869937
0.0253317
0.258157
74
0.0058749
0.0987539
0.196708
20
2.88593
0.252253
0.0064792
0.917319
0.0682342
0.182719
48
0.00737892
0.015727
0.189202
88
1.34202
0.234917
0.00429931
0.769864
0.0110872
0.0348558
11
0.000856325
0.0651143
0.0622192
93
2.97476
0.752501
0.000144429
0.940809
0.0501946
0.329722
75
0.000570368
0.0637117
0.424583
41
1.56684
0.348945
0.00927564
0.925396
0.0490491
0.297816
30
0.0077857
0.0694358
0.449412
63
0.296095
0.660292
0.00414729
0.945867
0.0492981
0.368732
29
0.00909678
0.0132578
0.348846
69
2.71831
0.32713
0.000827369
0.970288
0.0729156
0.0894348
19
0.004512
0.0990017
0.113842
77
1.93021
0.572672
0.00780784
0.703682
0.0151703
0.156881
47
0.000809608
0.0233671
0.124434
35
0.899313
0.0697945
0.00956039
0.921
0.04852
0.0351304
15
0.00193974
0.0667459
0.358806
9
1.39413
0.550998
0.00281798
0.810464
0.0628787
0.0738252
65
0.00758032
0.0689268
0.00692247
15
1.44772
0.105953
0.00956399
0.99376
0.0126747
0.328567
69
0.00761481
0.0819113
0.0867328
61
0.485427
0.430553
0.00627072
0.942963
0.0742172
0.391467
80
0.000245717
0.0434871
0.278806
3
2.44822
0.74544
0.00141891
0.755625
0.0901339
0.247149
94
0.000186163
0.0549286
0.0974561
45
1.28975
0.624775
0.0075021
0.877625
0.0866914
0.10541
16
0.00375287
0.0188789
0.00489781
24
3.85117
0.674886
0.00223513
0.934472
0.0290751
0.367653
35
0.00577845
0.0331527
0.392832
54
1.42394
0.59255
0.00114506
0.753652
0.0205716
0.0461119
4
0.00301095
0.0529788
0.0331132
64
3.80581
0.717804
0.0010794
0.72737
0.0330778
0.400228
78
0.00602046
0.0849744
0.00357171
64
1.41704
0.0363457
0.00970965
0.737847
0.0608364
0.278889
7
0.0043603
0.0503755
0.343954
49
3.84432
0.255682
0.00734733
0.931317
0.0196871
0.0951591
42
0.000497688
0.0431105
0.0667167
53
1.24592
0.616309
0.00910991
0.816789
0.0756297
0.147276
69
0.00414709
0.0217635
0.498443
80
0.962584
0.379634
0.00938348
0.7125
0.0348951
0.0711678
51
0.00211882
0.0488163
0.119689
47
0.550292
0.14744
0.0052781
0.975035
0.0115601
0.39679
58
0.00203288
0.0196681
0.0143441
44
1.55165
0.29428
0.00790895
0.92548
0.0840657
0.25381
97
0.00188758
0.0964578
0.253124
3
2.54761
0.723753
0.00411987
0.958692
0.0960393
0.381844
96
0.00641498
0.0341899
0.0495244
21
1.78108
0.174234
0.00167632
0.914068
0.0688636
0.120722
84
0.00752122
0.0590495
0.466182
23
0.626562
0.637626
0.00135312
0.91518
0.079217
0.303314
52
0.00294498
0.0193479
0.130465
76
1.97597
0.485675
0.00393654
0.948122
0.0801616
0.498427
54
0.00665882
0.072236
0.115828
16
2.99728
0.472299
0.00538666
0.963418
0.0752068
0.0639694
80
0.000151736
0.0393725
0.367272
20
1.52773
0.415238
0.00950824
0.949807
0.0786089
0.365896
60
0.00427661
0.0231363
0.228413
83
3.34414
0.0753433
0.00649372
0.719158
0.0544784
0.430036
73
0.00913709
0.0523858
0.251838
48
1.01955
0.357143
0.00302586
0.831486
0.0953017
0.316395
65
0.00232546
0.0541628
0.169993
80
0.440549
0.134921
0.00363605
0.878535
0.0795916
0.215888
12
0.00934342
0.0554714
0.0946134
40
1.61856
0.484028
0.00440941
0.826598
0.0907764
0.269071
36
0.00243803
0.0153556
0.0699435
14
2.89364
0.762021
0.00699868
0.826894
0.0334616
0.164067
52
0.00578693
0.0460504
0.298917
75
1.6692
0.649675
0.0094494
0.867208
0.0420943
0.379366
4
0.000775394
0.0664761
0.247043
57
1.15822
0.254167
0.00105214
0.789483
0.0497736
0.230772
77
0.00223992
0.0496621
0.221924
5
2.41349
0.00952072
0.00199552
0.79669
0.0659573
0.0906781
43
0.0042307
0.0305181
0.204079
6
0.775679
0.259325
5.50529e-05
0.904352
0.038439
0.27836
41
0.00597062
0.0432496
0.280898
41
0.589901
0.743417
0.00835703
0.735427
0.0107621
0.230084
24
0.00601645
0.0265609
0.315136
41
2.43081
0.504399
0.00852361
0.888295
0.0891574
0.0621471
81
0.00888993
0.0175227
0.164949
88
3.02943
0.410955
0.00986537
0.802586
0.0275381
0.189543
33
0.000492287
0.0795955
0.311145
13
2.39783
0.325824
0.00564459
0.872574
0.0401075
0.166989
5
0.00435515
0.0782219
0.426651
31
0.977203
0.316471
0.00214893
0.851634
0.0303609
0.122599
45
0.00136127
0.0821982
0.200974
57
2.0173
0.589437
0.00486263
0.887073
0.069822
0.431219
2
0.00252815
0.0183211
0.486195
16
2.69964
0.437028
0.000876037
0.853991
0.0732816
0.23643
85
0.00446914
0.0285006
0.49408
25
3.298
0.0326308
0.00667635
0.838628
0.0400313
0.0759399
46
0.00465193
0.083
0.269379
85
3.28035
0.335442
7.77641e-05
0.738308
0.0546609
0.377761
53
0.00630361
0.0983593
0.338583
11
2.45438
0.470113
0.000216971
0.956155
0.0695073
0.196722
41
0.00153308
0.040765
0.0297923
30
1.8247
0.17054
0.00326853
0.805367
0.07447
0.00853837
77
0.00342888
0.0612691
0.0192603
63
3.15214
0.0382931
0.00480424
0.967458
0.0897804
0.0757451
25
0.00608899
0.030218
0.329672
99
2.03538
0.211108
0.000272406
0.794095
0.0509703
0.36061
31
0.00638648
0.0224536
0.199277
34
2.64134
0.739679
0.00495659
0.85024
0.0150316
0.363634
62
0.00208708
0.0860174
0.139847
65
2.82331
0.0215579
0.00241681
0.844129
0.0877832
0.38674
84
0.00707145
0.0603563
0.148524
84
1.16457
0.679163
0.00886246
0.908938
0.0193425
0.124099
71
0.000708136
0.0438952
0.245933
12
2.55444
0.401157
0.00671595
0.960358
0.0761522
0.203451
53
0.0015019
0.0811194
0.445807
95
2.67701
0.487038
0.00776037
0.972246
0.0414151
0.00979214
70
0.00329169
0.03834
0.0797434
52
2.05855
0.546363
0.00993354
0.935451
0.0154934
0.176478
64
0.00562611
0.0848361
0.427762
56
0.180905
0.286276
0.00587509
0.79764
0.022503
0.0173236
76
0.00882731
0.0420838
0.040678
17
1.55769
0.228518
0.0016132
0.942573
0.0181901
0.160765
12
0.00607028
0.0162235
0.42252
92
2.14866
0.305582
0.00953365
0.861189
0.0427557
0.452217
59
0.00960592
0.0497828
0.302757
7
2.90165
0.290919
0.00973163
0.993359
0.0647743
0.159971
51
0.00812914
0.0247465
0.105722
36
3.59883
0.232671
0.00788538
0.836495
0.0604035
0.0582467
10
0.00734319
0.022371
0.453484
27
3.41043
0.278372
0.000454319
0.840636
0.0498605
0.330858
6
0.000113168
0.0723638
0.108257
75
2.02706
0.24972
0.00740625
0.916081
0.0188659
0.322765
59
0.00859126
0.0622824
0.0995705
37
2.70467
0.695498
0.000710453
0.892509
0.0454279
0.421914
37
0.00818445
0.0163224
0.456612
26
0.407611
0.568082
0.00813874
0.912203
0.0592159
0.119761
95
0.00307536
0.0564001
0.499919
28
1.27732
0.159914
0.00355771
0.841733
0.0568428
0.207576
34
0.00745658
0.0122143
0.283522
82
1.00785
0.568498
0.00569976
0.736031
0.0805528
0.132197
47
0.00448249
0.0876005
0.305412
71
2.27383
0.609921
0.007175
0.769136
0.045594
0.154777
54
0.00270752
0.0801356
0.0241499
29
1.21709
0.543857
0.00132723
0.973931
0.0884415
0.139735
61
0.00473457
0.0810499
0.166368
18
2.93441
0.618727
0.00930892
0.855967
0.0446211
0.379237
6
0.00667821
0.0216171
0.125322
45
3.16777
0.28941
0.00462325
0.982159
0.034308
0.174316
83
0.00190934
0.0366866
0.255022
86
1.38809
0.261246
0.00325062
0.976739
0.0643384
0.194182
6
0.00532924
0.0456202
0.0159325
97
2.22466
0.337914
0.00350732
0.933845
0.0543601
0.457155
25
0.00875441
0.0200512
0.143692
86
3.50758
0.0686877
0.00604656
0.73
0.0653553
0.463833
89
0.00162178
0.0483267
0.214369
10
3.97115
0.382675
0.0024636
0.939942
0.0595944
0.499503
58
0.00201736
0.0796971
0.223744
79
1.04748
0.102926
0.00450209
0.831766
0.0441377
0.441346
48
0.0048235
0.0632832
0.461864
58
1.67779
0.350633
0.00770628
0.824063
0.0252536
0.326161
70
0.00120181
0.0149775
0.052171
72
1.80288
0.702182
0.00252514
0.890335
0.026642
0.411209
30
0.000743245
0.0574257
0.113088
91
0.766077
0.658708
0.00211841
0.889891
0.0180641
0.117117
18
0.00488171
0.0315791
0.0486378
41
0.65751
0.512866
0.00294628
0.743105
0.0439469
0.478943
59
0.00160257
0.0617358
0.107521
85
0.887369
0.387205
0.00891664
0.806451
0.0123406
0.433941
43
0.0084999
0.0145486
0.403109
89
3.87404
0.0189358
0.00230305
0.912319
0.0847875
0.25222
52
0.00568375
0.0570623
0.355191
50
3.3907
0.317907
0.00658631
0.865478
0.0470723
0.212006
76
0.00953986
0.0553031
0.234029
98
1.74283
0.219139
0.00270537
0.970719
0.0354778
0.173377
74
0.000875301
0.0126137
0.371114
71
1.49612
0.328638
0.00523815
0.943806
0.068569
0.28038
2
0.0058237
0.0815634
0.316618
10
3.64184
0.271589
0.00705788
0.84681
0.0661681
0.0158372
37
0.006613
0.0731494
0.260374
80
1.85082
0.207276
0.00336698
0.99596
0.0378784
0.48134
6
0.00594516
0.039174
0.00883125
70
3.61314
0.685308
0.00555832
0.786529
0.053528
0.0722506
67
0.0077607
0.0657346
0.0539622
50
3.21521
0.605779
0.000591188
0.986288
0.02004
0.336223
6
0.00999622
0.0239481
0.206046
3
2.32943
0.374792
0.000548509
0.837794
0.0935099
0.182342
88
0.000910624
0.0961868
0.133477
76
2.96745
0.331414
0.00607106
0.722361
0.0385018
0.386198
45
0.0016269
0.0566267
0.468058
61
0.497411
0.268318
0.00237036
0.916543
0.097112
0.380445
11
0.00129222
0.0854133
0.0894075
37
2.51248
0.12114
0.00511335
0.919841
0.0956526
0.424864
44
0.00385081
0.024547
0.368749
80
3.01469
0.296396
0.00169652
0.814125
0.0320418
0.304206
77
0.00763819
0.0116634
0.200074
42
3.7487
0.0511652
0.00863249
0.785747
0.0784935
0.440329
32
0.00623193
0.0298509
0.181791
55
1.70696
0.391524
0.00635885
0.775085
0.08925
0.128839
82
0.0052514
0.0760336
0.307188
23
0.467247
0.419145
0.00454325
0.935883
0.0651082
0.447181
66
0.00360847
0.0647452
0.196076
48
2.50263
0.672739
0.00597114
0.917957
0.0865472
0.451296
38
0.00984786
0.0921634
0.432495
48
0.306076
0.363152
0.00239651
0.775679
0.0808186
0.46436
36
0.00521405
0.0992121
0.359473
62
0.544084
0.183599
0.00535164
0.85678
0.0929468
0.44538
86
0.00519407
0.0978051
0.00242369
80
2.35145
0.00878563
0.00854249
0.791218
0.0851625
0.141726
18
0.00788151
0.0802637
0.37946
39
2.8627
0.26431
0.00776537
0.871793
0.0479118
0.143648
9
0.00555193
0.0167275
0.211609
27
0.60079
0.794343
0.00203169
0.969031
0.0415629
0.0744965
17
0.000610973
0.0250213
0.0116763
63
3.31532
0.462503
0.00684973
0.729695
0.0372322
0.100638
12
0.00635126
0.0427073
0.243573
96
1.05257
0.536689
0.00399682
0.804613
0.0128112
0.454071
17
0.00470857
0.0765863
0.0395826
59
0.983934
0.773726
0.00116897
0.777546
0.067856
0.184969
10
0.00641655
0.0931946
0.230881
65
1.06246
0.428501
0.00374247
0.798882
0.0646538
0.394821
5
0.000350931
0.083127
0.409975
37
3.42432
0.0477145
0.00335885
0.956754
0.0551945
0.104129
48
0.00729999
0.0484924
0.137657
20
0.524688
0.0820441
0.00182547
0.742133
0.0203058
0.321728
76
0.00112349
0.081731
0.250856
98
3.97957
0.527482
0.00922739
0.982713
0.0811285
0.466906
31
0.00498643
0.0901901
0.0135074
48
3.09263
0.496798
0.00657862
0.77298
0.0993508
0.10825
10
0.000673171
0.088286
0.0306915
7
1.20166
0.640664
0.00868638
0.845125
0.0736081
0.288221
54
0.00335004
0.0436878
0.341076
5
3.87867
0.42502
0.00961167
0.931896
0.0404109
0.191624
70
0.00963214
0.0386309
0.450126
2
1.14378
0.1035
0.00584164
0.829295
0.0117035
0.394168
56
0.00814214
0.0799144
0.29138
95
2.10204
0.420713
0.000344483
0.76139
0.0551144
0.136656
32
0.00776345
0.0505998
0.0128821
15
2.82799
0.161566
0.00338944
0.981522
0.0802319
0.3751
11
0.00180464
0.0920299
0.433337
30
3.76799
0.508359
0.00406624
0.800296
0.0308627
0.412321
81
0.00869165
0.0864463
0.403917
67
0.318253
0.545477
0.00792515
0.853015
0.0912004
0.480199
64
0.00346426
0.011224
0.405987
31
3.64564
0.46588
0.000867184
0.739569
0.0853817
0.342174
8
0.000981294
0.0736094
0.399872
97
0.560331
0.0775793
0.00782736
0.8227
0.0771347
0.0776923
77
0.00798622
0.0649117
0.294486
79
1.53014
0.554887
0.000760563
0.88576
0.0283173
0.184469
44
0.00128025
0.0197655
0.29725
46
2.53022
0.238003
0.00901682
0.745157
0.0899586
0.233425
69
0.00281359
0.0508721
0.342842
47
0.473335
0.1928
0.00859508
0.83487
0.0920552
0.340062
25
0.0089535
0.0434552
0.0683579
5
3.11989
0.46073
0.000196685
0.764361
0.0589013
0.273669
1
0.00974097
0.0108363
0.487858
32
3.89788
0.0546919
0.00594088
0.995018
0.071657
0.239759
3
0.00756434
0.0243593
0.285936
69
0.89333
0.162917
0.00611992
0.85829
0.0937527
0.382537
66
0.0079343
0.069739
0.100927
11
3.46844
0.61605
0.00819108
0.986958
0.0422973
0.133044
4
0.00257238
0.0949614
0.360328
64
1.46613
0.531345
0.00150346
0.927954
0.0510923
0.165478
28
0.00466877
0.0937206
0.355328
66
0.328726
0.358307
0.00703067
0.912966
0.0553987
0.0385346
88
0.00281077
0.020793
0.241204
74
2.59441
0.510297
0.00915323
0.722927
0.0468851
0.0556574
39
0.00179493
0.0101507
0.0465346
34
0.848149
0.434948
0.00491618
0.991007
0.0737358
0.305583
55
0.00612633
0.0923292
0.135668
69
3.16344
0.0852951
0.00822935
0.732384
0.0887484
0.134515
55
0.00400478
0.0557844
0.378788
44
0.195053
0.609019
0.00402056
0.871429
0.0672044
0.484314
88
0.00574723
0.0728455
0.254108
61
2.56147
0.669538
0.00128318
0.784953
0.0991239
0.413611
21
0.00365478
0.0186952
0.388604
22
2.63669
0.311644
0.0025066
0.92621
0.0910894
0.300554
92
0.00131312
0.0204357
0.0284317
70
3.05232
0.243973
0.00840563
0.983511
0.0265117
0.216998
56
0.00890448
0.0424661
0.335458
56
3.33927
0.186443
0.00873914
0.82549
0.0666211
0.237591
71
0.00399636
0.0329001
0.293805
74
3.44757
0.639273
0.0094832
0.979316
0.0512601
0.116029
25
0.00287772
0.0661003
0.43613
61
1.12042
0.0789051
0.00708628
0.919152
0.0922746
0.17747
23
0.00795711
0.06806
0.315588
38
1.72101
0.215764
0.00589496
0.874256
0.0763207
0.122969
51
0.00332042
0.06004
0.292772
70
1.44422
0.799974
0.00038534
0.933073
0.0943811
0.406729
39
0.00326711
0.0327567
0.232875
23
1.89227
0.531649
0.00380021
0.915667
0.0235107
0.455033
95
0.00562195
0.069952
0.332629
44
3.73629
0.145636
0.00788037
0.964089
0.0371214
0.232452
90
0.00718245
0.0372045
0.48332
55
3.94922
0.107482
0.000962393
0.795193
0.0388925
0.334523
16
0.00941399
0.0134392
0.0689288
40
2.3688
0.490855
0.00188973
0.70904
0.0487563
0.355537
82
0.00880684
0.0868734
0.128987
42
3.02649
0.525844
0.00563052
0.961881
0.0233198
0.333772
63
0.00827757
0.0949406
0.08327
33
0.951113
0.664906
0.00899235
0.97513
0.0797142
0.398972
31
0.00773225
0.0317579
0.340169
19
1.37179
0.464133
0.00508951
0.716817
0.0146758
0.435209
13
0.00683146
0.0458912
0.410311
32
3.83587
0.581515
0.00188721
0.899985
0.0566404
0.283099
72
0.00374148
0.0350229
0.187543
5
1.99743
0.383713
0.000258468
0.76649
0.0255654
0.0492078
39
0.00453616
0.0257712
0.364648
24
3.5054
0.0498792
0.00546178
0.928776
0.0507936
0.168381
84
0.00122188
0.027198
0.421052
52
3.36082
0.755589
0.00958455
0.984868
0.057213
0.0533851
31
0.000924477
0.0705038
0.173965
83
3.13425
0.661522
0.00283007
0.773668
0.0627151
0.402095
91
0.00292157
0.0631218
0.0874992
25
3.56724
0.684255
0.00680217
0.729184
0.0215324
0.317421
61
0.000388464
0.084682
0.474214
13
1.57855
0.40237
0.00330863
0.906973
0.0765857
0.365026
83
0.0048707
0.056619
0.187875
44
2.72099
0.586667
0.0059519
0.809503
0.0429804
0.260034
92
0.00753615
0.0202567
0.136403
24
2.57361
0.128928
0.00562207
0.903481
0.0277128
0.249296
16
0.00897697
0.0772229
0.485772
52
0.276538
0.266301
0.00206961
0.703124
0.0945168
0.346974
60
0.00489382
0.0761317
0.324992
8
1.32138
0.203894
0.00879028
0.762847
0.0863029
0.307038
46
0.00877861
0.0804486
0.0570115
46
3.29664
0.588219
0.00893833
0.92041
0.0916662
0.293126
40
0.00267566
0.0710555
0.0613102
94
1.11252
0.0136826
0.00844128
0.9682
0.053705
0.354959
90
0.00483455
0.0353022
0.414891
9
3.67937
0.447591
0.00319428
0.945501
0.032388
0.0360205
54
0.00101117
0.0292208
0.00113429
86
3.06849
0.735655
0.00558425
0.825805
0.072542
0.118126
68
0.00438331
0.0494228
0.330585
25
2.13604
0.242837
0.00807586
0.855095
0.0356988
0.00103583
23
0.00790526
0.0985044
0.0530876
66
1.64797
0.500967
0.00849947
0.891849
0.0639238
0.458215
43
0.00394954
0.0769454
0.351264
2
0.806552
0.325217
0.00610054
0.8836
0.013856
0.443468
79
0.00946173
0.0370835
0.495455
10
3.14095
0.438127
0.00913043
0.846459
0.015636
0.0444146
33
0.00371879
0.05112
0.376922
45
3.17435
0.468396
0.00315654
0.70612
0.0583749
0.105916
56
0.00871147
0.0916161
0.0608538
31
1.92253
0.400221
0.00978163
0.728622
0.0933064
0.302046
93
0.00383448
0.0789422
0.458582
63
1.87813
0.710981
0.00175266
0.989057
0.0947186
0.389141
18
0.00548843
0.0141976
0.309546
82
3.72389
0.5583
0.00906201
0.819419
0.0491159
0.0149503
42
0.00916593
0.0970014
0.023248
99
0.92252
0.15779
0.00580889
0.714633
0.0312273
0.20048
87
0.00591782
0.0254727
0.28341
70
2.33621
0.764352
0.00997399
0.897581
0.0612171
0.222912
36
0.00691957
0.0479807
0.152104
94
2.76416
0.541151
0.00235986
0.957535
0.0640486
0.383498
8
0.00910957
0.0137127
0.141028
13
2.04354
0.601808
0.00932987
0.910686
0.0520864
0.00463211
97
0.0082249
0.0999082
0.0855758
90
3.62533
0.597235
0.00345228
0.716528
0.0542451
0.0920697
80
0.000292661
0.0762643
0.150308
61
3.9891
0.519048
0.00633548
0.76507
0.0333135
0.213556
60
0.00571013
0.0310507
0.0553609
68
3.23925
0.606824
0.00431189
0.961321
0.0500755
0.262943
36
0.009681
0.0706865
0.147387
17
1.29123
0.10167
0.00359512
0.896563
0.0696491
0.448183
2
0.0043314
0.0409658
0.408097
16
3.33076
0.440836
0.00349855
0.802014
0.0296626
0.341257
5
0.00495137
0.0104664
0.100515
86
2.46318
0.205196
0.00424421
0.856095
0.0177644
0.151117
45
0.00442184
0.0826856
0.115471
4
3.92897
0.523693
0.00534166
0.79066
0.0186335
0.437797
36
0.000725939
0.0777189
0.257674
49
0.80229
0.233739
0.00669553
0.87641
0.0461604
0.0833186
22
0.00429747
0.0184966
0.45998
40
0.246285
0.655415
0.00436903
0.951115
0.07174
0.370389
15
0.00213669
0.0335188
0.195469
52
0.759218
0.577923
0.00795604
0.788221
0.0549582
0.218426
37
0.00461112
0.0615068
0.123328
89
0.854164
0.789777
0.0070679
0.727676
0.0435359
0.153106
89
0.00624406
0.0875047
0.490752
47
1.33485
0.380465
0.00209998
0.958245
0.0775574
0.0514409
63
0.00431103
0.0237641
0.49247
87
2.87699
0.307295
0.00183533
0.87911
0.0757496
0.102771
59
0.0098042
0.0404902
0.0773865
98
0.825296
0.472518
0.00220019
0.788932
0.0341665
0.0333904
57
0.00475606
0.0725855
0.197649
36
1.19048
0.6982
0.002326
0.758418
0.0559011
0.149224
71
0.00125938
0.0416194
0.349449
44
1.6067
0.340917
0.0039578
0.89475
0.063222
0.0574663
45
0.00949134
0.0824367
0.151076
66
2.08858
0.098165
0.000241951
0.798465
0.0601528
0.0788229
2
0.00316613
0.0106765
0.438634
55
0.622149
0.3475
0.00808733
0.720019
0.0358966
0.114998
38
0.00627868
0.0630819
0.194014
59
2.48508
0.217207
0.00310795
0.799716
0.0136768
0.410317
28
0.00978235
0.041337
0.220561
38
0.536478
0.432488
0.000980805
0.807986
0.085464
0.491866
33
0.00513328
0.085837
0.45597
82
2.30098
0.338232
0.00404116
0.864736
0.0495161
0.0418405
8
0.00740682
0.0738569
0.209024
30
0.711919
0.0725073
0.000187497
0.757411
0.0830821
0.308492
81
0.00471482
0.0114403
0.452544
88
3.59784
0.136278
0.00785339
0.965946
0.0969324
0.12631
49
0.00951461
0.0335831
0.0954352
93
2.31037
0.154705
0.0019457
0.81222
0.094791
0.352355
93
0.00419426
0.0676329
0.443533
72
0.334207
0.710129
0.00432616
0.99818
0.0408984
0.252658
96
0.00259744
0.0910187
0.48263
53
2.95936
0.300188
0.00984817
0.94842
0.0830743
0.405499
19
0.00615005
0.0688428
0.366737
65
0.970712
0.494783
0.00665937
0.866605
0.0846909
0.29423
81
0.00710221
0.050085
0.120318
79
1.43503
0.481106
0.00779086
0.723738
0.0345296
0.0102939
99
0.00750394
0.0120455
0.469686
15
3.24628
0.417019
0.00975027
0.715405
0.0953714
0.243836
14
0.006535
0.0986027
0.398204
58
3.20493
0.312661
0.00276829
0.818414
0.095074
0.0596056
34
0.00156713
0.0979603
0.0449045
27
1.90834
0.596728
0.00417108
0.73946
0.0295728
0.284002
67
0.00796919
0.0995531
0.084681
8
3.14484
0.502613
0.00988282
0.702895
0.0710581
0.287396
13
0.00529943
0.0109179
0.0960846
13
0.170092
0.777345
0.000427392
0.961974
0.089603
0.154325
82
0.00769945
0.0476594
0.0732944
53
1.95579
0.492852
0.00615509
0.864018
0.0985679
0.170375
97
0.00687836
0.0159974
0.172766
97
1.68454
0.514953
0.00698197
0.884344
0.0687161
0.0682113
80
0.00676352
0.0560669
0.179682
33
1.8599
0.390055
0.00895685
0.751839
0.0326397
0.473378
41
0.000405018
0.0787564
0.462319
23
2.09584
0.165421
0.00443363
0.89502
0.093536
0.276286
50
0.00299268
0.0958176
0.347326
77
2.16426
0.293223
0.00525102
0.865799
0.0886252
0.291716
42
0.000374617
0.03613
0.247951
87
3.52476
0.708869
0.00676714
