0.933061
0.0910216
0.343324
95
0.000694128
0.0963119
0.0465783
0.275753
1
0.966107
0.189021
0.150803
75
0.00424878
0.0762761
0.033729
0.145938
50
0.905043
0.160112
0.453932
20
0.00635844
0.0341241
0.0391247
0.296305
14
0.996829
0.173699
0.28492
63
0.00521931
0.0355883
0.0142969
0.447201
86
0.936579
0.170285
0.38474
79
0.00555138
0.048899
0.036152
0.460146
44
0.950198
0.12685
0.446737
31
0.00719368
0.0723592
0.0327557
0.425213
38
0.902806
0.185072
0.243177
51
0.00266054
0.0869106
0.0405111
0.109207
73
0.967517
0.168476
0.355896
99
0.00275553
0.0717232
0.0294228
0.0260203
87
0.929079
0.133467
0.303868
27
0.00662324
0.00894646
0.0102746
0.282178
69
0.936896
0.046156
0.416412
31
0.00511734
0.00303715
0.0300081
0.365261
88
0.96287
0.066129
0.485215
13
0.00973456
0.0271292
0.0482985
0.0324152
20
0.950075
0.00744118
0.249107
64
0.00546354
0.0553027
0.0169924
0.231562
16
0.953001
0.0686774
0.415215
13
0.00443066
0.0398879
0.030153
0.428245
92
0.981844
0.0193246
0.318499
54
0.00325363
0.0548952
0.0272401
0.235478
71
0.922858
0.147523
0.0864612
37
0.0086417
0.052472
0.0264068
0.486188
43
0.940874
0.0377461
0.376723
26
0.00151511
0.017464
0.0198342
0.366955
22
0.90914
0.0896686
0.42229
12
0.00405119
0.0018222
0.0124981
0.485512
91
0.990284
0.177529
0.109635
86
0.00477361
0.0806144
0.0353488
0.0949881
16
0.972538
0.0189519
0.0980682
32
0.000296896
0.0047362
0.0408153
0.284418
89
0.984933
0.00319885
0.378931
82
0.00455138
0.0255504
0.0452755
0.331847
93
0.993286
0.0413061
0.430351
71
0.00431642
0.00321666
0.0135381
0.455666
95
0.947976
0.152483
0.321725
61
0.00844594
0.024284
0.0499308
0.301232
67
0.980691
0.141629
0.269875
49
0.00520724
0.0764565
0.042376
0.24959
26
0.954106
0.0224536
0.252322
85
0.00687847
0.0525578
0.0186185
0.440355
55
0.940449
0.188059
0.312958
56
0.00579651
0.0533642
0.0449626
0.164897
25
0.990963
0.177969
0.0435993
8
0.0088405
0.0158247
0.0426109
0.26069
45
0.970523
0.102608
0.17633
71
0.00312511
0.0617875
0.0256669
0.229581
12
0.939419
0.00912515
0.334819
21
0.00627064
0.0563147
0.0255583
0.264772
56
0.96538
0.0756188
0.158342
48
0.00929376
0.0338911
0.0347226
0.0199776
26
0.94445
0.0199974
0.327519
24
0.00659726
0.0803028
0.0279565
0.399774
48
0.931156
0.137747
0.0790721
5
0.000430224
0.0647039
0.0307639
0.134351
62
0.996491
0.160672
0.482661
44
0.00987561
0.0308981
0.031686
0.121694
5
0.913877
0.197172
0.468414
94
0.00122349
0.0583319
0.0128465
0.0683215
94
0.936002
0.100188
0.0373668
50
0.00992175
0.0956713
0.0207213
0.41303
74
0.9946
0.136111
0.280503
9
0.00539832
0.0635408
0.0356358
0.074381
13
0.904192
0.169314
0.360267
1
0.00631103
0.0106605
0.0372564
0.498359
42
0.982549
0.0325382
0.454563
77
0.00731839
0.0697676
0.0419022
0.344754
16
0.996366
0.122492
0.0417046
55
0.00769728
0.0514721
0.0268687
0.174822
80
0.918959
0.139682
0.225324
74
0.00871218
0.00138932
0.0179856
0.0557645
30
0.916894
0.154962
0.27081
9
0.0041641
0.0758746
0.045285
0.141306
78
0.938019
0.162158
0.426157
82
0.00316883
0.0519146
0.0450671
0.0509064
3
0.97646
0.0139564
0.213613
84
0.00845745
0.098882
0.0165698
0.0792529
47
0.962188
0.15674
0.495836
67
0.00902336
0.00146791
0.0144077
0.350565
90
0.985741
0.0397008
0.346122
91
0.00702093
0.0865435
0.0111361
0.443387
62
0.960679
0.028333
0.0457214
41
0.00216146
0.0566683
0.0319242
0.290206
20
0.98119
0.108232
0.01718
98
0.0077713
0.00681009
0.0289675
0.338244
36
0.931544
0.0696119
0.232939
22
0.00809048
0.099214
0.0346943
0.318729
78
0.966711
0.106112
0.428554
49
0.00561206
0.00913787
0.0333254
0.278061
12
0.973183
0.0878038
0.197564
85
0.00287796
0.0624543
0.0154334
0.412032
48
0.99678
0.0809524
0.308558
48
0.00352989
0.0994434
0.0261699
0.118727
68
0.953706
0.0384844
0.315834
32
0.00945456
0.0293039
0.0136157
0.0314746
95
0.968217
0.118877
0.134298
58
0.00651442
0.0209224
0.017499
0.371923
43
0.948914
0.0371353
0.142745
12
0.002107
0.0289116
0.0263811
0.382367
38
0.901877
0.163216
0.101313
74
0.00495803
0.0961336
0.021968
0.337659
7
0.92646
0.131084
0.352272
45
0.00358929
0.0652023
0.0240517
0.316515
89
0.982571
0.0267395
0.0128263
59
0.00704806
0.0737694
0.0218055
0.0704403
56
0.929799
0.142503
0.120397
76
0.00391043
0.00416698
0.0152749
0.114469
63
0.988232
0.0400842
0.493981
18
0.00599298
0.030091
0.0368696
0.0646431
95
0.927138
0.0558902
0.261253
73
0.00357132
0.0332277
0.0345489
0.29454
15
0.986222
0.0230333
0.245011
28
0.00330169
0.0439558
0.0366131
0.400231
81
0.93741
0.0480227
0.332039
35
0.00284694
0.0990291
0.0163769
0.0335768
9
0.951152
0.173028
0.0496387
96
0.00674631
0.0875912
0.0167111
0.393593
67
0.984046
0.165465
0.230521
63
0.00324106
0.0666141
0.0195964
0.0168528
99
0.944876
0.00489523
0.0089157
30
0.00334829
0.0600265
0.0168691
0.448885
41
0.978828
0.0802798
0.314747
49
0.00669795
0.0837226
0.0244259
0.314989
42
0.979818
0.105818
0.462527
65
0.00759147
0.0326405
0.0411562
0.0882386
19
0.983733
0.191359
0.174126
93
0.00853921
0.0628896
0.0398838
0.00356793
73
0.963422
0.0974848
0.273653
13
0.00420228
0.00503222
0.0170822
0.170833
49
0.977494
0.0344185
0.466722
23
0.000325066
0.0734327
0.0149823
0.219521
86
0.99431
0.134931
0.352024
69
0.00735787
0.0410896
0.0445603
0.464585
93
0.972364
0.024217
0.490463
29
0.00734625
0.0333566
0.0473428
0.268079
29
0.921099
0.171224
0.397981
92
0.00140413
0.0113314
0.0495095
0.0118358
57
0.973309
0.132574
0.0853992
4
0.00592329
0.040492
0.0476426
0.499722
43
0.938388
0.186574
0.486043
83
0.00644707
0.056987
0.0483583
0.13071
21
0.993792
0.0272904
0.255478
9
0.00483802
0.0166966
0.027599
0.180561
21
0.937778
0.142214
0.0900138
84
0.00708433
0.0849321
0.030942
0.304802
53
0.922258
0.101592
0.122437
5
0.0043604
0.0388625
0.0288554
0.406203
46
0.931034
0.0702178
0.431493
95
0.00307636
0.00611415
0.0156355
0.43622
2
0.991511
0.0547441
0.448334
36
0.00302595
0.0837961
0.0492189
0.0990144
55
0.982143
0.16519
0.264235
68
0.00613476
0.0131734
0.0304002
0.325308
81
0.929152
0.00874513
0.253569
47
0.00542848
0.0170326
0.0251823
0.0816323
6
0.949359
0.0725526
0.277447
56
0.00255198
0.0180664
0.029611
0.169757
51
0.953298
0.0899962
0.344636
29
0.00289305
0.0969834
0.0101379
0.206952
28
0.965652
0.0100391
0.339696
48
0.00639491
0.0338039
0.036785
0.39217
81
0.974415
0.0395252
0.32391
11
0.00615761
0.0975963
0.0370139
0.0771188
65
0.968497
0.191831
0.208518
5
0.000160323
0.00698325
0.0428579
0.453745
18
0.950791
0.145526
0.262757
92
0.00365561
0.0917707
0.0437307
0.0765124
39
0.991988
0.151428
0.385808
92
0.00867361
0.0111287
0.0378289
0.490032
31
0.958469
0.0435416
0.204275
66
0.00969691
0.0812052
0.0306513
0.00406056
96
0.91656
0.175615
0.452785
19
0.00585568
0.0295127
0.0293362
0.216632
14
0.980086
0.15388
0.148145
25
0.00246701
0.0503905
0.0254351
0.39891
14
0.907136
0.00526261
0.459049
87
0.00303732
0.0804128
0.0322537
0.380666
46
0.921315
0.150593
0.275238
13
0.00285538
0.010798
0.0311626
0.119263
92
0.966139
0.122388
0.307946
72
0.0042813
0.0198056
0.0298908
0.3852
11
0.932092
0.0861466
0.276543
22
0.00115011
0.043606
0.0340698
0.332802
72
0.983372
0.0184108
0.104538
96
0.00787196
0.084248
0.039968
0.354832
38
0.948801
0.196296
0.274651
39
0.00208456
0.0376759
0.0217411
0.407345
100
0.998044
0.078224
0.379946
96
0.00182026
0.0894986
0.0247352
0.285671
47
0.950569
0.105552
0.298078
29
0.00251273
0.0428548
0.041672
0.451407
4
0.929389
0.0425181
0.0592569
48
0.00588151
0.0928363
0.0257819
0.147759
87
0.914682
0.178142
0.242895
67
0.00916782
0.0348563
0.0199226
0.253528
8
0.926191
0.131151
0.291421
43
0.00799671
0.0605954
0.0392168
0.237671
85
0.93635
0.175026
0.151465
10
0.00368229
0.0268812
0.0254702
0.299384
47
0.969933
0.115762
0.257056
25
0.000779873
0.0586596
0.0497189
0.255264
68
0.919188
0.119248
0.281401
27
0.00470252
0.0102298
0.0109174
0.291472
90
0.931981
0.167128
0.0848481
4
0.00675616
0.0284178
0.0364807
0.029525
53
0.991387
0.0628682
0.272279
88
0.00269731
0.0450334
0.0320046
0.470932
6
0.955915
0.00372127
0.326201
89
0.000831369
0.0426744
0.0182661
0.0829747
39
0.946837
0.0471409
0.260305
23
0.00812746
0.0294467
0.0341116
0.34191
40
0.984447
0.0851227
0.226576
21
0.00402112
0.0305022
0.0314728
0.0871004
10
0.90478
0.15295
0.499452
59
0.00374758
0.0317854
0.0316021
0.43702
8
0.959783
0.135341
0.423174
51
0.000739464
0.012345
0.011786
0.343237
77
0.938644
0.038352
0.410711
66
0.00486563
0.0319778
0.0437973
0.184269
94
0.97542
0.0517793
0.00727965
70
0.00487888
0.022439
0.0477274
0.166905
32
0.915916
0.0819043
0.092464
2
0.00825364
0.0457945
0.010977
0.244676
59
0.992574
0.127375
0.2474
24
0.00896077
0.0304916
0.0318345
0.128704
7
0.947234
0.197687
0.471461
34
0.00809996
0.0732335
0.0145191
0.125657
33
0.96086
0.18472
0.44006
72
0.00996768
0.0388103
0.0151752
0.16029
79
0.986109
0.0826015
0.143776
72
0.00776104
0.014932
0.020699
0.122669
74
0.985731
0.0527636
0.0488042
79
0.00783048
0.0559175
0.0233437
0.472344
30
0.930151
0.017125
0.0717078
41
0.0017682
0.0494369
0.0359951
0.28189
12
0.968591
0.19218
0.200436
78
0.00830712
0.0630013
0.0284823
0.410663
71
0.970418
0.0206649
0.163053
67
0.00889681
0.0382672
0.0373738
0.362884
17
0.93366
0.116461
0.191017
16
0.00120453
0.0247705
0.0488493
0.308301
7
0.915179
0.120231
0.401746
52
0.00192037
0.0637284
0.0401549
0.0757971
13
0.983063
0.125835
0.0275317
70
0.000129977
0.0608824
0.022768
0.209508
30
0.993942
0.118174
0.201695
25
0.00507136
0.0350785
0.0395387
0.17624
37
0.966824
0.116836
0.194002
70
0.00317689
0.0190232
0.0439855
0.221642
26
0.918047
0.0491261
0.224212
66
0.000582654
0.00834372
0.0295181
0.0933089
17
0.949278
0.178998
0.389241
86
0.00019881
0.0566
0.0319049
0.0301522
21
0.976214
0.119923
0.33055
16
0.0021815
0.073944
0.0216775
0.038859
6
0.977656
0.0236335
0.35838
36
0.00505705
0.0649218
0.03139
0.159052
75
0.955254
0.0421407
0.119752
34
0.00228451
0.093214
0.0221486
0.26269
71
0.991113
0.0277466
0.377228
19
0.00821364
0.0792636
0.0287006
0.452629
79
0.912163
0.0651151
0.13569
39
0.00102505
0.0194019
0.0313108
0.302642
46
0.981594
0.187378
0.363271
1
0.00249193
0.0207338
0.040309
0.438277
24
0.919795
0.0680796
0.215728
46
0.00524777
0.0855683
0.0454595
0.360548
36
0.944748
0.0844474
0.292146
23
0.00858017
0.00425055
0.0440059
0.276838
49
0.942093
0.173948
0.0889802
28
0.00369204
0.0034724
0.0180311
0.168903
78
0.916364
0.0719746
0.131693
47
0.00125973
0.0922348
0.030861
0.215354
53
0.90322
0.0160158
0.402931
36
0.00309285
0.026546
0.0269849
0.270807
85
0.959929
0.022648
0.206093
63
0.00509105
0.0282001
0.0154517
0.0928884
77
0.988567
0.155977
0.289941
73
0.00046463
0.0986739
0.0143793
0.431476
32
0.947376
0.193964
0.320806
75
0.00549496
0.0118219
0.0215313
0.339627
79
0.91461
0.136524
0.432905
17
0.00750086
0.0547239
0.0498447
0.16507
86
0.994712
0.00141
0.117466
54
0.00355886
0.0490516
0.0343365
0.197337
65
0.941784
0.0442145
0.44354
57
0.0045883
0.0715812
0.0333968
0.352553
44
0.961162
0.0285252
0.406816
46
0.00576445
0.0238203
0.0417116
0.177328
95
0.922001
0.0418603
0.0876254
10
0.00192226
0.01415
0.0101634
0.240178
47
0.930475
0.00206392
0.467488
7
0.00951957
0.0801378
0.0345725
0.358522
90
0.925557
0.0161648
0.479267
97
0.00381346
0.0599452
0.0131622
0.15593
20
0.900366
0.140594
0.137867
44
0.00699264
0.0857923
0.0142191
0.390709
49
0.971967
0.0450623
0.19255
81
0.0079681
0.0463912
0.015116
0.137833
63
0.91724
0.0149958
0.169938
66
0.000307642
0.0722539
0.0338115
0.378132
59
0.974926
0.064657
0.356564
2
0.000496121
0.039358
0.0181769
0.089822
43
0.985182
0.0800893
0.449187
37
0.00842809
0.081883
0.0222761
0.444971
33
0.913477
0.100899
0.364923
39
0.00444198
0.0367615
0.0364458
0.456958
31
0.924238
0.0593354
0.42726
77
0.00663536
0.0483808
0.0435357
0.0271497
27
0.955764
0.141373
0.153164
78
0.00238944
0.0640273
0.0284507
0.189042
70
0.962428
0.0673371
0.00280651
12
0.0073984
0.0602226
0.0132195
0.146506
91
0.99239
0.108894
0.107394
3
0.00933992
0.0761897
0.0212654
0.272078
41
0.93523
0.0683333
0.113539
11
0.00601117
0.0153206
0.0297182
0.319296
96
0.943473
0.149951
0.32466
84
0.00956934
0.0952939
0.028044
0.379318
69
0.952651
0.166801
0.387275
23
0.00362431
0.0702523
0.0286343
0.0610664
82
0.99503
0.065047
0.0995267
27
0.00441619
0.088546
0.0126004
0.277138
77
0.966505
0.0135292
0.0293004
95
0.0018866
0.0949284
0.0379747
0.199363
16
0.937122
0.0578624
0.26319
81
0.00267523
0.0639164
0.0466563
0.0457164
47
0.997407
0.121938
0.319729
32
0.00137696
0.0756351
0.0332576
0.484872
84
0.910967
0.0321442
0.470988
20
0.00654527
0.0482106
0.0325997
0.32957
39
0.951395
0.0300427
0.160233
82
0.00757282
0.0747238
0.0376312
0.367533
93
0.931314
0.136846
0.152925
54
0.00738115
0.0685899
0.0189183
0.224032
33
0.986518
0.0264287
0.3818
37
0.00678516
0.0742559
0.0381278
0.45061
33
0.980871
0.00646675
0.16339
48
0.00962137
0.0272173
0.03963
0.111326
72
0.9464
0.0972774
0.329238
95
0.00940698
0.0678413
0.0448562
0.491826
2
0.905461
0.112415
0.218317
80
0.00201319
0.0223393
0.0383007
0.303529
20
0.989901
0.0533999
0.165278
55
0.00149406
0.0517214
0.0238005
0.364207
24
0.943156
0.0201403
0.0943612
53
0.00994156
0.0280113
0.0305745
0.139143
23
0.951752
0.059929
0.492627
40
0.00422341
0.0811857
0.0491076
0.49371
85
0.955467
0.0835422
0.00612775
70
0.00988883
0.00565319
0.0322024
0.163253
55
0.971253
0.194172
0.0428657
26
0.0040943
0.0356731
0.0465446
0.129071
92
0.9025
0.138991
0.463759
42
0.00382393
0.0251522
0.0350589
0.175796
36
0.97365
0.0181042
0.0444395
21
0.00258534
0.0794639
0.0280842
0.105232
55
0.941533
0.140161
0.306061
65
0.00771498
0.0316885
0.02512
0.2041
45
0.915521
0.0967944
0.183285
88
0.00832976
0.0774181
0.0195069
0.479005
35
0.90139
0.129395
0.164325
99
0.000115731
0.0543182
0.038751
0.28998
18
0.925458
0.142825
0.177948
62
0.00877933
0.0469862
0.0281711
0.157219
56
0.979171
0.11361
0.455387
93
0.00691935
0.0610306
0.0392966
0.429978
5
0.948141
0.164452
0.437356
44
0.00526106
0.0593817
0.0265721
0.252232
48
0.956716
0.077173
0.040871
3
0.00572604
0.0622653
0.047492
0.0340425
77
0.939874
0.0476692
0.465072
73
0.00127291
0.0901466
0.0446687
0.458557
17
0.976942
0.167413
0.396004
16
0.00908461
0.0851165
0.0470466
0.430665
22
0.92663
0.118599
0.0222571
26
0.00517987
0.0147068
0.0267047
0.467805
29
0.918693
0.0108631
0.125717
10
0.00851132
0.097286
0.0262968
0.295363
28
0.987326
0.056742
0.237301
26
0.00871977
0.0809645
0.0110579
0.321935
73
0.920539
0.0891676
0.47592
43
0.00546856
0.0752468
0.0116267
0.0517218
33
0.940262
0.0240098
0.409723
97
0.00948685
0.00232165
0.0394302
0.181577
57
0.957848
0.0713336
0.172755
65
0.00338994
0.00544739
0.0114765
0.353333
60
0.974071
0.170641
0.0586416
87
0.00281541
0.00176875
0.0291075
0.226616
39
0.93928
0.155427
0.115195
100
0.00112125
0.00279074
0.0484052
0.386604
43
0.943651
0.197288
0.361896
62
0.0096421
0.0202837
0.0163055
0.200094
9
0.990594
0.109976
0.407789
6
0.00174533
0.0797129
0.0420922
0.408906
75
0.928015
0.0989546
0.191302
58
0.000891532
0.0959482
0.0414548
0.0847867
49
0.929577
0.0458085
0.0742152
64
0.00671515
0.066184
0.0385001
0.156349
15
0.916638
0.111159
0.182798
16
0.0060828
0.0118983
0.0328499
0.073796
41
0.971435
0.125132
0.415002
54
0.00956318
0.066857
0.0369455
0.186417
58
0.906313
0.161172
0.0988627
46
0.00385695
0.0728762
0.0229831
0.279026
35
0.932784
0.176683
0.0057835
42
0.00953888
0.0336448
0.0471243
0.442698
8
0.910607
0.140873
0.212875
28
0.00306858
0.0542391
0.0429498
0.465496
20
0.909914
0.0728496
0.294563
51
0.000259163
0.0561247
0.0273998
0.152927
78
0.985065
0.0777185
0.214104
17
0.00944308
0.0455564
0.0174085
0.346888
88
0.90474
0.0585786
0.211883
39
0.000771497
0.0683206
0.0153225
0.287078
88
0.938426
0.199425
0.167007
17
0.00679576
0.0261554
0.0231918
0.44549
57
0.908455
0.149408
0.259609
40
0.00117198
0.0159528
0.010664
0.25711
7
0.959576
0.0176414
0.176033
52
0.00786026
0.0710477
0.0404036
0.310666
19
0.913339
0.0127504
0.266292
46
0.0053381
0.0138757
0.0410877
0.427891
64
0.939789
0.198987
0.316608
40
0.00460768
0.0126983
0.0246052
0.355385
88
0.945133
0.0353578
0.322108
74
0.00348605
0.0406691
0.0225949
0.384031
56
0.945738
0.0187302
0.228827
20
0.00274041
0.0817688
0.0187448
0.188889
42
0.912526
0.0430291
0.132231
5
0.0059721
0.025651
0.0488982
0.415063
97
0.963156
0.00662372
0.258786
77
0.00141446
0.046032
0.0414273
0.263069
4
0.920789
0.128755
0.48089
71
0.00462291
0.0240802
0.0493539
0.138852
32
0.934134
0.138677
0.155331
91
0.000554495
0.0189991
0.0463324
0.0955315
98
0.97558
0.185319
0.331991
50
0.00970453
0.0486088
0.0427929
0.101892
10
0.941746
0.07601
0.0608758
80
0.00881519
0.0433159
0.0134765
0.423692
90
0.905293
0.179498
0.489667
63
0.00415819
0.0884384
0.0479869
0.106481
8
0.949618
0.195301
0.312016
54
0.00564637
0.0185001
0.0485968
0.059867
51
0.956043
0.143702
0.0806332
78
0.00837806
0.0594347
0.0406148
0.334377
51
0.911367
0.055257
0.388843
40
0.00667132
0.0675241
0.0398399
0.143879
19
0.926784
0.169481
0.371846
97
0.00980885
0.0164696
0.0141129
0.214504
3
0.911962
0.104758
0.299072
26
0.00163558
0.0821521
0.0248917
0.234718
54
0.992084
0.0437721
0.265971
36
0.000157569
0.0073974
0.0181326
0.172062
61
0.924648
0.0345703
0.0528026
41
0.00657552
0.0658398
0.0155949
0.116025
41
0.922416
0.0675219
0.156805
94
0.00215802
0.0785245
0.020372
0.0635823
62
0.908683
0.053822
0.136798
38
0.0037773
0.0424348
0.0130724
0.306283
76
0.932414
0.0500522
0.0907935
6
0.00299685
0.0125361
0.0171347
0.0869079
2
0.917033
0.0669195
0.288164
53
0.00504071
0.0297795
0.0415686
0.115626
29
0.913136
0.0300721
0.140423
79
0.00178521
0.0572892
0.012418
0.375863
3
0.975936
0.0739077
0.338353
43
0.00113767
0.0852895
0.0480527
0.356642
100
0.98549
0.00831026
0.2969
32
0.0098469
0.0210753
0.0352601
0.2227
73
0.995082
0.0543426
0.220344
88
0.00742063
0.0704859
0.0188354
0.110454
49
0.963933
0.190841
0.345384
33
0.00751282
0.0453581
0.0312252
0.480893
12
0.909717
0.0364035
0.300636
64
0.00980095
0.0840843
0.0252071
0.228468
6
0.969179
0.132994
0.126217
100
0.00449649
0.00592288
0.0193142
0.389126
34
0.982172
0.145116
0.129998
85
0.00232505
0.0750329
0.0239969
0.185669
94
0.961585
0.153556
0.404092
72
0.00199142
0.046716
0.0385924
0.259128
60
0.988372
0.0357118
0.0138327
23
0.000238469
0.0690282
0.0138124
0.326146
39
0.975145
0.0979136
0.482
11
0.00244873
0.00942185
0.0103261
0.0831434
83
0.964049
0.0272472
0.198789
14
0.00476111
0.0907715
0.0329737
0.0487405
27
0.910826
0.0141362
0.222761
98
0.00897047
0.0532021
0.0371598
0.459203
12
0.915015
0.0944043
0.10107
90
0.00299079
0.0261448
0.0354209
0.0467378
80
0.915822
0.159728
0.285158
24
0.00874147
0.0923249
0.0455578
0.0855965
64
0.996005
0.137261
0.234035
7
0.00914228
0.0791206
0.0149138
0.123087
65
0.922721
0.161731
0.194625
82
0.00447054
0.0983237
0.0173577
0.439126
9
0.961466
0.147424
0.234267
85
0.00230514
0.00764916
0.0218657
0.191179
25
0.943326
0.163642
0.055205
55
0.00240496
0.0475695
0.0167933
0.48868
56
0.903864
0.00130711
0.149553
98
0.00130392
0.0881573
0.0289474
0.0601672
10
0.90303
0.144064
0.18043
38
0.00397093
0.0274589
0.0237303
0.162719
99
0.925224
0.1139
0.145755
84
0.0034172
0.0161441
0.0108477
0.342656
62
0.944139
0.00431825
0.368474
86
0.00648379
0.0236517
0.041263
0.27357
96
0.933641
0.117931
0.349584
90
0.00328138
0.0654875
0.0397271
0.0546218
46
0.977411
0.0507591
0.079654
14
0.00730497
0.0980595
0.0389111
0.348857
69
0.969653
0.120872
0.236611
18
0.0080449
0.0322813
0.0230714
0.37646
17
0.951578
0.115551
0.403086
33
0.000798674
0.0827646
0.0193882
0.421444
40
0.956472
0.151884
0.00440645
60
0.00792276
0.0364894
0.0419423
0.305163
83
0.958229
0.0638975
0.477715
37
0.00698038
0.0420331
0.0324797
0.107201
87
0.98328
0.0148865
0.0636815
31
0.00331654
0.0789052
0.0357314
0.340003
50
0.92332
0.104196
0.433261
13
0.00134939
0.0370834
0.0228069
0.0239
64
0.92025
0.130353
0.391081
50
0.00158172
0.0632552
0.0204421
0.333163
28
0.907965
0.0392076
0.123779
80
0.00780592
0.0660227
0.0341678
0.0660581
80
0.928398
0.130286
0.0104162
91
0.00513434
0.0919492
0.0208322
0.315652
86
0.94289
0.102335
0.375756
30
0.00314534
0.0833327
0.0146131
0.280728
60
0.977894
0.0572026
0.128704
19
0.00455813
0.00638981
0.0362041
0.19067
25
0.993248
0.182513
0.309602
59
0.00530958
0.0781514
0.0183277
0.482412
23
0.962139
0.195183
0.400959
87
0.00946797
0.0875198
0.0474303
0.103684
72
0.942494
0.0561242
0.392109
98
0.00479565
0.0368793
0.0440858
0.171943
18
0.9604
0.0310569
0.159434
15
0.00412178
0.0862982
0.045963
0.496206
54
0.997795
0.0094253
0.202575
88
0.00557889
0.034274
0.0104768
0.0143607
27
0.987164
0.126194
0.1336
50
0.00605467
0.00483535
0.0214666
0.238818
10
0.934959
0.148922
0.036382
15
0.00618845
0.0782612
0.0275192
0.419409
83
0.900482
0.098446
0.168049
55
0.00911425
0.00781407
0.0121538
0.274521
23
0.967939
0.0874383
0.0568665
76
0.00145027
0.0964924
0.0370421
0.0479288
78
0.937521
0.114052
0.0733109
30
0.00551246
0.0719284
0.0200679
0.0914058
5
0.953649
0.185881
0.0187743
63
0.00836496
0.0887419
0.0454021
0.28396
75
0.978348
0.0908746
0.0818793
60
0.00535288
0.095153
0.0302539
0.0809749
59
0.906031
0.155211
0.181822
53
0.00815875
0.068839
0.0127726
0.19646
22
0.993584
0.154371
0.0931164
20
0.00131926
0.0910204
0.0186662
0.492968
13
0.91853
0.146027
0.350899
59
0.00387829
0.04307
0.020115
0.0589142
49
0.92177
0.0348856
0.161799
4
0.00498685
0.0934334
0.0424839
0.463194
43
0.905599
0.164082
0.168072
35
0.00169766
0.0615271
0.0498233
0.127696
5
0.987989
0.172815
0.0309913
89
0.00602063
0.0913069
0.0490032
0.213963
60
0.919428
0.0506661
0.436285
77
0.000199471
0.0540617
0.0336794
0.124003
42
0.948692
0.183337
0.0238284
64
0.00991286
0.0557744
0.0401889
0.434817
21
0.927722
0.186919
0.0469612
9
0.00292212
0.0467657
0.0242572
0.258756
68
0.945349
0.0960145
0.35397
7
0.00225188
0.0897643
0.0112774
0.44645
24
0.901312
0.112808
0.0391988
33
0.00580904
0.0463007
0.0331044
0.471871
89
0.907864
0.0846489
0.0259034
97
0.00242353
0.0669368
0.0126614
0.217921
52
0.904057
0.0730958
0.17809
14
0.00780083
0.0230276
0.0161308
0.251152
65
0.926939
0.0467434
0.245942
80
0.000689687
0.0443949
0.0363415
0.132963
98
0.927507
0.157423
0.45651
1
0.00773065
0.0757298
0.0374408
0.424037
63
0.959198
0.184431
0.241456
22
0.00207646
0.0825132
0.0210006
0.466126
53
0.940747
0.171761
0.0615385
7
0.00133806
0.0378433
0.0441771
0.462679
86
0.992982
0.12642
0.348254
16
0.00754209
0.0615906
0.0260163
0.104688
18
0.983913
0.124665
0.185897
59
0.00278881
0.0198104
0.0140309
0.0966929
62
0.935701
0.048581
0.08266
58
0.00187119
0.043978
0.0157112
0.203156
34
0.902373
0.123968
0.461969
72
0.00712172
0.038542
0.0176237
0.361044
84
0.945546
0.181042
0.399111
34
0.00834136
0.0415793
0.0430727
0.0151932
72
0.90064
0.0752799
0.203125
30
0.00202902
0.0700626
0.0460214
0.211017
93
0.998981
0.0946643
0.209118
2
0.00716552
0.0943065
0.0406697
0.35105
84
0.911676
0.0334147
0.487423
82
0.00876015
0.069595
0.0344119
0.201798
68
0.975696
0.0512458
0.304448
81
0.00825858
0.0591164
0.0451722
0.377049
51
0.94014
0.0209765
0.469456
89
0.00156026
0.0233151
0.0469356
0.311029
89
0.95397
0.103192
0.305156
50
0.00319528
0.0521267
0.0472494
0.369199
15
0.979759
0.0824606
0.450658
86
0.00337827
0.0264127
0.0409919
0.069917
74
0.982785
0.0927001
0.367067
94
0.00879775
0.0911544
0.042984
0.269365
11
0.937891
0.0566815
0.246847
58
0.00537709
0.0585026
0.0232244
0.0435446
52
0.954648
0.180427
0.293977
2
0.00595985
0.00868472
0.0436266
0.227492
51
0.950453
0.146512
0.227364
40
0.00184505
0.0136845
0.0443111
0.000921321
40
0.912316
0.168576
0.0508976
68
0.00744902
0.0871332
0.0202165
0.098452
19
0.912933
0.00235737
0.413627
12
0.00528299
0.0711096
0.0373413
0.0787259
36
0.923466
0.188574
0.365667
97
0.00806045
0.0397526
0.0175937
0.372109
35
0.930571
0.115212
0.302551
38
0.00764914
0.0226995
0.0431395
0.0679205
23
0.935309
0.177121
0.199218
49
0.00925496
0.0136625
0.0378521
0.327137
48
0.977137
0.17477
0.295333
67
0.00802213
0.0156319
0.0196429
0.0563137
82
0.979362
0.10662
0.0154596
48
0.00427309
0.0864891
0.0321559
0.397032
67
0.959287
0.0288879
0.254535
74
0.00767853
0.0676679
0.0261077
0.065384
13
0.923913
0.103603
0.418466
32
0.00226136
0.0395391
0.0117487
0.0395199
73
0.918301
0.0617581
0.0167726
61
0.00362628
0.0448181
0.0355732
0.158625
66
0.935638
0.151462
0.496045
78
0.00927375
0.0423373
0.0158751
0.286224
98
0.909553
0.0168673
0.438747
28
0.00170809
0.0312904
0.0384212
0.405858
26
0.911096
0.122801
0.38689
73
0.000632257
0.072726
0.0161816
0.395377
69
0.955051
0.0841171
0.497238
31
0.00920746
0.0177412
0.043328
0.150022
2
0.971601
0.0444378
0.141889
24
0.00570722
0.0830436
0.034934
0.236289
65
0.963305
0.190858
0.0471149
93
0.00923415
0.0348616
0.0407318
0.108351
76
0.932503
0.143346
0.0705371
29
0.00468556
0.0259391
0.0418252
0.0109451
88
0.99855
0.108613
0.0312485
43
0.00722778
0.0354402
0.0468063
0.0727211
65
0.987001
0.192482
0.0343385
18
0.00682603
0.0104267
0.0457353
0.246618
15
0.989262
0.19352
0.147128
8
0.00791743
0.0892116
0.0259596
0.420522
97
0.947796
0.0405903
0.483666
56
0.00400598
0.0497288
0.027359
0.250829
76
0.955014
0.100565
0.000863724
5
0.00371806
0.00627508
0.0351374
0.142469
83
0.934465
0.128183
0.335447
78
0.00378489
0.0511209
0.0435077
0.11284
70
0.951989
0.167998
0.451405
53
0.00103162
0.0130071
0.0214081
0.30764
40
0.981447
0.157986
0.23907
46
0.00399751
0.0121416
0.0113143
0.433363
41
0.970693
0.110518
0.473474
79
0.00887557
0.0277122
0.0413016
0.336326
90
0.992846
0.0997655
0.11243
45
0.00588955
0.0705208
0.0238734
0.481126
99
0.910244
0.0329943
0.370005
69
0.00695141
0.0879099
0.0120622
0.239746
79
0.936747
0.0320354
0.458632
42
0.000978596
0.0996425
0.0438539
0.37416
80
0.966975
0.00415908
0.146893
57
0.00853307
0.0302189
0.0268907
0.0251593
18
0.960231
0.0938116
0.14435
18
0.00234335
0.0743158
0.0267657
0.435932
52
0.956263
0.103884
0.271525
68
0.00196196
0.0889393
0.0211299
0.489746
24
0.917819
0.147049
0.373371
64
0.00344048
0.0220799
0.0159877
0.322768
94
0.906946
0.112879
0.472884
57
0.00819508
0.0936752
0.023505
0.148315
13
0.980578
0.0737397
0.33784
34
0.00938645
0.00265889
0.0380421
0.20734
99
0.947081
0.107146
0.195807
64
0.000664219
0.0979667
0.0434304
0.288781
35
0.934433
0.0581685
0.0576702
30
0.00143513
0.0845868
0.0456616
0.478516
96
0.952255
0.0703461
0.38294
94
0.00936182
0.0575632
0.0129768
0.381697
71
0.923615
0.040958
0.0955188
17
0.000366675
0.0998192
0.0482022
0.469404
1
0.989835
0.189983
0.188138
42
0.00109161
0.0928975
0.0291721
0.0209813
14
0.984617
0.17233
0.464216
8
0.00448655
0.0853817
0.0467757
0.0970462
71
0.965291
0.107395
0.0690886
82
0.00966991
0.0823124
0.0191494
0.293897
47
0.950977
0.153253
0.283775
24
0.00482419
0.0201164
0.0475299
0.25666
64
0.978582
0.031308
0.217587
62
0.00764295
0.0080216
0.016412
0.00738323
75
0.998746
0.0873376
0.170973
23
0.000938398
0.0204093
0.0357786
0.402697
11
0.957158
0.0633591
0.474989
68
0.00389671
0.0506476
0.0305379
0.418735
38
0.995474
0.131588
0.114088
76
0.00976335
0.0664543
0.0362509
0.41623
83
0.964544
0.144732
0.0540585
80
0.000929721
0.0571446
0.045892
0.432048
74
0.974458
0.0525199
0.460869
89
0.000958611
0.0655675
0.0249991
0.212085
36
0.946284
0.149747
0.0352065
79
0.00411084
0.0968255
0.0447987
0.265409
11
0.987664
0.00708785
0.038387
29
0.00516663
0.0651468
0.0389918
0.313844
98
0.914363
0.0596121
0.447443
6
0.00472891
0.0693182
0.0485599
0.154601
92
0.976645
0.079687
0.282673
20
0.00801762
0.0286603
0.0202641
0.0405149
93
0.906755
0.124369
0.221271
54
0.0041875
0.0545165
0.0164964
0.396854
100
0.902612
0.0339336
0.0548288
68
0.00905854
0.0308032
0.0377409
0.37016
34
0.957652
0.188215
0.494522
28
0.00252518
0.0243791
0.044388
0.487829
63
0.997166
0.198177
0.429179
52
0.000391605
0.0133976
0.0246575
0.300452
2
0.900837
0.0623833
0.189819
7
0.00788738
0.075417
0.0276863
0.383219
84
0.988831
0.195736
0.238636
62
0.00501722
0.0536091
0.0278573
0.135651
82
0.924393
0.16287
0.398043
42
0.00406326
0.00831831
0.0487786
0.208456
77
0.963601
0.18061
0.0284851
99
0.00321563
0.0861327
0.0252868
0.388178
85
0.964159
0.0373337
0.279964
56
0.00451897
0.0492968
0.0210507
0.309344
27
0.923074
0.156587
0.0966844
91
0.000992403
0.0745386
0.0496144
0.0181183
29
0.929938
0.0950171
0.216446
45
0.00499187
0.0373519
0.0138461
0.153691
8
0.941327
0.0903722
0.103685
53
0.00464842
0.0313927
0.0325018
0.49402
91
0.913749
0.162464
0.354898
37
0.00465828
0.0187125
0.0146558
0.317213
54
0.96508
0.00815835
0.333061
8
0.00863316
0.0216492
0.0329235
0.335604
28
0.971763
0.0717675
0.290268
61
0.0070631
0.0899267
0.0366936
0.477708
25
0.90344
0.116209
0.121448
8
0.00346388
0.0934854
0.0160131
0.474258
80
0.989346
0.123496
0.34118
76
0.000566531
0.0769684
0.0114304
0.0623415
79
0.906711
0.112017
0.317908
40
0.0090088
0.0452559
0.0158351
0.0576421
54
0.941154
0.0931
0.196213
46
0.0029584
0.0097502
0.0119486
0.126619
23
0.907543
0.158574
0.0328997
85
0.000339373
0.00245512
0.0310953
0.330521
67
0.904454
0.175824
0.105278
66
0.00747455
0.0612651
0.0457657
0.461223
70
0.930841
0.166432
0.394324
13
0.00760583
0.0977729
0.0118664
0.323783
75
0.906504
0.160582
0.186546
71
0.00294481
0.0581858
0.0228928
0.359037
55
0.901719
0.0692956
0.229304
21
0.000650209
0.0776933
0.0236653
0.195275
57
0.944248
0.0745518
0.0269366
58
0.00885319
0.0682725
0.0241109
0.44194
5
0.967655
0.0961462
0.187652
15
0.00265315
0.0419027
0.0495205
0.426069
30
0.967285
0.0767898
0.457705
19
0.00575081
0.079961
0.0209436
0.242763
22
0.919838
0.0113339
0.286204
52
0.00713336
0.0579166
0.0248451
0.363351
4
0.970144
0.120612
0.357064
56
0.00847805
0.0110941
0.0245391
0.271257
24
0.911744
0.134134
0.419232
89
0.00272715
0.0644223
0.0444393
0.245267
98
0.964899
0.102072
0.0641425
31
0.00717939
0.0163426
0.0491545
0.0521685
32
0.976342
0.0614891
0.15731
88
0.00212537
0.0178471
0.0100529
0.133561
17
0.958946
0.138301
0.340404
15
0.00892251
0.077513
0.0271482
0.183487
63
0.928295
0.117365
0.108278
99
0.00223712
0.0510446
0.044946
0.387672
32
0.988988
0.158859
0.0833458
83
0.00910401
0.0278685
0.017857
0.00570057
97
0.97217
0.0130723
0.154169
51
0.00645981
0.0213777
0.0360394
0.161336
76
0.909083
0.125205
0.301841
96
0.00959835
0.0435667
0.0339217
0.357978
81
0.942179
0.0813008
0.336177
6
0.00261937
0.0142708
0.0486589
0.0498561
67
0.920039
0.00283534
0.0656556
27
0.00184229
0.0234691
0.0395107
0.349618
59
0.900121
0.107823
0.0198795
19
0.00219928
0.0345789
0.0432358
0.409335
84
0.933985
0.181931
0.110963
75
0.00859512
0.0707943
0.0258824
0.131667
33
0.964701
0.121461
0.359925
57
0.00071955
0.0904463
0.0420039
0.292591
58
0.967887
0.181582
0.417869
90
0.000839142
0.0815275
0.0348592
0.144734
7
0.954327
0.189615
0.297808
70
0.00640652
0.0986076
0.0107228
0.248188
54
0.909416
0.105239
0.412498
10
0.00686612
0.0589465
0.0185193
0.223341
62
0.973057
0.0247115
0.24036
32
0.00583476
0.083463
0.047775
0.0423557
61
0.925137
0.169779
0.347206
93
0.000476791
0.0526986
0.0235944
0.243263
79
0.952791
0.00542086
0.00319
83
0.00394344
0.00878919
0.0400001
0.0354757
91
0.958176
0.174191
0.0624109
43
0.00917539
0.0227898
0.0461586
0.266547
27
0.949765
0.0657149
0.0203886
4
0.00438105
0.0391839
0.0310062
0.297087
50
0.987776
0.0863904
0.267792
69
0.00620887
0.040799
0.0205846
0.411572
5
0.921892
0.0256987
0.256837
2
0.00999524
0.03638
0.040327
0.022248
31
0.916129
0.176122
0.435976
94
0.00567851
0.0507763
0.0387053
0.182068
22
0.952298
0.0953351
0.210879
36
0.00205934
0.0905939
0.0105241
0.233161
37
0.905743
0.159164
0.205635
65
0.00894773
0.00670464
0.0192345
0.417396
21
0.979471
0.063675
0.139004
21
0.00122904
0.0361674
0.0139904
0.267062
4
0.927678
0.111528
0.0727008
90
0.00814717
0.0416219
0.0422294
0.120199
19
0.946019
0.0925009
0.223831
21
0.00195646
0.0880149
0.0265085
0.00957738
9
0.98692
0.0520479
0.235155
92
0.00158666
0.0619946
0.0190852
0.230855
52
0.960086
0.178587
0.444049
12
0.000897438
0.0736643
0.0481463
0.136793
1
0.921529
0.0856992
0.445482
81
0.00722802
0.0502483
0.0331748
0.0170242
31
0.968997
0.199804
0.0917676
69
0.000404043
0.0941722
0.0184046
0.232378
31
0.903745
0.0764874
0.374138
3
0.00086068
0.00529539
0.0326834
0.324832
10
0.924913
0.171637
0.0674311
58
0.0043547
0.0402067
0.0234155
0.254493
72
0.931764
0.0610252
0.313494
90
0.002602
0.0144874
0.0226907
0.345645
38
0.92609
0.0605881
0.219521
52
0.00347978
0.00378236
0.0297691
0.36892
66
0.978647
0.0919516
0.0336978
17
0.00839939
0.060677
0.0270739
0.218972
46
0.948396
0.0778247
0.171423
99
0.00629077
0.0412856
0.0122852
0.0132719
53
0.970967
0.0542219
0.380781
22
0.00693473
0.044692
0.0225039
0.198964
6
0.925813
0.157225
0.184916
62
0.00610363
0.0945317
0.0177339
0.0213124
9
0.961281
0.0665969
0.0149532
17
0.00931354
0.0215811
0.0422438
0.475315
94
0.945154
0.0914284
0.434558
74
0.0037374
0.0940154
0.010626
0.117377
55
0.920873
0.148408
0.250864
93
0.00492405
0.0714386
0.0276222
0.0120298
3
0.939016
0.110287
0.442497
41
0.00162106
0.0924964
0.0427062
0.0362773
91
0.996078
0.0155391
0.231202
96
0.00829411
0.0195167
0.0461737
0.457168
4
0.978181
0.0121337
0.484922
8
0.000521187
0.0672447
0.0295301
0.0909674
61
0.917569
0.190073
0.424618
61
0.00106173
0.0870557
0.0445549
0.210895
70
0.986694
0.15091
0.106648
86
0.00568627
0.0253495
0.0388539
0.47612
29
0.962578
0.0817114
0.478353
14
0.00174283
0.0844313
0.0128982
0.414791
85
0.973716
0.0498908
0.0212603
9
0.00756399
0.0173213
0.0242179
0.044076
16
0.936074
0.0792681
0.116855
56
0.00236647
0.0828789
0.0359126
0.449185
74
0.991704
0.144399
0.0770853
49
0.00432715
0.00963686
0.0334638
0.312234
68
0.99527
0.129701
0.412003
36
0.00562531
0.0627486
0.0302037
0.0379375
30
0.912737
0.0105066
0.173646
15
0.00689579
0.0115815
0.0299574
0.0285533
45
0.997532
0.182263
0.124482
95
0.00167199
0.0478315
0.0190012
0.205128
87
0.984298
0.0621559
0.370729
98
0.00392683
0.0219464
0.0283666
0.347269
82
0.934668
0.165997
0.102148
84
0.00529914
0.0787061
0.0355138
0.102851
35
0.989596
0.114649
0.111826
87
0.00623646
0.0896283
0.0177962
0.149233
21
0.910345
0.186084
0.44144
83
0.00821978
0.00440627
0.0172367
0.298425
58
0.96936
0.133635
0.0760485
35
0.00633386
0.0100262
0.0462987
0.178555
96
0.914117
0.0888977
0.0689292
91
0.00635301
0.00114268
0.0121682
0.151514
27
0.990378
0.139179
0.372152
78
0.0072849
0.0596515
0.0115785
0.00189013
45
0.968821
0.0590298
0.00169961
85
0.00684302
0.0326813
0.0137139
0.320192
36
0.938897
0.17983
0.287708
25
0.000446523
0.0972148
0.0349844
0.00242455
97
0.947628
0.164681
0.0769407
67
0.00107288
0.0359058
0.0478446
0.14004
97
0.980373
0.0868149
0.393025
10
0.00559626
0.0474513
0.0134396
0.247308
82
0.957378
0.075025
0.0667944
34
0.00490092
0.0692112
0.0243766
0.220963
52
0.901981
0.134659
0.139997
92
0.00624896
0.0576952
0.0338695
0.16769
58
0.974749
0.127938
0.425593
76
0.00982308
0.0401562
0.0315383
0.483522
89
0.94667
0.00586775
0.130532
25
0.00164708
0.0380578
0.0222316
0.404885
66
0.928651
0.0706745
0.0244981
45
0.00352453
0.0323887
0.0381861
0.179555
11
0.90877
0.049532
0.408246
75
0.00709585
0.0516446
0.0464792
0.47363
82
0.990751
0.196448
0.439513
71
0.00855634
0.0247503
0.0147243
0.113428
15
0.919355
0.183218
0.118737
27
0.000241206
0.037572
0.0213261
0.202306
61
0.965872
0.0366848
0.127086
38
0.00657287
0.095515
0.028779
0.00689497
44
0.995776
0.198496
0.268218
69
0.00554061
0.0681196
0.0375201
0.495553
58
0.97275
0.0788394
0.421615
4
0.00642448
0.0772042
0.0409309
0.173302
34
0.94388
0.109388
0.328396
60
0.0028023
0.00206515
0.0493701
0.241713
37
0.997833
0.0988972
0.476944
33
0.00920834
0.0642862
0.0383604
0.261611
42
0.924136
0.135765
0.278587
60
0.00256738
0.0151079
0.0323667
0.0418041
95
0.915307
0.128775
0.396664
47
0.00153966
0.0726367
0.0277658
0.401069
60
0.942636
0.0115158
0.0510964
44
0.00904196
0.0442317
0.0220419
0.192378
58
0.908138
0.012426
0.20754
47
0.00474735
0.00724333
0.0224742
0.00824253
39
0.901018
0.0214994
0.420088
97
0.00938048
0.0768065
0.0198513
0.100963
14
0.933108
0.0831228
0.384023
45
0.00794622
0.00359233
0.0343043
0.394077
92
0.961802
0.0308248
0.251759
77
0.00975
0.0500206
0.0292533
0.454099
87
0.907474
0.0255433
0.179403
35
0.00494802
0.0496423
0.0205351
0.468515
45
0.973876
0.193137
0.310865
4
0.00743459
0.0916481
0.0197036
0.024596
99
0.954684
0.194489
0.366684
11
0.00652462
0.0552461
0.0424373
0.422135
76
0.917896
0.0474056
0.342674
74
0.00541533
0.0183888
0.0123825
0.187618
67
0.957469
0.0883196
0.498317
65
0.0060683
0.047962
0.039067
0.328395
44
0.953202
0.0996116
0.248472
51
0.00148214
0.0556141
0.0257346
0.373816
66
0.998403
0.183999
0.0117653
73
0.00725444
0.0329259
0.0148356
0.19339
37
0.92884
0.0935997
0.325629
35
0.000608984
0.0170597
0.0303302
0.225132
28
0.958753
0.029334
0.405043
3
0.00669114
0.0947963
0.0132802
0.391727
50
0.994058
0.148087
0.390171
88
0.00333453
0.0472056
0.0335408
0.0531544
69
0.981056
0.0455629
0.362881
60
0.00590682
0.0538356
0.0169588
0.0718364
50
0.95696
0.0250142
0.00960299
38
0.00865961
0.0778513
0.0470106
0.497147
70
0.969816
0.132199
0.48891
43
0.00965011
0.0290216
0.028306
0.194432
25
0.933389
0.0219262
0.491771
11
0.00616941
0.0528958
0.0223999
0.40334
60
