0.923553
0.041149
0.380015
77
0.00570919
0.0794741
0.00818962
98
0.26952
0.0603811
0.00600463
0.762093
0.0755292
0.0516849
42
0.00327578
0.0459455
0.216292
10
0.799077
0.223459
0.000793123
0.792733
0.0188876
0.468237
58
0.00644629
0.0341867
0.235443
71
1.67064
0.49738
0.00915884
0.857263
0.0277366
0.140482
39
0.00315592
0.0497579
0.17243
75
2.02278
0.0115088
0.00140355
0.760008
0.0365948
0.452653
42
0.0054672
0.0139636
0.347673
18
2.66965
0.666167
0.00595483
0.756239
0.0939872
0.0436781
85
0.00380476
0.0231253
0.0525628
23
2.98408
0.703275
0.00194613
0.769598
0.0167795
0.254951
89
0.00909889
0.0419261
0.243351
52
1.82579
0.422188
0.00824245
0.943945
0.0326433
0.222428
43
0.00144635
0.0256676
0.448724
20
2.17194
0.00554523
0.00846239
0.778775
0.0235324
0.189469
26
0.00819162
0.0935149
0.122805
25
0.549549
0.451556
0.00688374
0.920325
0.0795528
0.470783
100
0.00846399
0.0171595
0.170801
60
1.2515
0.693773
0.0074356
0.762787
0.0858345
0.165183
73
0.00131471
0.0492942
0.364258
38
1.76838
0.735981
0.000721984
0.994324
0.0860707
0.466369
97
0.000999027
0.0354718
0.0591093
79
0.988274
0.398201
0.00409892
0.896568
0.0995182
0.20241
58
0.00916252
0.0455267
0.15666
64
0.410364
0.577719
0.00491914
0.831343
0.0872491
0.160593
18
0.0091147
0.043296
0.199845
54
1.59488
0.262284
0.0087919
0.900418
0.0428106
0.0416904
22
0.00713333
0.0133743
0.442471
63
0.733589
0.472002
0.0026117
0.769021
0.0441398
0.246873
32
0.00562232
0.0712107
0.117888
32
0.694395
0.0801089
0.00573865
0.998101
0.0852633
0.207508
84
0.00232748
0.0652133
0.262241
90
0.704082
0.799596
0.00375473
0.937911
0.0899249
0.0106247
99
0.00638262
0.0849816
0.369655
47
2.21138
0.0146449
0.00542835
0.942244
0.0813435
0.199781
16
0.00614716
0.0759509
0.183608
11
3.93088
0.104506
0.00605701
0.787308
0.0255657
0.399395
62
0.0023392
0.0551432
0.376317
31
3.1403
0.679696
0.000192861
0.904085
0.0175315
0.483021
81
0.0086191
0.0201918
0.441139
40
0.335987
0.418528
0.00506773
0.908102
0.0971857
0.493742
63
0.00340257
0.0262447
0.202613
39
2.81928
0.0814135
0.0050647
0.927707
0.0951121
0.338897
61
0.00842443
0.0491348
0.116874
53
3.32053
0.790375
0.00938997
0.956089
0.0752962
0.355084
70
0.00677954
0.068526
0.197393
43
2.60291
0.647921
0.00721083
0.800676
0.0783344
0.365519
7
0.00128049
0.0328185
0.42541
4
1.01754
0.0675339
0.00199573
0.806256
0.0718831
0.0697241
84
0.00402765
0.0411316
0.0790548
80
2.2486
0.667819
0.00687484
0.868553
0.014487
0.215408
60
0.00394482
0.0843354
0.350179
49
2.09019
0.771865
0.00808516
0.71795
0.0575823
0.0821009
38
0.00353861
0.080239
0.154347
81
3.47707
0.779176
0.000828463
0.998751
0.0122936
0.416663
81
0.00603437
0.020044
0.417846
95
0.376239
0.494423
0.00812207
0.727905
0.0532425
0.392455
44
0.00999277
0.0598413
0.125031
89
0.530345
0.383458
0.00637221
0.884758
0.0567588
0.354183
76
0.00946977
0.0859331
0.131804
14
3.18279
0.588456
0.00546306
0.927993
0.0444499
0.304723
60
0.00205888
0.0855635
0.424296
93
0.520396
0.552272
0.00441022
0.711876
0.0305872
0.439175
82
0.00370305
0.0936322
0.329014
97
1.16342
0.593824
0.00712786
0.971277
0.0649233
0.325414
37
0.00613058
0.0242191
0.3529
79
0.330527
0.304915
0.00470527
0.795479
0.0608886
0.433397
95
0.0049224
0.0385415
0.0234176
69
2.2896
0.558338
0.00567839
0.841838
0.0552442
0.395411
28
0.00870109
0.0966374
0.187226
20
3.51431
0.467784
0.00334342
0.744147
0.0595476
0.361381
23
0.00953636
0.0362547
0.3963
99
3.66647
0.218227
0.00645214
0.858476
0.0664971
0.204576
85
0.00411188
0.0676243
0.341265
25
3.84475
0.204394
0.00405996
0.791172
0.0754089
0.135073
66
0.00983442
0.0271835
0.139844
37
1.81356
0.187063
0.000112582
0.814313
0.0713298
0.0718308
46
0.00785399
0.030398
0.044045
29
3.99937
0.630865
0.00356624
0.786362
0.0476187
0.179259
6
0.0027124
0.073151
0.493479
79
1.26577
0.109436
0.00170741
0.845509
0.0623962
0.281496
41
0.00168423
0.0626941
0.473317
70
3.27997
0.129775
0.00247538
0.811946
0.0584509
0.499574
2
0.00851326
0.0527865
0.0908996
10
1.17322
0.255363
0.000480229
0.965003
0.0473018
0.357322
45
0.00195912
0.0222615
0.0109201
45
1.45132
0.634437
0.0061196
0.962498
0.0508543
0.420917
55
0.00994477
0.0917781
0.191687
27
1.02725
0.35977
7.82319e-05
0.993545
0.0871659
0.0703516
6
0.00582646
0.0537659
0.494925
67
1.63905
0.680406
0.00942911
0.750024
0.0773153
0.121643
72
0.00690818
0.0776168
0.267713
71
1.86932
0.686767
0.00215465
0.961804
0.0372544
0.147597
40
0.00277717
0.0592457
0.423781
19
1.46773
0.361889
0.0046367
0.93571
0.0777728
0.496407
7
0.00246875
0.0401688
0.372436
17
3.47484
0.35323
0.00516479
0.96836
0.059947
0.293269
83
0.00330342
0.055464
0.0479772
78
0.193746
0.757738
0.0075233
0.763882
0.0489399
0.0554413
94
0.00457096
0.0985472
0.30774
43
0.666809
0.252246
0.00227491
0.847683
0.0816
0.47992
42
0.00124633
0.046678
0.319218
51
0.23627
0.717728
0.00957876
0.883417
0.0148917
0.288895
48
0.00604706
0.0673137
0.146107
21
0.735921
0.0866454
0.00293005
0.966066
0.0449048
0.0315895
57
0.00313647
0.0509912
0.397639
89
3.49908
0.24637
0.00175865
0.808411
0.0583436
0.343553
14
0.00711325
0.0979984
0.482696
86
2.2182
0.575134
0.00696023
0.726286
0.0375574
0.16438
50
0.00673091
0.0847448
0.0263467
76
1.40926
0.116911
0.0043759
0.785343
0.0988802
0.0362713
9
0.000454863
0.0761429
0.0010489
70
0.49771
0.127175
0.00775424
0.952496
0.0382943
0.078523
65
0.00146895
0.0831154
0.342103
3
3.86838
0.550445
0.00520197
0.967789
0.0781761
0.217956
80
0.00946023
0.0666705
0.0147297
58
0.942578
0.100622
0.00467552
0.7192
0.098233
0.318942
25
0.000911188
0.0808881
0.371912
66
1.90325
0.0924011
0.00604195
0.96306
0.0743118
0.0458778
100
0.00153762
0.0457827
0.432374
28
0.625294
0.163502
0.0018332
0.860381
0.0378408
0.0837392
58
0.00895712
0.0537024
0.297117
65
3.59775
0.610035
0.00922603
0.983974
0.0463873
0.136805
75
0.00401999
0.0674233
0.301932
59
2.0485
0.319568
0.00958458
0.764853
0.0884208
0.365232
83
0.00434029
0.0399336
0.272733
26
1.37237
0.673083
0.00794044
0.835663
0.0840115
0.04429
2
0.00536354
0.0614967
0.16004
45
0.808685
0.150008
0.00427615
0.794156
0.0885337
0.0777358
70
0.00790982
0.0886434
0.380565
31
3.8252
0.792271
0.00554781
0.879593
0.0465814
0.267575
16
0.000169716
0.0372029
0.414755
12
0.593808
0.365315
0.00173664
0.857429
0.021235
0.229554
99
0.00495534
0.0150111
0.498525
45
3.85931
0.30346
0.00965679
0.700271
0.0572211
0.235135
57
0.00242722
0.0585061
0.232691
47
3.67652
0.237916
0.00868957
0.944343
0.0240918
0.359702
12
0.00305332
0.0473084
0.0805824
65
2.24601
0.484959
0.00290624
0.704725
0.097577
0.2605
48
0.00299366
0.0928089
0.0737972
6
0.66032
0.0299116
0.00364953
0.982091
0.0118625
0.0249567
42
0.00417759
0.0335805
0.227974
27
1.13459
0.283114
0.00952554
0.802245
0.0665284
0.157167
16
0.00382645
0.0899635
0.485155
38
1.576
0.546509
0.00447816
0.704119
0.0589261
0.263068
80
0.00166237
0.0489191
0.121493
65
1.21438
0.331364
0.00963516
0.950921
0.0369181
0.234316
7
0.00514053
0.0162836
0.348582
61
2.05903
0.132175
0.00590577
0.709393
0.0226331
0.0851453
58
0.00129034
0.0824381
0.198515
54
2.10433
0.139245
0.00499597
0.766166
0.0470312
0.286579
7
0.00620907
0.0826386
0.118891
34
2.31626
0.22193
0.00909403
0.971697
0.0920907
0.30634
50
0.00229372
0.0941556
0.134345
34
3.36414
0.708531
0.00710056
0.988374
0.0393399
0.179882
86
0.00548636
0.0446639
0.129498
62
3.01526
0.410031
0.000168939
0.960145
0.0268325
0.284607
90
0.00758299
0.0268015
0.050674
41
0.382363
0.112699
0.00459411
0.742388
0.054978
0.113928
35
0.00441748
0.0176455
0.484947
7
1.34223
0.670292
0.00481036
0.745443
0.0676104
0.186109
5
0.00877119
0.0436416
0.0608737
7
3.15333
0.571698
0.00135447
0.819347
0.0129889
0.0672019
36
0.00772042
0.0530055
0.256153
78
1.39409
0.0910161
0.00422818
0.835857
0.090757
0.335827
69
0.00904609
0.0976695
0.155202
24
1.55199
0.671642
0.00660788
0.746701
0.0912548
0.467736
40
0.0023828
0.0733526
0.277717
82
2.69927
0.721846
0.00197391
0.891168
0.0468457
0.124321
6
0.00504119
0.0512983
0.24117
13
2.96088
0.202484
0.00972602
0.805662
0.0327734
0.43885
4
0.005987
0.0837399
0.179039
84
2.34801
0.698455
0.00967722
0.789714
0.0901702
0.371193
69
0.0072646
0.0254047
0.232232
55
3.91887
0.0264196
0.00818953
0.848313
0.0640123
0.0479838
88
0.0053159
0.0360698
0.096753
7
2.83793
0.633264
0.00526677
0.777891
0.0869655
0.176586
86
0.00552402
0.0244169
0.313197
45
2.68778
0.706715
0.00471168
0.839341
0.0887056
0.203069
81
0.000504271
0.0339041
0.114678
23
1.97297
0.525459
0.00451477
0.81657
0.04054
0.483156
19
0.00556796
0.0595478
0.444926
22
2.86487
0.696041
0.00588648
0.894467
0.0291255
0.197763
46
0.00457928
0.0833139
0.0304135
94
2.32348
0.533025
0.00403065
0.82669
0.0391317
0.274486
58
0.00112456
0.0773488
0.339545
66
0.313604
0.730756
0.00417648
0.842732
0.0300655
0.0650833
10
0.0084122
0.0772211
0.069257
34
3.56663
0.0208603
0.00398759
0.985288
0.0877306
0.473857
33
0.00833665
0.0478041
0.216835
43
2.49568
0.152583
0.000521507
0.879353
0.028829
0.288067
31
0.000352091
0.0668878
0.229613
82
3.161
0.723553
0.00817536
0.9737
0.0537038
0.142944
74
0.00207457
0.0179585
0.0130743
57
3.83666
0.173851
0.00443436
0.853807
0.0382408
0.22304
32
0.0036763
0.0298657
0.0893797
72
2.37417
0.76087
0.00656517
0.810582
0.0619343
0.443889
15
0.00214801
0.0288672
0.384526
33
2.87546
0.137884
0.00109701
0.740939
0.0556136
0.414818
47
0.00358856
0.0430162
0.16912
25
2.20257
0.146266
0.00586636
0.803868
0.0361871
0.402105
64
0.00511917
0.0956636
0.221496
39
0.295115
0.796431
0.00137828
0.795995
0.0191114
0.319596
96
0.00465555
0.03963
0.133446
14
3.29305
0.107816
0.00653666
0.978118
0.0965266
0.0225892
48
0.00579383
0.0103643
0.15729
46
3.0291
0.294406
0.00871863
0.829171
0.0698221
0.18228
9
0.00525575
0.0482262
0.266674
85
2.73752
0.0728573
0.00834596
0.989238
0.0278274
0.00351705
74
0.00802343
0.0540722
0.389754
87
1.50033
0.380907
0.0027809
0.765734
0.0942814
0.107864
88
0.00138716
0.0893249
0.273887
2
1.28543
0.313014
0.00407457
0.849768
0.0918927
0.378978
72
0.00958287
0.0324541
0.308768
23
1.18707
0.456009
0.000993125
0.964141
0.0244446
0.0536299
28
0.0086586
0.0232648
0.0155392
27
3.94988
0.297186
0.00797567
0.990703
0.0380747
0.205625
74
0.00377893
0.0382559
0.322681
4
3.41133
0.580641
0.00269633
0.814987
0.09418
0.181092
62
0.00731328
0.012106
0.238655
46
0.919563
0.0365938
0.00256403
0.913294
0.083451
0.320601
45
0.00351542
0.0756144
0.428837
21
1.49071
0.181377
0.00319685
0.753487
0.014754
0.0325224
56
0.00267387
0.0561021
0.205478
41
2.63306
0.371133
0.00244142
0.881264
0.0807001
0.0247687
12
0.0052168
0.062057
0.401026
7
2.80269
0.427592
0.00151892
0.99391
0.0750291
0.17101
93
0.000423002
0.073871
0.495327
31
0.563257
0.683521
0.00782089
0.770442
0.0706434
0.277191
78
0.00108875
0.0318526
0.385331
25
1.44208
0.30234
0.00275252
0.782937
0.0315586
0.392052
99
0.00828695
0.0864413
0.161722
70
1.84353
0.490639
0.0047969
0.74572
0.0820247
0.498377
97
0.00659723
0.0589072
0.0759895
17
0.421499
0.591773
0.000938032
0.806603
0.0618348
0.159051
49
0.00837823
0.0302847
0.138437
59
1.37579
0.266977
0.000270602
0.873125
0.0673
0.445835
22
0.00397639
0.096002
0.0405035
60
3.72397
0.339355
0.00807178
0.839181
0.0702398
0.199066
84
0.00247909
0.0838844
0.406223
42
2.45096
0.507609
0.0026683
0.887565
0.0516823
0.265667
21
0.00117962
0.0635637
0.1631
63
1.07371
0.623091
0.00372816
0.931297
0.0304437
0.430708
15
0.00742199
0.0177536
0.499948
63
2.67741
0.084182
0.00430566
0.969344
0.0726616
0.298658
35
0.00500731
0.0142311
0.436501
9
0.646198
0.0223034
0.00475539
0.953856
0.0633195
0.434682
69
0.000263142
0.0280809
0.392629
32
1.83252
0.561629
0.00149246
0.735586
0.083733
0.301266
51
0.00595919
0.0377979
0.254479
77
2.28326
0.643669
0.00629116
0.957464
0.0615758
0.275568
47
0.00349506
0.0879965
0.176103
59
2.43774
0.65824
0.000452382
0.843886
0.0652349
0.238925
79
0.00743764
0.0801789
0.145546
90
3.96801
0.0463333
0.00425947
0.988186
0.041095
0.344478
27
0.000668163
0.0250891
0.309761
25
2.14389
0.663325
0.00861322
0.824274
0.0716491
0.117377
59
0.00506723
0.0904451
0.288027
33
3.81431
0.195735
0.00623715
0.892505
0.0970308
0.00899934
52
0.0075359
0.0812171
0.410694
28
2.92446
0.53652
0.00888424
0.917943
0.0669715
0.266532
52
0.00746223
0.0451339
0.374222
41
3.34498
0.412713
0.0016254
0.86506
0.0794077
0.302067
14
0.00788826
0.0862583
0.400001
50
2.19758
0.620697
0.000446063
0.925308
0.0501155
0.130684
49
0.00989173
0.0917149
0.439823
51
1.10631
0.154683
0.00571601
0.899137
0.0259626
0.0745889
76
0.00361377
0.0507957
0.0329345
65
2.46242
0.534258
0.00368388
0.928718
0.031952
0.374008
49
0.000639677
0.0387155
0.186114
36
3.87591
0.0273494
0.00357129
0.916728
0.0809075
0.363972
97
0.008099
0.0118742
0.338705
5
0.399014
0.336603
0.000598759
0.902044
0.0591666
0.131909
65
0.00891819
0.0413554
0.0997596
48
2.77284
0.0421247
0.00552663
0.791871
0.0156796
0.264318
8
0.00320425
0.0421338
0.0316227
38
1.27812
0.482261
0.00859991
0.88486
0.0396813
0.170617
20
0.00688409
0.067829
0.129901
44
2.76721
0.172493
0.00453227
0.895467
0.0671642
0.357241
1
0.00284137
0.0105439
0.0677731
1
0.675118
0.466294
0.00120328
0.838336
0.0351344
0.329838
60
0.00271742
0.0476332
0.492501
60
2.41873
0.474214
0.00892565
0.770894
0.0893586
0.0724904
27
0.00800479
0.020933
0.223759
21
3.23523
0.460203
0.000616327
0.906869
0.0172828
0.178097
73
0.00358151
0.0739696
0.14403
88
3.75488
0.202289
0.00625131
0.741631
0.086362
0.197448
2
0.00229972
0.0243709
0.401327
63
1.32603
0.704214
0.00433806
0.7605
0.023082
0.418284
22
0.00831339
0.0155137
0.222156
4
0.240833
0.356136
0.00347487
0.90813
0.084674
0.328809
52
0.0044769
0.0752692
0.395229
89
1.40334
0.755052
0.00668483
0.956859
0.0181704
0.00552354
42
0.00897826
0.0129969
0.0922028
35
0.348339
0.00729718
0.00665852
0.846663
0.0504548
0.417787
44
0.00520441
0.047997
0.299341
48
1.30818
0.113628
0.00830939
0.711037
0.0495056
0.368037
76
0.000678606
0.0982757
0.141036
52
1.7255
0.266018
0.0056187
0.720947
0.0222572
0.403339
100
0.00345113
0.0616905
0.142645
68
1.85979
0.199325
0.000265474
0.910292
0.0862379
0.49063
3
0.00522987
0.0964613
0.214355
64
2.59977
0.464138
0.00854603
0.841049
0.0682493
0.15399
83
0.00736543
0.0650179
0.454045
19
0.743792
0.664227
0.00684887
0.750494
0.0398481
0.340797
78
0.00799476
0.0310427
0.151304
2
3.34
0.608675
0.00295038
0.731377
0.0614143
0.0581683
2
0.00269136
0.0351898
0.159307
75
1.07775
0.161761
0.000344452
0.714584
0.0334822
0.441602
54
0.000104711
0.0750238
0.355455
93
3.69428
0.445885
0.00312728
0.739273
0.0124589
0.118874
33
0.0043098
0.0340291
0.266345
81
1.77208
0.0582058
0.00329289
0.846395
0.0881886
0.100164
59
0.00243666
0.0571739
0.207258
38
0.369646
0.0188256
0.00326
0.86481
0.0329348
0.0911533
35
0.000533431
0.0570771
0.0498506
85
1.04746
0.714381
0.000846476
0.989765
0.0946047
0.046063
34
0.000593708
0.089496
0.433626
91
2.71958
0.345675
0.000304968
0.890273
0.0623336
0.129176
89
0.00386202
0.0486132
0.355113
45
0.201867
0.783949
0.00307631
0.720223
0.0626589
0.258681
58
0.00289668
0.0186634
0.291289
86
2.68641
0.227823
0.003789
0.915826
0.0646473
0.485122
2
0.00157496
0.0394622
0.00606683
15
2.13475
0.215775
0.00416088
0.970859
0.0437801
0.0566287
88
0.00224009
0.0971723
0.263637
19
1.86313
0.619127
0.00223828
0.903916
0.0187593
0.497735
79
0.00783137
0.0158992
0.238109
10
3.71946
0.406551
0.00662574
0.825761
0.0923199
0.0619168
8
0.00597238
0.0552882
0.2521
72
3.33296
0.292168
0.00510522
0.785692
0.0601001
0.385496
11
0.00937434
0.0412363
0.311457
74
0.223524
0.213512
0.00968196
0.706542
0.0602844
0.136314
76
0.00609516
0.0224543
0.135051
52
2.6219
0.519904
0.00335438
0.937286
0.0550981
0.387969
71
0.00501572
0.0371392
0.32693
91
0.485289
0.143619
0.00768932
0.797112
0.069355
0.00470805
38
0.00970879
0.0485026
0.0162881
83
1.84969
0.33213
0.00841476
0.923904
0.0648537
0.40289
34
0.00981601
0.0777422
0.23121
67
0.951139
0.734461
0.00102543
0.703315
0.0848158
0.257494
83
0.00138636
0.0363107
0.249924
28
0.882364
0.403666
0.000238023
0.73192
0.073462
0.345872
67
0.00780996
0.0600991
0.192883
47
0.148814
0.564949
0.00745227
0.944609
0.055488
0.280745
99
0.00116402
0.0871491
0.0510838
20
1.1576
0.42366
0.000393098
0.954957
0.0958511
0.291909
20
0.0018147
0.0518996
0.252518
54
2.94871
0.78556
0.00724157
0.916146
0.0611719
0.394746
26
0.00834601
0.0190365
0.430177
77
3.03772
0.478802
0.00881736
0.74736
0.0113616
0.207769
50
0.00646814
0.0743078
0.379589
40
1.36711
0.53995
0.00218132
0.872591
0.0817819
0.460555
79
0.00738874
0.087926
0.0556829
33
3.07792
0.7456
0.00222607
0.878794
0.04993
0.353243
89
0.0026176
0.020555
0.0661704
82
3.79528
0.651245
0.00577591
0.822066
0.0963281
0.456897
63
0.00848859
0.0851766
0.0240801
56
3.68992
0.281218
0.00642587
0.807333
0.0935064
0.339484
12
0.00252493
0.037663
0.403202
18
3.48373
0.769527
0.00104957
0.713404
0.0687705
0.122201
36
0.00778919
0.0344114
0.374676
5
1.03586
0.435421
0.00755094
0.933194
0.0838707
0.447316
5
0.00152148
0.0821218
0.25666
87
2.41052
0.183798
0.000971226
0.869471
0.0225704
0.343135
30
0.0017993
0.0547704
0.362156
53
2.59455
0.646384
0.00385415
0.91861
0.071
0.0870843
18
0.00355151
0.0269892
0.368971
56
3.69984
0.289477
0.00280225
0.828134
0.0487449
0.270874
70
0.00821135
0.0249323
0.263437
15
3.44445
0.291756
0.00581791
0.733904
0.0388442
0.291034
37
0.00276061
0.0888716
0.0879119
48
2.32779
0.325195
0.0039401
0.705498
0.0596904
0.156345
21
0.00703663
0.0697195
0.469364
40
1.67957
0.225739
0.00472632
0.877441
0.0386648
0.00879848
95
0.00677004
0.0708383
0.056081
71
0.506729
0.570025
9.08556e-05
0.747949
0.0260615
0.334191
18
0.00167512
0.0499216
0.112317
96
2.04519
0.750164
0.00285271
0.912778
0.0164674
0.315113
20
0.00475598
0.0604237
0.409611
19
2.92925
0.0515651
0.00997635
0.964484
0.0607382
0.0308406
8
0.00311973
0.0798819
0.487156
36
0.629823
0.0562643
0.00913982
0.919274
0.0531995
0.42415
89
0.00569453
0.0514768
0.23987
83
3.24153
0.454694
1.21311e-05
0.837996
0.0789064
0.303313
95
0.00647711
0.0611284
0.24646
98
3.62121
0.171408
0.00118471
0.939331
0.0159645
0.0904655
23
0.00616783
0.0184413
0.10718
51
0.771297
0.395492
0.00810694
0.833232
0.0202902
0.422788
69
0.00978682
0.0462412
0.108541
34
2.99178
0.587388
0.00153778
0.863933
0.0720857
0.397938
98
0.00888576
0.0299879
0.10111
72
1.31859
0.34173
0.00634549
0.856323
0.0417761
0.175212
82
0.0056575
0.0790714
0.407354
88
0.512738
0.720909
0.00784983
0.861346
0.0523043
0.308735
11
0.00624123
0.0533397
0.242456
2
1.75189
0.333724
0.00392026
0.763022
0.02288
0.297807
71
0.00437571
0.0954768
0.471576
15
3.73105
0.743857
0.0043075
0.960907
0.0559827
0.294749
39
0.00542686
0.0866422
0.0652938
73
0.430811
0.77713
0.000742108
0.758444
0.0748068
0.130814
88
0.000765655
0.0875584
0.149222
77
1.82066
0.756746
0.00457052
0.848191
0.0721975
0.378161
23
0.00408862
0.0172649
0.193656
91
0.185645
0.0485546
0.00498092
0.931678
0.0459347
0.148383
55
0.00324646
0.050536
0.153388
39
2.90591
0.562893
0.0018728
0.924601
0.0451728
0.321552
88
0.00134967
0.0126173
0.422993
61
3.53597
0.415691
0.00822166
0.756905
0.0685187
0.16276
77
0.00835727
0.0828917
0.121965
50
1.60651
0.373672
0.00843996
0.702172
0.0180104
0.358446
28
0.00177893
0.0352657
0.391202
30
0.607522
0.284327
0.00903325
0.761588
0.033104
0.0153609
42
0.00701462
0.0433565
0.315167
65
1.24316
0.651627
0.00639187
0.871675
0.0457676
0.449374
27
0.00263661
0.0720599
0.305359
58
0.351281
0.7951
0.00906779
0.743347
0.0198562
0.227095
86
0.00191838
0.0723687
0.284861
15
1.88591
0.0990095
0.00523586
0.905706
0.0308124
0.313672
35
0.00567914
0.0922171
0.332122
84
1.47224
0.164666
0.00901744
0.886489
0.099051
0.155594
78
0.00124877
0.0599213
0.220025
83
3.02032
0.766922
0.000884136
0.860054
0.082535
0.212516
33
0.00934023
0.0631985
0.461415
62
2.19261
0.094862
0.00882247
0.788979
0.056203
0.269186
90
0.00084874
0.013778
0.0437293
73
0.216456
0.13663
0.00465872
0.941691
0.0353109
0.451205
82
0.00498071
0.070924
0.100567
98
3.97429
0.628415
0.00634024
0.95906
0.05642
0.252282
15
0.00572851
0.0943317
0.344082
79
1.93243
0.716633
0.00961462
0.817341
0.013512
0.348759
63
0.00109293
0.0130806
0.0122098
98
3.26546
0.311971
0.00168594
0.834528
0.0843771
0.139387
48
0.00241491
0.0447434
0.426793
14
2.46599
0.653011
0.00655864
0.88843
0.0171835
0.0927376
78
0.000805315
0.0273419
0.317544
80
1.2918
0.328068
0.00488401
0.80821
0.0575005
0.380911
17
0.00728488
0.0311501
0.300513
9
2.51344
0.641486
0.00863977
0.953248
0.0321864
0.396377
29
0.00431774
0.0346588
0.36324
48
2.88526
0.33537
0.000530718
0.978733
0.0193271
0.317129
53
0.000813386
0.0429186
0.111277
2
0.439892
0.64221
0.00302082
0.75525
0.0723083
0.285893
45
0.000782189
0.0912998
0.291824
55
3.52734
0.424681
0.00396185
0.882108
0.0345535
0.0895608
34
0.00776458
0.0737139
0.0742633
12
0.27479
0.340085
0.00181307
0.834986
0.024389
0.0296172
49
0.00637341
0.0970737
0.288822
73
1.60754
0.0391229
0.00568879
0.752105
0.0251017
0.0762481
34
0.00698195
0.0128478
0.364876
35
0.142809
0.505162
0.00618289
0.897957
0.047818
0.261984
90
0.00762025
0.0748608
0.235573
80
3.44133
0.0544367
0.0012316
0.81152
0.0108363
0.32659
22
0.0054032
0.0408051
0.408512
28
0.717891
0.675211
0.00790612
0.717353
0.0762326
0.174232
61
0.000942534
0.0260681
0.283089
56
2.3076
0.435915
0.00172528
0.710234
0.0769007
0.363029
28
0.00965951
0.0441031
0.0848739
87
0.536613
0.185971
0.00411674
0.871541
0.0747437
0.415545
76
0.00404322
0.0192014
0.214686
70
3.9282
0.624345
0.00823611
0.725038
0.0248961
0.149703
48
0.00974363
0.0897319
0.0462925
12
1.77851
0.419883
0.0043475
0.801484
0.0546941
0.383854
86
0.000622116
0.0389581
0.367709
66
3.63942
0.260581
0.00283913
0.897253
0.0980486
0.307462
90
0.00758685
0.0282025
0.167685
16
1.65901
0.0730819
0.00214411
0.946006
0.0496101
0.227676
46
0.00920118
0.0114864
0.453014
38
3.28714
0.63745
0.00670456
0.764255
0.020004
0.489046
31
0.00122713
0.0973449
0.299573
6
3.22327
0.615766
0.00735227
0.755863
0.0700801
0.296814
40
0.00469435
0.0221397
0.136403
23
3.30617
0.215063
0.00767774
0.976924
0.0764108
0.465041
37
0.00162608
0.0957028
0.0986112
90
3.57839
0.590425
0.00202155
0.911383
0.0427019
0.0957242
76
0.000299296
0.0189356
0.0545393
26
2.55024
0.485851
0.00253538
0.930076
0.0514223
0.00781319
85
0.00335083
0.0390008
0.352227
84
2.84975
0.718905
0.000180894
0.790318
0.0184793
0.480603
96
0.00853903
0.0711877
0.234221
94
1.56559
0.277752
0.00305276
0.73754
0.0355799
0.0276789
98
0.00510169
0.0519874
0.249168
4
1.80678
0.515115
0.00851359
0.98447
0.0742036
0.342184
39
0.00737012
0.0348662
0.184259
24
3.98893
0.691973
0.00257707
0.941517
0.0707548
0.0748624
75
0.00104658
0.0151452
0.158397
29
1.20987
0.78769
0.00584455
0.753123
0.0285531
0.0162606
17
0.000570857
0.0740999
0.418374
23
3.42488
0.0295983
0.00327661
0.934196
0.0910942
0.125933
13
0.00796805
0.0214321
0.25975
69
3.95915
0.114717
0.00533309
0.799277
0.0779721
0.18453
36
0.00923911
0.0797293
0.174742
92
2.23949
0.71248
0.0013221
0.767623
0.0435303
0.232157
57
0.00439307
0.0108262
0.394162
35
1.20106
0.0125977
0.00316775
0.938112
0.0183007
0.16099
32
0.00209639
0.0980647
0.056932
32
1.55494
0.210763
0.00179248
0.959734
0.0977364
0.14263
60
0.00810973
0.0314267
0.345157
75
1.18046
0.772981
0.00608307
0.802882
0.0274502
0.0390798
6
0.00955344
0.0699906
0.46727
89
3.39061
0.758864
0.00970986
0.898906
0.0519896
0.239827
12
0.00450794
0.0687568
0.180361
9
3.53856
0.168711
0.00448608
0.789263
0.0420685
0.22484
68
0.00770316
0.032876
0.00777048
52
1.58721
0.0705217
0.00096201
0.771294
0.0257021
0.204984
71
0.00992543
0.0623995
0.22864
11
1.70263
0.182812
0.00779108
0.943064
0.0809752
0.351994
95
0.00422637
0.0110552
0.0279803
42
0.687166
0.597972
0.00271417
0.724506
0.0927566
0.0029052
39
0.00936539
0.0449331
0.420374
5
2.78622
0.502144
0.00764431
0.820945
0.0818744
0.295555
35
0.00183686
0.0814023
0.191236
69
3.78732
0.558998
0.00930461
0.758776
0.0200901
0.38502
87
0.00878582
0.032553
0.258421
99
0.547121
0.295828
0.00141832
0.98272
0.0101342
0.0352325
22
0.00527775
0.0995946
0.0380186
80
1.00254
0.782175
0.00582451
0.725679
0.060953
0.248977
8
0.00337107
0.0203594
0.459987
78
0.407945
0.369076
0.00396794
0.945627
0.0784205
0.264762
84
0.000281248
0.0535495
0.302678
37
2.93662
0.566031
0.00485924
0.809683
0.0346737
0.360812
53
0.00628029
0.0289897
0.479866
37
2.88883
0.626339
0.00115819
0.718698
0.025152
0.0123527
67
0.00582067
0.02342
0.454555
47
2.54511
0.134655
0.000384773
0.715139
0.0132869
0.10225
72
0.00105689
0.0134811
0.0860301
57
2.6361
0.71144
0.00337417
0.922117
0.0581232
0.42752
91
0.00398155
0.0706485
0.412288
67
3.84645
0.522833
0.00829147
0.833537
0.0308961
0.211003
26
0.00346757
0.0398627
0.413966
87
3.75073
0.529699
0.00788383
0.722596
0.0462967
0.394132
40
0.00663226
0.0679829
0.178093
90
3.77306
0.0963994
0.00538323
0.736209
0.0275607
0.0214119
21
0.00187446
0.0102856
0.43769
53
1.62639
0.45943
0.00626858
0.800403
0.0217777
0.099283
37
0.0036261
0.0654264
0.0395194
78
3.37498
0.0836426
0.00130169
0.775139
0.0890847
0.269927
28
0.00212985
0.0439329
0.0933372
95
0.878962
0.165812
0.00951426
0.90254
0.0935863
0.495711
97
0.00823195
0.0976274
0.174456
74
1.22329
0.15794
0.000781023
0.708154
0.0766863
0.00618947
52
0.00160923
0.0816069
0.0038232
73
3.13214
0.753327
0.0014608
0.932455
0.0797475
0.457389
75
0.00374972
0.0672273
0.128397
86
2.03817
0.762903
0.00343901
0.751012
0.0432594
0.141675
66
0.00593592
0.0683582
0.150187
93
0.927408
0.244031
0.000499653
0.875164
0.0294187
0.331278
38
0.00482137
0.0186154
0.356796
16
3.20897
0.35848
0.00156135
0.935152
0.0770333
0.14398
53
0.007679
0.0853542
0.330782
37
3.45581
0.00312567
0.00725183
0.773931
0.0324046
0.408167
9
0.00864189
0.0331396
0.189845
27
1.12216
0.797578
0.0073715
0.780875
0.0725371
0.149154
32
0.00298136
0.0499829
0.225735
12
2.0735
0.219991
0.00177457
0.72328
0.084312
0.260453
73
0.00427826
0.0914324
0.462504
6
2.38548
0.548468
0.00390515
0.781705
0.0456065
0.103964
70
0.00210375
0.0961687
0.120424
88
0.943369
0.457495
0.00539445
0.783909
0.0711137
0.48842
50
0.00666369
0.0876309
0.449825
13
3.74351
0.431742
0.00867345
0.701675
0.0974756
0.128456
91
0.00905704
0.0584075
0.434661
61
3.57151
0.516762
0.00786992
0.751733
0.0822282
0.0491847
51
0.00256013
0.0689283
0.271569
69
0.641301
0.675359
0.00576079
0.976721
0.026592
0.253273
56
0.00900623
0.0703976
0.329863
8
3.50952
0.503011
0.000702925
0.775819
0.0262175
0.419959
12
0.00901272
0.0717855
0.212644
8
1.38736
0.538862
0.0059933
0.911806
0.0658285
0.366466
91
0.00318406
0.0993796
0.446049
85
3.90632
0.120319
0.00641473
0.929612
0.0880949
0.49444
88
0.008447
0.0898603
0.476251
79
2.06346
0.0498915
0.0035285
0.983445
0.073212
0.455852
57
0.00664732
0.0944241
0.382514
75
1.09776
0.101746
0.000215314
0.913521
0.0654041
0.240584
24
0.00794305
0.0160579
0.446621
32
1.47852
0.477545
0.00647506
0.771902
0.0454129
0.437628
41
0.00853201
0.042633
0.337892
20
0.356394
0.0882075
0.0085797
0.914914
0.0774038
0.112243
77
0.0073422
0.0444509
0.0754087
98
0.171903
0.386089
0.00891588
0.727286
0.0408727
0.484121
67
0.00203423
0.0563857
0.071454
18
1.11622
0.612577
0.00948592
0.865704
0.0208228
0.0135796
56
0.00942587
0.0590356
0.322083
3
0.893965
0.401377
0.00229584
0.977776
0.0316144
0.293623
2
0.00483298
0.0950801
0.166926
68
1.3505
0.118068
0.00147042
0.792488
0.0528861
0.0206691
84
0.00652257
0.0100545
0.0832432
51
0.848276
0.442042
0.00748727
0.986148
0.0143091
0.127211
31
0.00215956
0.0122887
0.203811
76
3.71288
0.267885
0.00272883
0.71723
0.0790625
0.111029
41
0.0048719
0.0557061
0.443221
1
0.305685
0.510533
0.00111964
0.904925
0.0126442
0.0475746
40
0.00765288
0.0217004
0.143377
56
1.08937
0.286254
0.00756996
0.804631
0.0895278
0.12011
26
0.00861279
0.0754933
0.102989
56
3.0511
0.363677
0.000861306
0.859143
0.0694309
0.274114
61
0.00949963
0.0745779
0.4603
58
2.17955
0.76433
0.00691625
0.832578
0.0446515
0.312035
62
0.00528953
0.0991326
0.315623
65
0.77726
0.473366
0.00718953
0.991583
0.021535
0.442195
56
0.00709754
0.030677
0.201198
35
3.08514
0.521148
0.0016482
0.837129
0.0855444
0.017078
87
0.00622535
0.0947233
0.419564
95
3.10079
0.378324
0.00759822
0.858124
0.0930714
0.474191
17
0.000547286
0.0348166
0.429251
24
1.14841
0.0618135
0.00495654
0.738731
0.0944243
0.10379
13
0.00751861
0.0114315
0.361206
76
2.47378
0.314959
0.00702911
0.94778
0.0786189
0.409868
94
0.00414143
0.0211768
0.255298
81
0.286207
0.677277
0.00413604
0.845305
0.0177764
0.44031
30
0.000145316
0.0285297
0.478893
49
2.27081
0.193001
0.00726595
0.720869
0.0978955
0.435873
19
0.000135123
0.0804827
0.0409527
22
3.09267
0.315876
0.00299896
0.887922
0.0131089
0.237345
84
0.000753329
0.0948166
0.375277
98
0.23043
0.276877
0.00705756
0.714131
0.0438657
0.118005
67
0.00259599
0.0425248
0.225192
68
2.57435
0.602358
0.00560245
0.748473
0.0636214
0.123025
15
0.00619315
0.0258641
0.394633
74
1.53435
0.731537
0.005286
0.740143
0.0991064
0.332503
16
0.000921065
0.0844475
0.334508
96
3.20472
0.738223
0.00185523
0.712257
0.0925516
0.376566
19
0.00574546
0.0906642
0.244231
16
1.35593
0.662503
0.00492577
0.812802
0.0689278
0.429044
62
0.00857906
0.0181028
0.16155
85
1.91115
0.0340984
0.00339704
0.895759
0.0154347
0.20907
24
0.000877528
0.0226393
0.0200745
16
1.19692
0.414796
0.00974086
0.980503
0.0829788
0.0666024
67
0.0081763
0.0667432
0.359462
50
3.98057
0.736556
0.00798927
0.825236
0.0385095
0.272244
86
0.00774709
0.0660029
0.0363218
72
1.57555
0.445075
0.00904362
0.947105
0.0642872
0.0862846
4
0.00655788
0.0148469
0.35872
11
1.71398
0.600317
0.00800213
0.735242
0.0932672
0.07932
20
0.00894501
0.0580777
0.109541
28
2.71327
0.630304
0.00114016
0.819991
0.0513419
0.166095
37
0.00960907
0.0210287
0.281134
95
2.15942
0.239458
0.00133182
0.985018
0.0928891
0.191775
43
0.00283061
0.0454462
0.402651
81
3.62219
0.700694
0.00683893
0.716191
0.0194771
0.219103
64
0.00670248
0.0782505
0.271055
19
2.09489
0.330046
0.00190816
0.78317
0.0423761
0.469091
30
0.00158699
0.0152536
0.047357
55
2.95492
0.527969
0.00369439
0.925751
0.0604651
0.101538
97
0.00577846
0.0623553
0.303784
53
2.53345
0.506405
0.00579351
0.891728
0.0558857
0.0934983
81
0.00321651
0.0417509
0.334058
96
1.71597
0.635581
0.000907278
0.963625
0.0404018
0.171952
24
0.00479845
0.0525333
0.370926
90
3.3546
0.168929
0.00712201
0.851441
0.0484085
0.23336
55
0.00717574
0.0940325
0.0904332
57
3.25409
0.70953
0.00898013
0.894129
0.0407692
0.217047
91
0.00274121
0.0787831
0.209649
95
3.87701
0.0406597
0.00826357
0.98667
0.027147
0.220871
5
0.00303158
0.0321238
0.466027
44
0.252952
0.741987
0.00303792
0.742721
0.0337151
0.0193981
18
0.00589581
0.0251957
0.306778
8
2.11764
0.775003
0.00320729
0.776773
0.0151853
0.200714
92
0.000700539
0.0882696
0.276833
36
1.79077
0.355573
0.0038779
0.797936
0.0297172
0.116392
25
0.00708635
0.0691697
0.28415
8
2.00967
0.392245
0.00104636
0.975857
0.0505493
0.461784
46
0.00699927
0.08166
0.113774
37
1.94345
0.0238978
0.0097678
0.936723
0.0509477
0.190951
19
0.00643129
0.0317382
0.10235
59
2.99891
0.582404
0.000364413
0.906269
0.0370934
0.169
59
0.000225951
0.0765749
0.260488
97
1.69757
0.779267
0.00927134
0.990373
0.0153926
0.475278
89
0.00546338
0.0163653
0.470965
51
3.55902
0.247316
0.00614063
0.99295
0.0481243
0.168254
26
0.0030156
0.0137966
0.219544
40
2.96854
0.438896
0.00311122
0.901447
0.0985246
0.250406
33
0.00515887
0.0715705
0.181572
15
3.06947
0.0984077
0.00699532
0.854671
0.0136279
0.196483
44
0.00610722
0.032195
0.466863
36
2.5713
0.453204
0.00945121
0.996422
0.0906098
0.115753
29
0.000394093
0.0822706
0.0298916
89
0.165581
0.248998
0.00651444
0.788387
0.01091
0.242761
96
0.00474781
0.0516491
0.209137
97
0.751207
0.258295
0.00982426
0.867975
0.03323
0.098054
75
0.00855511
0.0333417
0.378638
49
1.63415
0.621705
0.00803755
0.779679
0.0655503
0.0232195
80
0.000463439
0.0293548
0.438629
86
1.50967
0.157127
0.00692682
0.972359
0.0878373
0.399175
93
0.00461293
0.0647251
0.276448
73
0.907373
0.0354351
0.00456004
0.917392
0.0367
0.238051
70
0.000732273
0.0779775
0.415576
55
1.95668
0.729492
0.00984458
0.933704
0.0644692
0.382135
75
0.00748177
0.0168968
0.305503
55
1.95109
0.739296
0.0098948
0.869896
0.0740303
0.0570604
66
0.000980975
0.0235237
0.137091
43
1.53756
0.430656
0.00935518
0.882906
0.0802312
0.465739
47
0.00188875
0.0930357
0.264924
94
2.23173
0.0902836
0.00246309
0.861926
0.0999973
0.152033
68
0.00156161
0.0629231
0.181639
7
2.39351
0.242951
0.00462156
0.863131
0.095897
0.0373001
55
0.00426893
0.0607999
0.294247
50
3.00965
0.153374
0.00122747
0.899821
0.021414
0.242342
94
0.00199953
0.0872954
0.084029
26
1.49834
0.264618
0.00237661
0.796293
0.0299476
0.0592712
64
0.00467407
0.0656324
0.285891
8
0.472296
0.0768347
0.00521345
0.715945
0.0342682
0.310084
52
0.00928511
0.0143318
0.417062
14
1.4155
0.299508
0.00359862
0.746083
0.0857378
0.0403094
10
0.00631155
0.0856956
0.335357
17
0.782318
0.536102
0.00108819
0.772474
0.0966209
0.0526307
43
0.00364914
0.0220375
0.388731
96
0.794846
0.343523
0.00344895
0.927128
0.0736449
0.109828
81
0.000254054
0.0932772
0.218278
93
1.42365
0.310415
0.00804225
0.850995
0.0524808
0.478482
45
0.00133857
0.056824
0.0971802
11
1.9171
0.606788
0.00873842
0.843
0.0630967
0.026072
79
0.00406452
0.0145717
0.062786
63
3.37264
0.785847
0.0014375
0.866863
0.0566104
0.350056
24
0.00793184
0.0468775
0.0375167
89
2.52786
0.236148
0.00618969
0.827866
0.0518186
0.138635
47
0.00439758
0.039256
0.0178409
88
2.83163
0.389594
0.00377491
0.705019
0.0339496
0.195475
13
0.00607236
0.0656192
0.427382
58
2.26175
0.765393
0.00126853
0.782161
0.0234564
0.0610628
27
0.00755197
0.0275066
0.212065
29
3.7798
0.582728
0.00876265
0.70669
0.0632612
0.458222
73
0.00867972
0.0438319
0.463532
9
0.840432
0.191628
0.000679486
0.787737
0.0302404
0.15314
91
0.00533118
0.0531455
0.365412
10
0.200408
0.399808
0.00940582
0.810739
0.0729083
0.173524
7
0.00997316
0.0729824
0.0957101
76
2.29844
0.567617
0.00910974
0.885729
0.0429957
0.247812
9
0.00682031
0.0791694
0.398666
5
0.258053
0.543296
0.00677272
0.850119
0.0594141
0.253611
71
0.00326586
0.0475121
0.211387
54
0.287136
0.726963
0.00502551
0.881032
0.0952409
0.32345
13
0.00201867
0.0722611
0.313433
48
0.897482
0.0586636
0.00700844
0.914187
0.0919061
0.372895
63
0.00748972
0.0606023
0.237321
32
1.88432
0.0650435
0.0028121
0.827204
0.0117633
0.194029
59
0.00883937
0.0860262
0.451932
61
3.19198
0.578407
0.000916513
0.910607
0.0690401
0.225899
44
0.00537828
0.0781245
0.185286
30
2.79197
0.595337
0.00648803
0.863711
0.0106231
0.313136
23
0.00586802
0.0382964
0.0776398
71
2.58066
0.613325
0.0071537
0.972712
0.0105298
0.133132
38
0.00172949
0.0786355
0.105753
80
3.89495
0.0168484
0.00445579
0.836749
0.0799995
0.405625
10
0.00692573
0.0998313
0.29818
26
3.24424
0.411086
0.00917425
0.940795
0.035395
0.192978
34
0.00391336
0.031268
0.195263
84
2.64623
0.317826
0.00548718
0.824923
0.082638
0.230849
96
0.006345
0.0841242
0.0352401
62
3.26923
0.638994
0.000424799
0.83022
0.0542638
0.436827
5
0.00930484
0.0937867
0.321012
29
3.65112
0.554433
0.00420083
0.909704
0.0764848
0.348233
31
0.00447293
0.0216866
0.166413
95
3.59872
0.461718
0.00680736
0.766757
0.0176862
0.389358
25
0.00951694
0.016681
0.468587
72
2.66059
0.147717
0.00292077
0.723773
0.0915042
0.310674
92
0.00985753
0.0640098
0.165327
48
0.862526
0.0179064
0.00772189
0.841264
0.053868
0.0843496
87
0.00987668
0.0629091
0.199545
2
1.92883
0.470807
0.00676152
0.950244
0.0165146
0.472569
83
0.00226697
0.0661948
0.0451084
81
3.42935
0.218398
0.00509806
0.813178
0.0128643
0.0648646
36
0.00464593
0.0307204
0.115812
92
1.45616
0.685375
0.00165725
0.734404
0.0639631
0.219888
14
0.00517472
0.0502218
0.279493
96
1.74074
0.683125
0.00210849
0.732811
0.0903464
0.283518
86
0.00540899
0.079501
0.324912
21
3.82142
0.500789
0.00717715
0.818674
0.0364036
0.0607276
54
0.00258338
0.070165
0.196532
14
2.35791
0.326001
0.00263058
0.733403
0.0253923
0.278868
18
0.000965279
0.0805827
0.357691
17
2.74167
0.513719
0.00476666
0.95553
0.0805463
0.21569
43
0.00730362
0.0504651
0.0822325
94
3.76493
0.59556
0.00483385
0.82895
0.0909097
0.299532
11
0.00655122
0.0124275
0.0816197
85
3.17848
0.603585
0.00898528
0.729374
0.0494051
0.0883117
51
0.00371281
0.0357377
0.474677
75
3.12089
0.142994
0.00421304
0.802659
0.0667652
0.00190922
29
0.00706896
0.0286062
0.456301
13
1.61863
0.0751673
0.00884619
0.726614
0.0997664
0.14478
5
0.0088624
0.0549624
0.00221077
58
0.493747
0.232257
0.00207375
0.738068
0.0661554
0.331672
93
0.00425095
0.0763925
0.458384
6
3.1717
0.351192
0.000634693
0.968899
0.0401148
0.400704
29
0.00873395
0.0365925
0.391653
99
0.97578
0.43729
0.00370827
0.823283
0.0449939
0.338098
68
0.00217921
0.0997682
0.0617071
97
0.586316
0.299841
0.00621007
0.844707
0.0961667
0.245337
99
0.00333899
0.0986604
0.279431
34
2.48403
0.387095
0.00955042
0.970206
0.0348874
0.337137
3
0.00715336
0.096267
0.377693
40
0.724464
0.442749
0.00250602
0.995753
0.0414239
0.0285925
72
0.00142139
0.046906
0.0938858
57
1.65274
0.404419
0.00697802
0.709926
0.0661733
0.245593
65
0.008046
0.0926863
0.480903
44
3.38271
0.0522783
0.00438669
0.777187
0.0169291
0.411204
94
0.00413374
0.0564603
0.0703645
20
1.89837
0.251105
0.00531316
0.809147
0.0207754
0.243759
93
0.00931615
0.0771169
0.350587
26
3.21586
0.00852555
0.00233185
0.74449
0.0833963
0.289769
49
0.00962519
0.0239413
0.188821
91
3.40062
0.688707
0.0099427
0.793456
0.0393439
0.145921
87
0.000482958
0.065898
0.404291
99
0.867178
0.530651
0.00993747
0.949445
0.0161227
0.328154
32
0.00472723
0.0923735
0.353906
62
3.32555
0.196124
0.000132497
0.759531
0.0219414
0.3872
13
0.00170491
0.0487622
0.0423567
92
0.613887
0.189408
0.00932863
0.954388
0.0522637
0.0684494
4
0.00237572
0.0819148
0.110385
87
2.42538
0.0435456
0.00297722
0.995186
0.0232993
0.426346
64
0.0081495
0.0524171
0.139154
54
1.30306
0.321784
0.00127918
0.853671
0.0540526
0.277845
80
0.00721559
0.0638376
0.292654
42
1.25462
0.140354
0.00615208
0.889007
0.0338997
0.162119
55
0.00668442
0.0919137
0.32028
82
3.1184
0.492585
0.00239813
0.831572
0.0775589
0.334826
95
0.00554621
0.0195801
0.477186
31
1.52636
0.198723
0.00323199
0.708783
0.0280711
0.224227
65
0.00673541
0.0620155
0.0778537
52
3.55147
0.465806
0.00350803
0.889631
0.0683483
0.18718
69
0.00991476
0.0766706
0.104047
39
0.8563
0.374937
0.0084877
0.730641
0.0294809
0.0800126
11
0.00294826
0.0367047
0.0582416
9
2.84267
0.123034
0.0020646
0.78452
0.0502415
0.0337438
20
0.00591624
0.0543682
0.386324
78
0.963481
0.241408
0.00987362
0.966487
0.059055
0.22905
3
0.00939326
0.0406986
0.0533093
64
2.44322
0.616698
0.00401223
0.922848
0.0237297
0.318257
72
0.00967591
0.0379854
0.411831
93
1.09521
0.130885
0.00865544
0.873859
0.0343687
0.316305
10
0.00786636
0.0869236
0.250953
4
0.59909
0.127834
0.00773681
0.804926
0.0544725
0.462194
59
0.00941937
0.0646255
0.327617
23
1.4317
0.42865
0.00707696
0.730476
0.0915648
0.272748
65
0.00632736
0.05573
0.164256
30
3.6562
0.656567
0.00925639
0.862541
0.080111
0.0816197
79
0.00719188
0.0465106
0.457196
6
2.33343
0.0777102
0.00204357
0.757462
0.0677936
0.188045
54
0.000860369
0.0610677
0.148646
12
2.70412
0.0327448
0.00251851
0.946558
0.0221096
0.063308
17
0.00418985
0.0461464
0.10654
40
2.81768
0.272176
0.00157183
0.798232
0.0827635
0.324754
11
0.000414433
0.0990821
0.486874
76
2.86533
0.367296
0.00937299
0.839948
0.0580448
0.454197
79
0.00452429
0.057741
0.316888
46
2.34237
0.191093
0.00679554
0.997029
0.067982
0.0341066
96
0.00558711
0.0603316
0.0257277
39
1.32928
0.279109
0.00361814
0.794947
0.095657
0.491889
14
0.00813363
0.0987529
0.342618
22
3.89006
0.476722
0.00566291
0.754204
0.0443649
0.0428567
78
0.00774246
0.0357503
0.00569753
62
0.813662
0.396353
0.00190358
0.818373
0.0656551
0.0539444
73
0.00478542
0.0846156
0.289895
21
0.830173
0.257512
0.00501755
0.938743
0.0460865
0.421443
93
0.00308754
0.0682983
0.455154
61
2.49019
0.207614
0.0099019
0.702943
0.0757761
0.190541
92
0.00280083
0.0559691
0.248494
13
3.49321
0.176136
0.00814592
0.997612
0.0889171
0.413403
92
0.00825403
0.029611
0.488259
10
2.11338
0.322976
0.00240836
0.749296
0.0759648
0.444825
41
0.00924887
0.0521471
0.173273
83
0.162775
0.393175
0.00981803
0.855788
0.0121227
0.477337
51
0.00309407
0.0747696
0.126949
55
3.63575
0.38783
0.00839351
0.906961
0.0205758
0.453735
51
0.00286192
0.029709
0.490057
25
2.74944
0.209599
0.00763534
0.852096
0.0703159
0.390385
61
0.0055376
0.0157397
0.17035
68
1.96951
0.382278
0.00609
0.975213
0.0491303
0.408537
46
0.00978211
0.0442874
0.258576
73
0.973398
0.524905
0.00596802
0.966825
0.0636844
0.425318
24
0.00626217
0.0733915
0.0722837
5
3.06132
0.725706
0.00350333
0.930626
0.0812493
0.16696
98
0.000598709
0.0334994
0.201682
100
2.64934
0.449177
0.00894561
0.897505
0.0283097
0.46363
44
0.00762701
0.0255931
0.176848
24
0.453226
0.511692
0.0038247
0.754649
0.0569927
0.183211
44
0.00372603
0.0587432
0.246949
69
2.75887
0.372868
0.0049042
0.870676
0.0146412
0.432216
39
0.00882393
0.0567448
0.131158
17
2.26479
0.0643185
0.00751283
0.939996
0.0434714
0.28244
54
0.0014627
0.0594731
0.310785
3
2.61308
0.121653
0.00919804
0.951213
0.0627547
0.374992
30
0.00880658
0.0901876
0.482
33
2.16485
0.791754
0.00383534
0.830864
0.0247431
0.113085
22
0.00641563
0.0834843
0.226676
42
0.990165
0.747149
0.00220744
0.82272
0.0730829
0.410936
1
0.0072334
0.026537
0.2961
67
2.00517
0.480798
5.31793e-05
0.876044
0.0621062
0.429314
9
0.00872852
0.0279034
0.27528
74
1.73676
0.750955
0.00660059
0.908864
0.0138295
0.376055
41
0.00194077
0.0969268
0.0118213
50
0.465716
0.553501
0.00562605
0.855272
0.0695925
0.212757
57
0.00563268
0.0664779
0.0216762
45
3.91236
0.659897
0.00265674
0.773319
0.0744582
0.109468
4
0.00295789
0.0206571
0.268924
77
2.02702
0.585207
0.00547263
0.728168
0.0240171
0.476578
98
0.00489285
0.0909193
0.223088
71
3.67491
0.37714
0.00760321
0.767563
0.0425456
0.370032
54
0.00035791
0.0884577
0.147065
30
0.575696
0.233278
0.00740454
0.768343
0.0374501
0.424357
36
0.00493164
0.0266568
0.36628
3
2.40182
0.433979
0.0031057
0.821811
0.0115689
0.0180938
21
0.00462994
0.0906052
0.388028
41
2.40313
0.654906
0.00832311
0.721744
0.09868
0.487923
31
0.0058549
0.0867354
0.337165
60
1.27064
0.599864
0.000572622
0.958851
0.0399526
0.107356
90
0.00507225
0.0111174
0.286809
18
2.91723
0.649675
0.0087497
0.814137
0.0866659
0.323081
3
0.000191586
0.0368787
0.207674
78
0.820793
0.498355
0.00732714
0.852767
0.0415737
0.158052
6
0.00601538
0.0726077
0.0344459
16
0.653147
0.308271
0.00887799
0.920887
0.0967629
0.177436
6
0.00287898
0.0911087
0.0225973
53
3.45976
0.542313
0.00315356
0.729148
0.0898706
0.382707
10
0.00806082
0.0423557
0.269799
46
2.12867
0.273016
0.00534697
0.98039
0.0269593
0.306667
21
0.00420459
0.0238075
0.12401
4
0.761197
0.00143776
0.00287152
0.774517
0.0674258
0.0380536
64
0.00253786
0.0645048
0.0192869
57
1.51706
0.229456
0.00747019
0.951924
0.0313945
0.412761
62
0.00917461
0.088665
0.406069
43
3.94296
0.230335
0.00260119
0.816941
0.0510558
0.486912
92
0.00685218
0.0116639
0.0872139
64
0.567807
0.159613
0.00731328
0.991983
0.0896562
0.0117629
82
0.00149127
0.0544713
0.47238
86
2.90249
0.206606
0.00979938
0.887169
0.0577248
0.371759
33
0.00969571
0.049552
0.48917
22
1.0315
0.696498
0.00055459
0.868678
0.0867472
0.150727
68
0.0065001
0.0890477
0.491473
41
2.14738
0.0693601
0.00838131
0.974651
0.0954706
0.0967036
56
0.0048706
0.071382
0.28188
29
2.0796
0.106349
0.00852635
0.893039
0.0265254
0.0140012
81
0.00680935
0.0278032
0.497716
34
0.461656
0.407987
0.00921729
0.92135
0.0360387
0.0973077
52
0.00693385
0.0471794
0.464901
92
1.99108
0.446842
0.00777269
0.849379
0.0569019
0.104981
37
0.00292323
0.069233
0.0185301
30
1.1403
0.544438
0.00340937
0.737046
0.0158112
0.27966
45
0.00102231
0.0769433
0.381918
49
3.29857
0.347998
0.00364506
0.739879
0.0471951
0.235748
3
0.00332406
0.0403794
0.0643873
19
0.321044
0.350484
0.00525325
0.987479
0.0938758
0.368288
74
0.00455278
0.0291699
0.475189
100
2.97396
0.689857
0.0055221
0.779083
0.0111969
0.0500047
94
0.00913712
0.0637562
0.441113
94
0.703414
0.518682
0.00998978
0.876612
0.0284674
0.213574
16
0.00222339
0.0228664
0.0638662
83
0.929088
0.306368
0.00673653
0.981483
0.0357512
0.133804
19
0.00250281
0.0579806
0.205696
82
1.7551
0.496075
0.000661108
0.81557
0.032064
0.459793
12
0.00695578
0.0830069
0.00997478
11
3.14621
0.0455284
0.00729906
0.893472
0.0534441
0.0945793
60
0.00684609
0.0642594
0.483816
70
3.58325
0.288319
3.23891e-05
0.903217
0.04854
0.388526
25
0.00389362
0.0404997
0.324244
13
2.80888
0.275092
0.00330897
0.866491
0.0211505
0.256954
25
0.00974101
0.0694859
0.0043036
44
1.06045
0.487091
0.0015999
0.948198
0.0419075
0.210119
15
0.00198005
0.0698525
0.126697
66
3.80191
0.60551
0.00929807
0.974336
0.0195889
0.448452
50
0.00922071
0.080996
0.332393
60
2.50898
0.148944
0.00557354
0.70776
0.0527388
0.492746
67
0.00659355
0.0198324
0.496431
67
2.56305
0.1098
0.00517974
0.875642
0.0948
0.105797
71
0.00380049
0.0194922
0.421352
16
1.68642
0.573852
0.00593475
0.799245
0.0738613
0.350463
27
0.00176001
0.0784999
0.187884
91
1.234
0.770996
0.00236415
0.820456
0.099416
0.481484
62
0.00185664
0.0541556
0.245233
99
1.00969
0.17958
0.000765482
0.874095
0.0289638
0.407138
53
0.000207131
0.0758542
0.294981
85
1.98254
0.366753
0.00210539
0.776365
0.0851068
0.0732863
8
0.00443672
0.017511
0.115506
28
1.05668
0.25424
0.00739656
0.880455
0.0586627
0.355642
24
0.00385814
0.0246156
0.345409
2
3.10847
0.569298
0.000323636
0.926393
0.0875598
0.251132
68
0.00114598
0.0925173
0.0678785
68
0.3939
0.701534
0.00513695
0.934658
0.0102386
0.185569
47
0.00342867
0.0165731
0.447815
92
3.61209
0.747779
0.00845195
0.877913
0.083237
0.124963
29
0.00826003
0.0727883
0.384163
47
1.99775
0.234732
0.00947079
0.712766
0.0140775
0.44626
98
0.00908052
0.0374913
0.0336203
61
3.41829
0.34708
0.00794823
0.958014
0.0713885
0.404855
85
0.000323406
0.0952552
0.450214
67
1.79742
0.270877
0.00541859
0.700651
0.0477636
0.346484
16
0.00393788
0.0613499
0.346331
42
1.66434
0.41786
0.00631571
0.919659
0.054453
0.450108
30
0.00890832
0.0416414
0.431658
77
2.73059
0.0100209
0.00196666
0.780471
0.0312129
0.255557
66
0.00960362
0.0575036
0.326244
49
2.52367
0.555905
0.00226722
0.949295
0.0482456
0.431544
77
0.0022094
0.0576644
0.151951
36
2.37017
0.177879
0.00232627
0.979749
0.0792639
0.47142
64
0.00341826
0.0511427
0.0275107
33
0.444766
0.124174
0.00668087
0.883914
0.0850249
0.303554
74
0.00120409
0.0633101
0.435467
31
3.04896
0.489798
0.00784066
