0.97248
0.0268912
0.0657058
17
0.185962
0.986069
0.0160392
0.305365
81
0.328343
2576.32
0.895619
0.0116494
0.312034
76
0.621762
0.825664
0.0150031
0.408326
32
0.703322
8401.71
0.98386
0.0481152
0.233925
96
0.473315
0.616829
0.0616942
0.402688
62
0.106804
8779.46
0.981559
0.0241105
0.466611
62
0.593151
0.488379
0.0452278
0.373176
37
0.740351
7641.95
0.908016
0.0231614
0.471611
56
0.560274
0.265409
0.0344486
0.422828
69
0.385702
3596.86
0.942131
0.0361663
0.102433
60
0.0837382
0.918444
0.0130364
0.114051
83
0.639705
6438.74
0.956552
0.043852
0.493193
31
0.468344
0.230633
0.0812786
0.145772
76
0.875127
9684.55
0.980995
0.0406398
0.211249
79
0.182512
0.879058
0.0415866
0.00190432
38
0.919924
5274.94
0.930095
0.0143663
0.0164254
5
0.653763
0.335725
0.0757691
0.0230072
58
0.658116
5073.19
0.947234
0.0338974
0.0420525
45
0.529687
0.310153
0.0437181
0.1638
5
0.368867
7287.84
0.916384
0.0266053
0.395565
44
0.203199
0.21704
0.0312281
0.338889
2
0.52345
7106.72
0.877822
0.0491931
0.290732
48
0.24948
0.573288
0.0339947
0.121143
10
0.0171796
4930.42
0.9252
0.0234098
0.0697367
59
0.378369
0.784343
0.0907844
0.196532
9
0.176448
5465.53
0.967343
0.047976
0.423988
71
0.428134
0.402888
0.0531382
0.226976
84
0.292581
9834.39
0.914987
0.0166331
0.16235
40
0.583878
0.081112
0.0417682
0.496339
53
0.596769
4696.29
0.963763
0.0316996
0.158932
95
0.34254
0.69523
0.0290708
0.0830237
87
0.403246
7691.14
0.934187
0.0324668
0.217668
40
0.411211
0.509315
0.0167086
0.46114
31
0.144993
8581.3
0.909141
0.029703
0.442199
19
0.258243
0.49327
0.0763249
0.109784
96
0.561066
6976.45
0.883779
0.0193701
0.412102
69
0.156904
0.266587
0.0727427
0.330727
25
0.594779
9450.19
0.875941
0.0137794
0.355843
65
0.149004
0.86265
0.09252
0.0415697
3
0.452843
6324.49
0.908984
0.0265276
0.183586
2
0.204165
0.567024
0.0623553
0.207313
79
0.178535
6265.96
0.942781
0.0280436
0.25701
30
0.113318
0.935746
0.0376219
0.0502308
75
0.365388
389.964
0.969971
0.0291908
0.451067
12
0.156453
0.177265
0.0703339
0.443939
68
0.220984
3661.46
0.958607
0.0126289
0.0791948
78
0.0569384
0.548178
0.086852
0.332875
59
0.950768
691.536
0.896033
0.018557
0.343554
36
0.616699
0.954901
0.0911719
0.482803
86
0.58013
9895.81
0.951075
0.0156769
0.055315
10
0.442483
0.0819069
0.0658672
0.403544
95
0.268797
1703.41
0.983343
0.0271841
0.225217
58
0.630792
0.362512
0.0212842
0.275626
50
0.435121
7498.56
0.969038
0.0308359
0.452271
83
0.361058
0.57118
0.0117249
0.166893
67
0.354076
1492.69
0.899124
0.0311826
0.391435
1
0.122855
0.953338
0.0587522
0.363505
23
0.215349
2159.58
0.982525
0.0423329
0.407485
87
0.793203
0.938259
0.076024
0.440825
72
0.0491226
5243.2
0.913433
0.0247709
0.410687
72
0.383853
0.942559
0.0406066
0.269962
17
0.374444
8040.63
0.88791
0.0470595
0.453224
92
0.301192
0.940552
0.0646673
0.180929
98
0.518537
4593.57
0.898662
0.0437999
0.231466
66
0.62711
0.775871
0.0803849
0.356087
8
0.0349638
3786.03
0.912438
0.0103583
0.0158041
69
0.0788078
0.585484
0.0890212
0.178701
74
0.467371
6914.85
0.885201
0.0228894
0.421594
2
0.111854
0.462927
0.0971726
0.0642286
39
0.276091
2440.26
0.92936
0.0186767
0.206258
25
0.404517
0.0862497
0.0190576
0.285104
72
0.527645
218.965
0.974928
0.0475214
0.254804
32
0.155062
0.511256
0.0912464
0.284065
58
0.13333
93.6949
0.961227
0.0173368
0.41694
83
0.545399
0.666997
0.0796375
0.197734
17
0.162323
2184.04
0.926024
0.0124801
0.398217
5
0.56697
0.903925
0.0481581
0.103438
13
0.455707
2715.81
0.9237
0.0141708
0.263168
34
0.761349
0.814324
0.0685235
0.299362
19
0.732023
8228.22
0.883543
0.0392362
0.447131
31
0.294314
0.0619474
0.0269345
0.344114
19
0.488177
8913.2
0.963057
0.0251513
0.300905
44
0.743926
0.168117
0.0663475
0.412296
89
0.921662
9229.79
0.924559
0.0136031
0.0685689
77
0.243572
0.417045
0.089218
0.401491
26
0.0903408
3495.76
0.971138
0.0144784
0.0440013
83
0.632932
0.741965
0.0188575
0.0606404
25
0.62572
4672.09
0.946644
0.0110343
0.033866
17
0.395816
0.522991
0.0229086
0.157014
74
0.259904
9068.39
0.959296
0.0189632
0.210372
22
0.771658
0.465882
0.0348987
0.399688
8
0.116295
7676.62
0.880718
0.0107442
0.181219
79
0.205254
0.459035
0.0345255
0.125896
13
0.968025
2558.45
0.899571
0.0433348
0.0356367
51
0.758281
0.972901
0.0173536
0.123349
100
0.363431
7750.3
0.888766
0.0364526
0.158391
6
0.266024
0.897601
0.0944479
0.485512
69
0.60537
4846
0.955792
0.0413956
0.1015
50
0.331029
0.676124
0.0123293
0.420554
32
0.591503
2096.53
0.927193
0.0455653
0.286481
4
0.030722
0.844353
0.0206013
0.00786476
29
0.74822
4353.57
0.917196
0.0146085
0.00209751
33
0.430398
0.0369965
0.0592285
0.212185
49
0.727805
1383.32
0.877305
0.0208884
0.323744
74
0.408788
0.00738461
0.0325616
0.447599
98
0.88806
914.311
0.913702
0.0261469
0.242078
26
0.0783627
0.969875
0.0737641
0.0962263
89
0.903306
7406.32
0.892884
0.015443
0.364567
13
0.450244
0.964444
0.0472357
0.0578197
99
0.685018
1668.9
0.931707
0.0272567
0.178877
14
0.239387
0.57561
0.0247188
0.431724
85
0.494963
7590.94
0.980135
0.0296662
0.271409
5
0.646009
0.997223
0.042198
0.451799
4
0.0536345
8548.81
0.891874
0.0298342
0.109124
62
0.295596
0.370019
0.0536763
0.292613
52
0.158379
793.283
0.886264
0.0449017
0.137193
86
0.539859
0.179805
0.0521281
0.12016
54
0.768349
8485.57
0.899849
0.0474811
0.170793
96
0.719629
0.0509371
0.0833361
0.324021
99
0.052304
1235.44
0.89005
0.0227202
0.464596
51
0.291328
0.316508
0.0315633
0.238591
27
0.521714
3803.84
0.877096
0.0213729
0.494177
60
0.152408
0.131753
0.0761748
0.346249
63
0.187828
6673.76
0.906015
0.0448417
0.130349
88
0.25357
0.901008
0.0502513
0.464687
98
0.784485
5019.74
0.906346
0.0172639
0.214194
19
0.132018
0.985982
0.092312
0.106119
28
0.623019
6787.26
0.975771
0.0314151
0.178142
8
0.0126302
0.623265
0.0659999
0.0257228
8
0.557007
1217.47
0.878942
0.0195219
0.0621739
47
0.310482
0.398734
0.0168656
0.492276
41
0.974178
1200.43
0.95067
0.012778
0.374843
35
0.460938
0.998789
0.0950177
0.340561
89
0.185975
4131.34
0.96662
0.0293468
0.383372
54
0.278456
0.171328
0.058094
0.280639
86
0.609039
6537.36
0.881409
0.0237681
0.03854
32
0.766436
0.119922
0.0295398
0.211039
49
0.190739
611.876
0.895789
0.0203815
0.281279
32
0.246326
0.910024
0.0466091
0.0437743
93
0.536006
5997.99
0.90984
0.0304407
0.163051
79
0.0675083
0.860785
0.0127547
0.0938165
95
0.361909
4914.74
0.92754
0.0482997
0.367922
53
0.065659
0.0779919
0.039311
0.495885
59
0.568599
7031.31
0.879968
0.031646
0.0972646
65
0.198073
0.989811
0.0929574
0.32083
83
0.0769429
5300.06
0.947831
0.0308869
0.188741
57
0.4141
0.317627
0.0964944
0.0561994
26
0.733792
1068.81
0.914769
0.0492177
0.370198
38
0.142186
0.660872
0.0155014
0.0856469
74
0.222106
983.561
0.934574
0.041003
0.273224
7
0.504935
0.546124
0.0974043
0.427074
59
0.136309
4461.26
0.924336
0.0360393
0.0257238
68
0.389201
0.672318
0.0357682
0.0119458
12
0.751868
597.176
0.976859
0.0342259
0.496236
14
0.269171
0.15903
0.0564163
0.162447
77
0.199018
455.404
0.948052
0.0348113
0.202096
27
0.00985635
0.522154
0.0223951
0.0152418
59
0.868165
2402.17
0.92792
0.023523
0.446195
92
0.569124
0.57946
0.0313145
0.326759
55
0.0190282
807.592
0.949516
0.0263199
0.124342
56
0.50819
0.701059
0.0218064
0.0902471
97
0.654378
4747.04
0.894471
0.0307397
0.0147065
14
0.535343
0.382481
0.0242754
0.0280709
77
0.633284
5576.31
0.957153
0.0242213
0.0762988
29
0.227176
0.945103
0.0691347
0.476805
91
0.963955
9254.04
0.977669
0.0327487
0.378395
15
0.146119
0.347726
0.0606822
0.460791
6
0.55234
2616.48
0.920234
0.0419786
0.183734
49
0.706973
0.357926
0.0824504
0.208902
66
0.547837
3195.21
0.962996
0.025476
0.148325
2
0.570832
0.913464
0.0948906
0.479108
91
0.670897
9813.51
0.92815
0.015016
0.0661288
34
0.0968215
0.786204
0.0655176
0.39693
1
0.906482
8680.95
0.91633
0.0230707
0.386132
66
0.562121
0.360321
0.0288785
0.164779
52
0.64213
1882.46
0.967039
0.0399014
0.198969
78
0.0640272
0.328038
0.0518035
0.287737
46
0.705978
8165.79
0.885853
0.0401256
0.155846
22
0.710942
0.102651
0.0951783
0.454805
38
0.69092
198.319
0.8908
0.0210075
0.490694
63
0.488177
0.322931
0.0874002
0.414136
52
0.867061
2005.25
0.881076
0.0473412
0.167992
32
0.289211
0.516967
0.0621151
0.0809827
60
0.265339
463.588
0.921046
0.0461823
0.153215
67
0.764355
0.855722
0.0731457
0.31157
85
0.746128
4228.5
0.944025
0.0489068
0.146998
52
0.636379
0.234917
0.0414621
0.382104
6
0.66824
5557.71
0.896176
0.0494104
0.309199
38
0.322614
0.504793
0.0555244
0.494924
8
0.724407
7624.5
0.913204
0.0290315
0.261749
84
0.190012
0.506696
0.0125668
0.297796
29
0.338656
6602.99
0.893913
0.0206022
0.144478
83
0.103844
0.00994978
0.0662766
0.375415
2
0.646165
2496.15
0.953393
0.0242414
0.193638
58
0.656653
0.507568
0.051268
0.346342
13
0.765521
750.259
0.896755
0.0421114
0.155151
42
0.352165
0.5418
0.0756271
0.0791716
96
0.774881
3425.46
0.960614
0.0286382
0.469481
99
0.797141
0.449672
0.0732486
0.108415
29
0.692446
8756.96
0.958858
0.0176187
0.392276
74
0.783882
0.425296
0.0741667
0.257125
57
0.335541
1342.36
0.915267
0.0240478
0.243486
11
0.478613
0.072025
0.0819754
0.0593184
92
0.974652
6710.29
0.907509
0.0135074
0.346962
55
0.328513
0.0553025
0.0887842
0.10746
70
0.294943
6017.11
0.945044
0.0105509
0.416077
42
0.225625
0.420843
0.0677459
0.488149
42
0.171133
2179.76
0.968571
0.0382247
0.353107
62
0.756018
0.161228
0.0786387
0.0920137
23
0.111033
1014.37
0.929586
0.0267182
0.228448
76
0.0296928
0.84315
0.03393
0.102426
46
0.360024
6624.7
0.882182
0.0355669
0.0366096
95
0.586414
0.788823
0.02563
0.0221658
83
0.286492
4994.84
0.912789
0.0254007
0.208749
33
0.377423
0.277751
0.0902553
0.305822
88
0.499163
7848.67
0.922384
0.0435785
0.226123
79
0.492448
0.84642
0.0645056
0.200683
25
0.399135
8624.21
0.882691
0.0216026
0.322092
28
0.278915
0.0857886
0.0706758
0.419154
45
0.942728
5811.79
0.946091
0.0321689
0.0344719
26
0.789851
0.155449
0.0968044
0.051617
22
0.142143
6854.26
0.975553
0.0187401
0.269376
39
0.223602
0.057142
0.0865802
0.213002
10
0.854245
3780.42
0.952977
0.0350648
0.253268
45
0.658027
0.555979
0.0774016
0.498352
5
0.0155077
9504.16
0.920692
0.0394578
0.340628
38
0.0274478
0.130755
0.0682955
0.127919
39
0.676178
6175.78
0.968905
0.0367629
0.0490214
15
0.241101
0.742775
0.0503329
0.0346757
95
0.439918
298.583
0.978128
0.0277742
0.103556
75
0.571492
0.732686
0.0612417
0.228655
70
0.0560217
3205.89
0.900697
0.0129477
0.39961
50
0.66445
0.0496787
0.0639759
0.071982
30
0.37408
6022.88
0.886569
0.0321142
0.0903466
69
0.385892
0.152838
0.0877488
0.468945
77
0.354687
3537.61
0.914311
0.0336022
0.05428
3
0.354322
0.904692
0.0241212
0.302505
26
0.621336
3409.67
0.898068
0.0183664
0.122194
30
0.628862
0.68972
0.0882633
0.0408576
57
0.862552
4364.99
0.973722
0.016968
0.221166
72
0.3082
0.405912
0.0206204
0.427719
96
0.829107
8676.4
0.945356
0.0372754
0.234863
84
0.677496
0.0237687
0.0124585
0.224057
57
0.502005
3657.52
0.954127
0.0357861
0.195602
43
0.147851
0.135492
0.0534674
0.259123
17
0.931755
2123.7
0.89129
0.0499868
0.278612
41
0.108584
0.276935
0.0150422
0.254148
82
0.0462831
3342.23
0.907763
0.0363763
0.28593
40
0.526719
0.326327
0.0669251
0.0659135
85
0.226397
719.154
0.954798
0.0354044
0.0114149
59
0.150863
0.197676
0.080133
0.25586
71
0.235313
2825.45
0.931288
0.0305846
0.433337
27
0.317343
0.224197
0.0725466
0.442675
90
0.726507
945.375
0.890924
0.0391413
0.331745
99
0.555908
0.604673
0.0361499
0.378086
20
0.616453
1059.61
0.925768
0.0415589
0.485603
95
0.176197
0.832535
0.035365
0.104738
37
0.462393
3139.65
0.931863
0.0235156
0.486604
47
0.503448
0.892419
0.0148578
0.440117
4
0.129604
9105.3
0.947561
0.0109169
0.30532
98
0.0335145
0.837787
0.0257648
0.386633
71
0.209423
1800.93
0.880789
0.0221999
0.0880923
71
0.775928
0.304521
0.0783199
0.263541
71
0.58472
7359.38
0.948999
0.0118304
0.249634
49
0.159064
0.356741
0.022646
0.457727
79
0.251302
6118.51
0.956885
0.0281194
0.165531
57
0.710319
0.982593
0.0684233
0.391355
44
0.417338
2892.32
0.884693
0.0461524
0.0953189
90
0.0554795
0.192343
0.0486225
0.0470354
90
0.210771
7460.26
0.878637
0.0476512
0.480596
86
0.0761328
0.703948
0.0157863
0.415735
81
0.979398
8206.64
0.906048
0.0359168
0.280101
11
0.298925
0.262497
0.0279507
0.404752
7
0.174757
1923.11
0.888527
0.0328788
0.402046
23
0.0694802
0.122842
0.0826945
0.185454
75
0.316856
2871.02
0.94761
0.0250183
0.212322
96
0.367525
0.763385
0.0716652
0.238302
70
0.0726976
6256.08
0.928593
0.0301079
0.38924
13
0.596154
0.698243
0.0234115
0.491854
70
0.717667
5874.51
0.894353
0.0356995
0.239413
91
0.730893
0.439219
0.0560773
0.471646
96
0.983667
415.887
0.912362
0.0375727
0.0964663
99
0.362244
0.0707725
0.0688871
0.272484
92
0.17404
3372.24
0.920456
0.0150778
0.0016479
19
0.640281
0.307682
0.0931651
0.0147811
24
0.270722
2620.77
0.965712
0.0221104
0.0753685
4
0.60056
0.747826
0.099755
0.470527
17
0.618287
5841.7
0.903502
0.0279694
0.472857
41
0.437567
0.830381
0.0401012
0.0891306
35
0.667356
1423.27
0.984273
0.0204391
0.121525
60
0.694867
0.174334
0.0475856
0.144808
66
0.204778
9583.72
0.959667
0.0302638
0.229731
88
0.392168
0.190303
0.0640555
0.221246
28
0.577053
6731.88
0.932471
0.0258919
0.380565
7
0.315638
0.41718
0.0709868
0.0367943
42
0.790931
2380.15
0.921369
0.0166619
0.258827
31
0.236313
0.116121
0.036678
0.261138
23
0.883241
1840.35
0.972172
0.0434958
0.345416
36
0.549938
0.207792
0.02536
0.392833
27
0.927323
7709.1
0.917706
0.0432128
0.0434178
71
0.722032
0.27376
0.0603542
0.450129
10
0.295207
1443.43
0.911403
0.036159
0.105204
75
0.42692
0.525213
0.0847745
0.0138847
22
0.0988095
368.765
0.935605
0.031888
0.451778
91
0.439403
0.0940052
0.0260196
0.487533
32
0.469614
8848.77
0.966221
0.0216872
0.0936365
87
0.690479
0.303219
0.0108069
0.229668
68
0.60606
935.764
0.879173
0.0362596
0.0779072
28
0.12133
0.557562
0.0469057
0.318192
94
0.357576
2471.03
0.940958
0.0131198
0.255929
37
0.744014
0.533787
0.0841225
0.481099
87
0.422746
6213.78
0.938603
0.0445889
0.0207347
24
0.0995596
0.295848
0.0137189
0.351538
41
0.993575
7987.37
0.950401
0.0460786
0.435705
7
0.614395
0.852965
0.038021
0.266901
19
0.302955
763.044
0.894833
0.0371911
0.444363
31
0.520253
0.18734
0.0873254
0.369027
54
0.753506
4111.47
0.959801
0.0368904
0.0769609
23
0.794658
0.95157
0.0157038
0.341926
9
0.12436
8510.93
0.892031
0.0174799
0.0818655
43
0.0246293
0.756939
0.0237916
0.214195
73
0.0638241
1470.5
0.968093
0.0365052
0.265495
35
0.29946
0.7084
0.0678478
0.266464
24
0.818205
7773.26
0.958537
0.0385614
0.241199
28
0.770889
0.147569
0.0449797
0.0633674
93
0.794455
2660.07
0.875332
0.0298714
0.122848
63
0.344884
0.213071
0.0999925
0.177387
13
0.152074
3878.39
0.942751
0.0219516
0.296439
16
0.759214
0.0329082
0.0394474
0.168975
44
0.239158
8013.47
0.923601
0.0351456
0.402955
77
0.798443
0.537199
0.0589496
0.242043
84
0.774151
3825.62
0.971516
0.0215596
0.179723
51
0.309267
0.0251017
0.0823135
0.436981
26
0.552762
8960.43
0.944094
0.030714
0.430582
70
0.18173
0.549737
0.0753115
0.417742
80
0.541753
5382.06
0.962765
0.0174012
0.314642
5
0.0902871
0.577167
0.0433544
0.286431
61
0.807614
4003.27
0.937432
0.0112095
0.13298
48
0.44918
0.0465284
0.056611
0.19694
76
0.162508
1876.72
0.906664
0.0390974
0.33012
59
0.647712
0.0457447
0.0806315
0.410925
53
0.939379
8259.67
0.972441
0.0332359
0.405542
57
0.585562
0.727036
0.0627755
0.132237
21
0.79302
7251.45
0.943482
0.0467635
0.362724
47
0.576576
0.52955
0.0119472
0.319919
68
0.741133
6087.95
0.978736
0.0496303
0.364106
62
0.501819
0.956241
0.0745755
0.15347
17
0.0451531
2750.69
0.955015
0.0339663
0.28906
67
0.405408
0.497323
0.0408939
0.0617671
55
0.44847
856.703
0.96678
0.0184564
0.338711
20
0.109689
0.163873
0.0916771
0.0555168
73
0.43792
9914.23
0.900319
0.0488479
0.126994
90
0.00861531
0.761247
0.085343
0.295366
61
0.148652
5505.53
0.906892
0.0167333
0.366817
56
0.554036
0.329433
0.0885626
0.309922
35
0.229673
7005.35
0.919164
0.0135949
0.231925
14
0.325426
0.351139
0.0651782
0.135177
84
0.892818
3890.16
0.89351
0.0331328
0.06394
91
0.485696
0.830292
0.0855604
0.398346
75
0.895746
2267.64
0.900044
0.0215108
0.106069
5
0.164633
0.806507
0.083976
0.112063
65
0.182765
4951.3
0.928868
0.0124462
0.0414744
64
0.260031
0.991618
0.0141991
0.032669
15
0.588692
2330.22
0.879479
0.0207705
0.11711
24
0.0368208
0.125303
0.0718867
0.030337
85
0.201556
5718.97
0.945881
0.0450602
0.18604
55
0.511602
0.946968
0.0162823
0.20555
66
0.321241
3949.78
0.981852
0.0323856
0.403388
52
0.671202
0.17765
0.0248781
0.147893
33
0.861326
1547.54
0.937732
0.0194644
0.397805
13
0.387285
0.629409
0.0351654
0.0278132
80
0.688194
1024.84
0.975515
0.0425511
0.0703073
35
0.463635
0.0911011
0.0827988
0.191015
55
0.890548
2211.64
0.93955
0.0275355
0.274375
8
0.673908
0.0606177
0.0914609
0.16342
14
0.22993
8437.52
0.915968
0.0211651
0.3395
24
0.0592327
0.50036
0.0274357
0.376456
67
0.326644
4418.97
0.923014
0.0159056
0.0565384
63
0.2141
0.397073
0.071414
0.384676
75
0.194469
2521.76
0.916826
0.0406789
0.443292
81
0.0915596
0.894891
0.0593936
0.321963
35
0.0414846
7087.45
0.96799
0.0293621
0.272051
63
0.306035
0.126853
0.0175528
0.0765765
42
0.529603
8284.6
0.976384
0.0126639
0.0602595
65
0.749392
0.752329
0.0981706
0.156592
71
0.505118
5721.44
0.883333
0.0120445
0.108311
3
0.124164
0.886391
0.0202582
0.290481
51
0.831458
9724.68
0.931042
0.0198187
0.302933
29
0.296298
0.355136
0.0667583
0.130645
62
0.750208
8871.68
0.915914
0.0376642
0.0284621
92
0.712965
0.477769
0.0979963
0.049297
28
0.154526
3977.54
0.875009
0.0203129
0.42718
17
0.0858829
0.467639
0.0435255
0.362734
29
0.6264
1321.21
0.900971
0.0401689
0.316388
46
0.432734
0.981423
0.0510337
0.0709349
66
0.947877
7940.23
0.967665
0.044411
0.140527
65
0.0667364
0.101163
0.0277872
0.171242
16
0.16926
2788.17
0.952286
0.015234
0.259787
77
0.129281
0.691158
0.0859129
0.140841
61
0.455489
4777.94
0.911197
0.0476894
0.391003
59
0.597531
0.0292685
0.0145303
0.407954
44
0.743234
9922.24
0.889572
0.0344987
0.236589
12
0.606037
0.62197
0.0582921
0.0191655
18
0.603822
4329.21
0.941157
0.0469373
0.474782
97
0.0469567
0.447638
0.0164132
0.258018
25
0.86518
3302.28
0.970798
0.0169004
0.268189
9
0.398312
0.112009
0.0550062
0.24466
74
0.51239
6385.48
0.901664
0.0343914
0.019191
54
0.337891
0.069328
0.0101216
0.0732193
33
0.796178
6545.41
0.979416
0.0113046
0.282623
28
0.435419
0.588463
0.0721519
0.155027
100
0.949588
8310.57
0.902716
0.0130089
0.417922
36
0.373115
0.607952
0.0478682
0.497919
50
0.107832
6341.98
0.939314
0.0335196
0.152567
45
0.459185
0.958723
0.0153646
0.429212
20
0.800125
8390.24
0.931506
0.0487368
0.456429
33
0.683525
0.899867
0.0264639
0.195513
92
0.117455
5612.05
0.907123
0.0196177
0.00452411
82
0.415791
0.739358
0.0693712
0.276525
95
0.498993
6684.34
0.8977
0.0416569
0.132294
4
0.228391
0.805723
0.0630261
0.340244
73
0.707585
3613.43
0.905107
0.0223294
0.49991
52
0.0500623
0.344093
0.0396957
0.469755
34
0.937164
6896.12
0.898457
0.0303852
0.420104
49
0.390737
0.232092
0.0575814
0.306484
58
0.70106
1592.91
0.953183
0.0259795
0.13392
67
0.512582
0.285765
0.0897037
0.0885746
60
0.960563
6865.36
0.882382
0.0319859
0.216601
68
0.106477
0.68453
0.0975505
0.48922
87
0.394974
7187.09
0.969551
0.0373986
0.333588
39
0.734696
0.595188
0.0815389
0.0460401
51
0.0583775
9157.98
0.973371
0.0462785
0.0914637
41
0.599861
0.269605
0.0723049
0.370411
98
0.681633
3340.29
0.893203
0.0480396
0.303669
88
0.615264
0.821128
0.0820097
0.493915
47
0.388074
2393.15
0.878152
0.0170479
0.412481
32
0.623794
0.544394
0.0740084
0.369574
53
0.0687039
646.457
0.964858
0.0284129
0.149785
46
0.0149214
0.404808
0.0230222
0.148723
30
0.241487
9575.17
0.96363
0.0122289
0.344549
55
0.536338
0.838454
0.0405546
0.390038
80
0.914794
16.5147
0.882903
0.0157689
0.172993
24
0.509255
0.45476
0.0880306
0.129661
11
0.473783
5172.72
0.949927
0.0245168
0.212871
44
0.131239
0.332456
0.0267893
0.475588
72
0.0913532
8021.4
0.894597
0.0473616
0.470297
79
0.493511
0.106984
0.0553461
0.375057
54
0.311967
3265.22
0.969253
0.0199682
0.377493
14
0.053917
0.141624
0.0567412
0.301566
40
0.872484
4967.74
0.962268
0.0417673
0.00631916
60
0.607668
0.876335
0.0454408
0.0395103
92
0.698852
2676.93
0.974194
0.0100189
0.196846
16
0.417126
0.698658
0.0539991
0.170615
42
0.539527
9798.55
0.958311
0.0289526
0.313892
21
0.194662
0.978191
0.0909681
0.452671
78
0.536753
5215.96
0.884089
0.0330633
0.208174
18
0.713952
0.142333
0.0878189
0.315603
40
0.236286
5228.51
0.880066
0.0151774
0.329243
95
0.369955
0.0580972
0.0813505
0.0371979
37
0.771026
3458.89
0.929337
0.0258287
0.0734358
89
0.102432
0.162932
0.0336476
0.0128987
97
0.0297554
5963.3
0.984449
0.0312676
0.0220629
20
0.356238
0.865673
0.0574078
0.234583
64
0.432586
4545.37
0.894007
0.0132731
0.222199
84
0.192065
0.613875
0.0135699
0.0706692
15
0.2741
6415.22
0.949184
0.0212851
0.348734
86
0.334475
0.0154661
0.0424324
0.477854
81
0.472602
511.842
0.971968
0.0274052
0.197813
1
0.602923
0.194505
0.0656343
0.186127
94
0.0316232
2856.49
0.951491
0.0465174
0.284915
96
0.642207
0.778374
0.050573
0.243113
3
0.125618
1561.2
0.944717
0.0430925
0.223138
18
0.514918
0.237697
0.0192427
0.315195
47
0.95449
4056.36
0.944894
0.0457394
0.244695
48
0.644087
0.0762546
0.0180313
0.231732
20
0.686327
9371.68
0.900085
0.0317721
0.207144
99
0.167584
0.394552
0.0613376
0.444515
68
0.593755
7234.42
0.88893
0.0179038
0.381304
96
0.359526
0.815641
0.01326
0.263418
32
0.67408
9619.68
0.979867
0.0486036
0.477863
84
0.717613
0.220251
0.0864543
0.338025
47
0.754786
4659.52
0.93328
0.0452483
0.315784
26
0.348601
0.253863
0.0754501
0.225487
33
0.850192
7923.45
0.887658
0.026769
0.382596
53
0.762435
0.334857
0.0265941
0.0993576
28
0.245604
6830.54
0.901248
0.0310741
0.406276
89
0.764926
0.722537
0.0261513
0.425001
43
0.492106
5487.81
0.961822
0.0347339
0.0506717
15
0.768773
0.0648187
0.0666467
0.218963
16
0.328841
4428.2
0.918813
0.0344518
0.386919
76
0.256111
0.422074
0.0712301
0.486225
79
0.907802
9470.32
0.881777
0.0404541
0.148808
33
0.707785
0.871074
0.0789286
0.335843
67
0.0955046
9867.46
0.951669
0.0276934
0.384834
45
0.591129
0.501834
0.0510687
0.115737
7
0.148413
1610.19
0.903933
0.0149136
0.0610141
34
0.704327
0.649855
0.0555595
0.480233
82
0.601586
9495.3
0.960423
0.0315453
0.434675
100
0.551638
0.967044
0.0331599
0.47219
75
0.638017
7868.27
0.904805
0.0326981
0.138906
47
0.752908
0.669037
0.0817534
0.296409
80
0.852552
8982.54
0.964254
0.0359391
0.32707
74
0.471519
0.0348589
0.0382235
0.382453
34
0.389498
2989.24
0.966079
0.0353036
0.313306
9
0.69293
0.456996
0.0903251
0.462566
7
0.308477
1139.7
0.958104
0.0370215
0.227371
34
0.516884
0.183411
0.0933763
0.210364
35
0.0826246
1973.03
0.909439
0.0338203
0.164232
8
0.179267
0.476576
0.0673324
0.142535
42
0.340552
7519.53
0.929074
0.0430384
0.154056
22
0.394827
0.31482
0.0961436
0.16127
81
0.137176
9001.2
0.93806
0.0494997
0.00968338
36
0.741398
0.137073
0.0515034
0.453795
40
0.520596
9523.4
0.982922
0.0412112
0.483765
80
0.272537
0.890601
0.0704877
0.396123
37
0.0662951
7336.7
0.982194
0.0118995
0.0515747
7
0.229064
0.881087
0.0208843
0.215244
62
0.283842
4798.09
0.921653
0.0142702
0.169448
61
0.667063
0.531683
0.0285498
0.193755
63
0.697035
5318.96
0.910036
0.0441488
0.333121
76
0.0144933
0.849668
0.0977499
0.445839
78
0.909091
8703.71
0.932878
0.023228
0.219555
51
0.314702
0.620536
0.0477537
0.425193
36
0.11028
3624.99
0.926617
0.0370566
0.176263
93
0.238416
0.259919
0.0733651
0.296152
50
0.51078
5891.35
0.962053
0.0347007
0.449839
2
0.24664
0.268277
0.0143531
0.360055
48
0.189938
3394.16
0.953895
0.0220354
0.0590506
11
0.685418
0.868757
0.0105785
0.406703
91
0.0624453
5901.28
0.929831
0.0119877
0.414041
29
0.638959
0.912045
0.085702
0.334935
53
0.713493
4722.96
0.907011
0.0290983
0.087186
59
0.0165653
0.786959
0.047382
0.367493
25
0.663878
2593.99
0.902979
0.0196883
0.190126
73
0.434254
0.292842
0.061854
0.016535
28
0.383995
9139.17
0.976525
0.0120822
0.048806
46
0.208022
0.374762
0.0983063
0.216688
76
0.899153
3237.57
0.933783
0.0263348
0.111951
36
0.28511
0.561328
0.0836939
0.183699
9
0.766658
1307.27
0.91305
0.0102979
0.114111
70
0.125371
0.627946
0.0799632
0.0212946
97
0.304445
8812.19
0.907794
0.0493117
0.185497
9
0.021885
0.409218
0.0533175
0.458085
10
0.481048
821.026
0.974623
0.0292405
0.488306
29
0.543405
0.646065
0.0624183
0.188808
63
0.503949
1414.72
0.98036
0.0163262
0.0462459
13
0.0338268
0.710305
0.0236734
0.0953623
89
0.512969
4572.72
0.957768
0.0300097
0.109865
78
0.29094
0.79705
0.039956
0.150351
34
0.131613
4536.64
0.954344
0.0352475
0.393446
68
0.519025
0.599458
0.049359
0.222352
73
0.306285
9717.45
0.926729
0.0356571
0.0722871
97
0.422351
0.363737
0.0719615
0.0657374
71
0.450892
4175.71
0.980712
0.0123204
0.335014
42
0.688863
0.687165
0.0310236
0.250139
13
0.344491
9679.47
0.934977
0.0226903
0.295391
73
0.233225
0.61175
0.0637449
0.235896
45
0.467594
9173.96
0.919413
0.0385086
0.338236
19
0.778528
0.681889
0.0182975
0.465498
99
0.574588
9645.59
0.885103
0.0183133
0.250866
20
0.00387022
0.151404
0.0653729
0.449486
78
0.929977
7817.11
0.978266
0.0396228
0.166884
6
0.655755
0.765323
0.0411188
0.318908
63
0.831722
5188.35
0.87674
0.0264169
0.244488
44
0.490955
0.694529
0.0796885
0.0297687
4
0.273313
3066.07
0.879676
0.0484707
0.336045
64
0.732304
0.647077
0.0232854
0.168438
76
0.54922
6567.99
0.927711
0.0180644
0.118007
54
0.381112
0.00273343
0.0492081
0.159927
38
0.371778
3014.15
0.94049
0.0262028
0.0236653
92
0.66041
0.428228
0.0293501
0.0383548
44
0.0216217
870.34
0.897546
0.0188414
0.295742
6
0.65221
0.554764
0.0355918
0.4465
43
0.283135
5743.92
0.917656
0.0453528
0.192049
93
0.431979
0.559071
0.0633838
0.119378
64
0.653467
274.179
0.902073
0.0393917
0.436683
21
0.529016
0.392353
0.0648856
0.292305
7
0.40724
534.728
0.932306
0.0310037
0.0537706
54
0.480724
0.387448
0.0832409
0.437579
45
0.782418
144.88
0.909571
0.048653
0.0321126
3
0.589388
0.443464
0.0736032
0.0248493
20
0.808251
9940.8
0.96389
0.0145547
0.292381
4
0.74036
0.615795
0.0631709
0.456832
41
0.168047
4061.51
0.933427
0.0160037
0.457794
99
0.333543
0.096016
0.0940541
0.373521
24
0.976865
6227.38
0.885745
0.0374541
0.199626
94
0.603466
0.609935
0.0498605
0.364569
97
0.251701
6367.37
0.94451
0.0378363
0.293084
18
0.482889
0.414217
0.0930602
0.0786579
56
0.965858
4182.24
0.978858
0.032001
0.00573964
39
0.273924
0.859595
0.0214506
0.112825
29
0.7617
3724.89
0.939105
0.0414446
0.445258
18
0.255512
0.368227
0.0114458
0.192393
51
0.317977
9021.97
0.911824
0.0383224
0.195649
51
0.105345
0.259078
0.0489261
0.262031
54
0.484846
5955.52
0.908784
0.0405052
0.160994
10
0.593955
0.365438
0.0956936
0.478076
88
0.915796
6125.12
0.904331
0.0420724
0.0845416
9
0.169191
0.243448
0.0746213
0.316697
1
0.409301
2729.2
0.88547
0.0410437
0.008004
70
0.68106
0.857276
0.0946746
0.200245
45
0.0224881
7144.45
0.974235
0.0324849
0.129598
100
0.371679
0.755205
0.0784439
0.234523
14
0.119314
5342.49
0.899221
0.025744
0.266785
85
0.542347
0.65931
0.09909
0.249415
31
0.729246
6476.49
0.886845
0.0400657
0.377024
69
0.210993
0.593199
0.0568243
0.365334
39
0.953555
2026.89
0.970324
0.0179969
0.081671
53
0.635197
0.0741863
0.0765308
0.278006
77
0.822869
5586.98
0.940656
0.0328988
0.0577388
66
0.440504
0.517152
0.0585844
0.388669
49
0.391703
437.014
0.898216
0.0168394
0.481087
81
0.532996
0.250323
0.0360278
0.357605
49
0.104818
1087.47
0.933567
0.042419
0.160499
31
0.691255
0.0116363
0.0263051
0.271792
62
0.759258
1516.73
0.912134
0.0131518
0.276401
12
0.262115
0.115721
0.0605224
0.367013
18
0.377674
1942.8
0.94127
0.0101486
0.495312
21
0.401225
0.656226
0.0789891
0.18228
36
0.0694552
5793.67
0.954565
0.0110908
0.396572
85
0.67589
0.281614
0.0199183
0.208284
89
0.345114
3021.37
0.888348
0.0459553
0.394262
34
0.262669
0.706158
0.0919552
0.325752
57
0.266583
8076.93
0.890441
0.0384038
0.32108
7
0.40322
0.835344
0.0687264
0.13407
5
0.720089
3152.65
0.915149
0.0426679
0.31769
55
0.142719
0.737534
0.0224894
0.314006
99
0.805755
7443.73
0.904633
0.0446427
0.4415
10
0.699791
0.78181
0.0467538
0.0096497
22
0.08557
3571.54
0.983952
0.0497924
0.467147
50
0.477402
0.00576708
0.0871991
0.127098
22
0.787757
3749.32
0.943274
0.0210837
0.462579
68
0.00551724
0.109255
0.0333769
0.1804
88
0.411231
5142.93
0.918714
0.0270422
0.125386
11
0.575
0.471904
0.0835386
0.300175
11
0.348924
4246.58
0.908312
0.045856
0.0109205
46
0.174762
0.921984
0.0888738
0.13327
93
0.856506
3161.83
0.95562
0.0457801
0.408783
82
0.0867874
0.7493
0.0221711
0.0261135
64
0.648783
3048.73
0.946335
0.01174
0.136386
39
0.0412996
0.686501
0.0570744
0.0985772
7
0.101249
8642.5
0.901509
0.0164111
0.00340451
25
0.500578
0.665179
0.0988514
0.274259
31
0.243057
5635.55
0.977332
0.0468706
0.205204
33
0.200882
0.0271021
0.0775063
0.158371
61
0.196268
9341.05
0.965416
0.0314991
0.204536
43
0.781856
0.295026
0.0966755
0.0182289
12
0.442637
5107.91
0.924725
0.0483712
0.368308
12
0.747945
0.401143
0.042
0.37898
69
0.990987
1998.84
0.875785
0.015345
0.0170009
81
0.61869
0.802487
0.0378509
0.137393
72
0.700015
4091.33
0.938559
0.0248031
0.26967
55
0.118334
0.384882
0.0528593
0.0444744
64
0.0811735
3842.91
0.956216
0.0411728
0.498387
23
0.242243
0.552831
0.0996241
0.124879
14
0.367134
3690.36
0.984881
0.0252585
0.0404904
87
0.0709236
0.644228
0.0195252
0.0200799
11
0.47643
2113.07
0.982798
0.0417208
0.358609
87
0.702576
0.634254
0.0425927
0.232943
88
0.680447
9975.21
0.942033
0.0102177
0.126349
97
0.473861
0.222576
0.078133
0.337256
59
0.216303
8922.07
0.976911
0.0106841
0.142655
43
0.195701
0.211295
0.0580251
0.14053
5
0.507706
75.3485
0.945804
0.0466332
0.275021
46
0.14083
0.245456
0.0460903
0.38384
22
0.636146
1656.84
0.936284
0.0340056
0.135569
25
0.275312
0.725709
0.0680574
0.490431
3
0.834918
9314.85
0.916708
0.0349788
0.476516
41
0.0179793
0.298601
0.0743505
0.324963
50
0.0104625
2941.76
0.961585
0.0286957
0.112887
64
0.215945
0.429352
0.0792419
0.142811
1
0.121258
4026.55
0.897176
0.0478627
0.425361
89
0.0444646
0.482247
0.0625695
0.0878168
34
0.459167
5136.18
0.896926
0.028504
0.461399
13
0.16102
0.484671
0.0671108
0.423166
10
0.869451
8615.97
0.938234
0.0217936
0.34938
80
0.375321
0.636865
0.0463555
0.327958
82
0.841829
57.3543
0.976048
0.0228685
0.328116
81
0.209547
0.138144
0.0297044
0.0534326
22
0.777409
4485.98
0.902866
0.0128272
0.458961
82
0.222258
0.104959
0.0219238
0.280431
3
0.757783
8360.64
0.971275
0.0427732
0.42482
48
0.455601
0.924806
0.0341974
0.433687
16
0.971969
8337.21
0.943063
0.0140399
0.0310694
94
0.780411
0.188504
0.0772653
0.0845133
42
0.633875
7883.8
0.973917
0.0366397
0.188455
59
0.48402
0.734616
0.0430445
0.254597
39
0.838811
668.23
0.977907
0.0205373
0.429347
34
0.683206
0.324632
0.0443415
0.435068
62
0.0372563
6441.95
0.93414
0.0201576
0.233223
80
0.697347
0.495751
0.0610468
0.091329
21
0.845801
6995.87
0.973179
0.028813
0.439279
76
0.399051
0.144199
0.0300464
0.484794
93
0.968777
6492.83
0.952468
0.0104438
0.0211925
39
0.216783
0.993204
0.0497592
0.0452752
47
0.22511
7139.46
0.884371
0.0178396
0.278153
89
0.545857
0.963038
0.0523773
0.124685
90
0.277656
9189.97
0.919997
0.0431609
0.497714
40
0.17327
0.442602
0.0700886
0.0680033
31
0.0946797
7364.19
0.920829
0.024413
0.260806
3
0.637883
0.536667
0.0959863
0.2445
36
0.710485
5433.63
0.902483
0.0490142
0.460992
68
0.171076
0.272291
0.0845316
0.357267
9
0.0605031
8081.4
0.914398
0.0390334
0.37161
37
0.0748118
0.307115
0.0771048
0.219866
93
0.894022
6080.04
0.946992
0.0471799
0.287433
78
0.366235
0.474185
0.0729374
0.46315
18
0.778918
4635.39
0.892499
0.0260717
0.0135069
37
0.451914
0.424401
0.0598073
0.290064
58
0.525469
7315.45
0.970513
0.0305474
0.322977
94
0.145533
0.411739
0.0943326
0.0769132
96
0.114496
6512.88
0.926172
0.0208086
0.182141
30
0.212478
0.337931
0.0810349
0.131432
48
0.6138
8780.74
0.960039
0.0193539
0.0991652
73
0.419157
0.93772
0.0411783
0.371264
86
0.98658
3991.57
0.978443
0.0422317
0.157649
71
0.701538
0.0995949
0.023969
0.1521
82
0.94538
4316.3
0.926983
0.0342577
0.0980606
21
0.0521047
0.2572
0.0904915
0.329713
99
0.334256
6280.97
0.91081
0.0409227
0.0858353
23
0.235051
0.173309
0.0894098
0.137845
76
0.460505
7266.75
0.889802
0.0408023
0.119555
72
0.0829808
0.200909
0.0210628
0.332022
91
0.998059
113.334
0.939954
0.031327
0.246326
6
0.522958
0.166383
0.0203797
0.202673
12
0.0242966
6147.25
0.887503
0.0159834
0.310711
55
0.579853
0.995846
0.0558173
0.165861
16
0.427208
3104.13
0.925539
0.0224874
0.360326
52
0.736557
0.204277
0.083072
0.483803
59
0.586893
5365.47
0.953722
0.0299779
0.045779
61
0.777561
0.818766
0.0354042
0.344554
40
0.379118
3915.99
0.960987
0.0498719
0.15097
81
0.165032
0.25265
0.0171349
0.309376
23
0.934447
2067.82
0.878024
0.0281933
0.455933
20
0.0614696
0.540496
0.0561725
0.400628
47
0.341483
7433.52
0.970128
0.0108243
0.473374
8
0.475991
0.680004
0.0863135
0.0583781
46
0.490447
224.404
0.884511
0.0454116
0.331055
57
0.0980211
0.489743
0.0538239
0.187595
52
0.558635
5674.03
0.946805
0.0333392
0.277187
82
0.345937
0.18472
0.0320072
0.333831
65
0.041748
139.715
0.931986
0.0337472
0.440991
25
0.384708
0.249148
0.0252266
0.0354821
2
0.615221
5042.48
0.96018
0.0393284
0.249422
90
0.745932
0.0216243
0.0546469
0.182798
94
0.789403
1911.54
0.980468
0.0189278
0.143694
77
0.563736
0.469547
0.0938484
0.307438
78
0.20785
2229.1
0.87833
0.0490811
0.414237
73
0.351066
0.716828
0.0403689
0.380217
51
0.0778973
3255.23
0.903785
0.036871
0.409421
70
0.368312
0.711302
0.0793327
0.146743
55
0.887121
6303.88
0.892167
0.017754
0.400737
45
0.28281
0.214918
0.051699
0.312935
97
0.42942
8118.93
0.915551
0.0463243
0.491214
7
0.305303
0.823967
0.0374321
0.0334015
2
0.219122
7393.51
0.983581
0.0422454
0.0129093
23
0.349881
0.351502
0.0590318
0.201879
23
0.263007
6749.06
0.891597
0.047002
0.247721
75
0.268208
0.766806
0.0993599
0.121883
6
0.516709
2514.33
0.955274
0.0333796
0.489477
69
0.548413
0.375455
0.0304236
0.227815
83
0.049869
4454.01
0.941478
0.0341033
0.115653
15
0.443779
0.377324
0.0176594
0.281457
24
0.736881
1376.6
0.922105
0.0272853
0.203059
54
0.698432
0.773516
0.0385856
0.347877
87
0.545114
30.2831
0.93615
0.0418486
0.388394
52
0.773484
0.290475
0.0389174
0.41174
78
0.599768
2912.88
0.905754
0.0495712
0.0711333
85
0.625037
0.089045
0.049481
0.430201
40
0.957394
9384.4
0.91093
0.0202022
0.376142
89
0.302826
0.792481
0.0596509
0.455516
50
0.817629
5761.42
0.898967
0.0268085
0.239748
47
0.453646
0.526956
0.0674791
0.108927
13
0.20367
2687.78
0.969694
0.0269658
0.174857
63
0.628282
0.0128463
0.0985137
0.385356
60
0.314557
8447.35
0.886057
0.0428526
0.318786
91
0.231228
0.43823
0.0364579
0.118721
89
0.812922
6928.87
0.964598
0.0389428
0.479416
2
0.138039
0.240907
0.0598984
0.206269
83
0.160175
4882.66
0.905367
0.0141469
0.404712
44
0.673236
0.320402
0.016589
0.0485051
15
0.396484
2979.96
0.971676
0.0133041
0.254441
24
0.280869
0.907037
0.0305381
0.153874
46
0.819976
8825.92
0.974784
0.0106125
0.454608
94
0.558376
0.597804
0.0917799
0.394581
61
0.247182
2041.24
0.930571
0.0478342
0.336689
42
0.0375024
0.723008
0.0884378
0.409434
31
0.721869
7794.53
0.910466
0.0442461
0.371095
61
0.0943685
0.779764
0.0440311
0.00305032
56
0.60999
5086.85
0.950854
0.040302
0.468744
26
0.0883991
0.809793
0.0387034
0.39042
15
0.0741253
7066.94
0.951844
0.0148489
0.431488
28
0.363767
0.381008
0.0807414
0.187776
94
0.567123
1282.73
0.972831
0.0443974
0.224338
16
0.532767
0.519581
0.0541388
0.40549
84
0.0993709
5443.39
0.964422
0.0329761
0.219712
96
0.220541
0.281132
0.0105378
0.0620017
27
0.144461
7837.33
0.91797
0.020672
0.127839
93
0.331748
0.590344
0.096378
0.143884
34
0.233091
1523.9
0.984778
0.0380857
0.0278246
27
0.340902
0.346459
0.0113524
0.173428
32
0.464333
2347.85
0.948565
0.0230175
0.35383
82
0.565814
0.745244
0.0802299
0.393872
43
0.882804
7579.45
0.9347
0.0255494
0.36132
98
0.751458
0.284755
0.0328846
0.105356
37
0.671366
1634.66
0.959043
0.0323152
0.465119
41
0.678749
0.976777
0.0139076
0.158761
36
0.436647
8894.08
0.904178
0.0403942
0.0676137
11
0.0399564
0.73207
0.0347406
0.267683
90
0.419205
9059.89
0.897236
0.0139508
0.186884
71
0.725048
0.201943
0.0132176
0.459984
30
0.255591
1763.77
0.926409
0.0294863
0.492792
4
0.72472
0.654322
0.0121445
0.215819
48
0.18111
9636.26
0.952108
0.0200733
0.0396216
58
0.323263
0.71327
0.0428635
0.139452
38
0.323484
2929.85
0.975233
0.0436564
0.107519
80
0.447145
0.720511
0.0281277
0.387651
48
0.495807
4821.85
0.918541
0.0373079
0.131164
16
0.466816
0.827968
0.0445123
0.358695
85
0.248625
7602.67
0.917414
0.0464139
0.0187456
22
0.578916
0.0405709
0.0299455
0.246745
66
0.393219
1262.99
0.919641
0.0162203
0.301405
10
0.506707
0.960556
0.0109098
0.00539085
33
0.48281
1731.52
0.876906
0.0114739
0.172097
35
0.264703
0.129339
0.0302032
0.274774
65
0.735966
7054.24
0.981335
0.0325736
0.215732
38
0.319806
0.874697
0.0290832
0.218206
58
0.923212
969.917
0.962362
0.0395851
0.0264148
40
0.407467
0.582215
0.048761
0.352482
94
0.478
5688.23
0.977249
0.042882
0.257623
18
0.469749
0.754352
0.0319596
0.199301
16
0.414796
2297.17
0.942499
0.0386501
0.281972
72
0.573134
0.640561
0.0698083
0.017204
14
0.959592
894.224
0.903317
0.0246337
0.191267
30
0.611359
0.245983
0.0842926
0.35387
20
0.544262
1141.24
0.965013
0.0175346
0.437758
17
0.218412
0.157581
0.045809
0.286124
12
0.346714
243.731
0.952809
0.0157561
0.464041
75
0.419292
0.651578
0.0384005
0.0755365
56
0.98577
5539.75
0.901947
0.0181407
0.0922589
56
0.727513
0.929787
0.0464036
0.30129
12
0.629702
541.944
0.935493
0.0426185
0.26349
98
0.721174
0.433156
0.0187638
0.176518
17
0.925684
5932.99
0.979084
0.0445586
0.215416
56
0.32058
0.635829
0.0245466
0.342432
91
0.85861
1256.67
0.94968
0.0155848
0.37945
38
0.668664
0.604929
0.0182462
0.474468
38
0.430583
5420.05
0.930227
0.0224081
0.475105
53
0.340551
0.914685
0.0635312
0.0102029
51
0.165893
6960.24
0.939783
0.0466863
0.459236
10
0.270609
0.237299
0.0365314
0.10032
46
0.580284
9401.66
0.95003
0.0161488
0.359323
73
0.619666
0.632116
0.0779666
0.0546622
56
0.981696
9423.74
0.925075
0.0456124
0.0294687
14
0.00116328
0.759979
0.021522
0.441557
56
0.297108
5324.65
0.900832
0.043747
0.229324
74
0.728253
0.0390983
0.0368924
0.222637
19
0.911114
8268.35
0.95132
0.0387682
0.484211
39
0.0199191
0.729325
0.0373374
0.110869
8
0.712473
5026.14
0.981144
0.0481954
0.428955
98
0.48681
0.874222
0.0898906
0.096854
48
0.715323
9325.07
0.965525
0.0162631
0.418815
87
0.785605
0.566856
0.050739
0.178283
76
0.424155
3940
0.966339
0.0113743
0.0634281
48
0.192704
0.0179469
0.0848972
0.245781
90
0.643623
7534.8
0.956814
0.0282723
0.0834163
58
0.58131
0.0302487
0.0178829
0.252929
96
0.811383
8470.15
0.96845
0.0295889
0.482092
86
0.460363
0.769189
0.0544249
0.421349
4
0.836019
8155.94
0.93704
0.0218527
0.00789525
95
0.587378
0.801783
0.0899343
0.226531
20
0.255027
4148.28
0.982128
0.0388578
0.177623
61
0.422619
0.790977
0.0572202
0.0818847
69
0.128053
3465.44
0.913755
0.0302313
0.29846
76
0.497846
0.673955
0.0697302
0.278888
64
0.0384512
9286.05
0.936463
0.019899
0.235831
72
0.496348
0.923959
0.0577683
0.0670889
33
0.139848
2774.6
0.957464
0.0238679
0.146571
37
0.337639
0.884661
0.0921173
0.436053
4
0.351549
4503.55
0.921438
0.0190745
0.438997
30
0.537934
0.110722
0.0284393
0.174331
6
0.763764
2452.68
0.890195
0.0192164
0.0581876
37
0.649743
0.810511
0.0111464
0.26023
9
0.192622
356.576
0.957719
0.0349275
0.342035
26
0.790995
0.564384
0.0766201
0.310423
21
0.279282
306.4
0.937131
0.0335333
0.300344
100
0.135432
0.229276
0.0196878
0.322802
30
0.9181
8951.12
0.979669
0.0283313
0.116294
89
0.79612
0.568956
0.0861052
0.237198
43
0.849365
9261.5
0.882973
0.0171277
0.0852455
64
0.132929
0.485422
0.0642571
0.247774
63
0.656714
8347.41
0.963357
0.0485383
0.347563
53
0.250333
0.386277
0.0198418
0.10138
67
0.572533
1741.39
0.880384
0.0450351
0.0474508
20
0.733363
0.451186
0.0991416
0.135829
73
0.78207
4874.69
0.895364
0.0185952
0.387968
65
0.609089
0.0925424
0.0852291
0.0747871
70
0.650095
9775.34
0.955323
0.0243632
0.35145
50
0.0604365
0.288486
0.0702175
0.193431
55
0.827056
3293.75
0.923872
0.0407345
0.284047
27
0.662798
0.460278
0.0281932
0.38066
30
0.815197
2319.6
0.887113
0.0237433
0.309778
94
0.0236016
0.799476
0.0868848
0.36097
45
0.0267072
7916.23
0.922813
0.0278773
0.356428
22
0.287555
0.148739
0.0485117
0.151285
82
0.660046
6809.66
0.919814
0.0345856
0.351213
67
0.524044
0.301183
0.0335554
0.0866425
28
0.331946
9091.96
0.893334
0.0377416
0.17006
61
0.495179
0.932184
0.0969553
0.204449
52
0.844969
4808.69
0.940338
0.0191897
0.308055
75
0.515976
0.94871
0.0275183
0.414342
79
0.30943
4204.5
0.943723
0.0287439
0.0746291
93
0.715588
0.513642
0.0955721
0.416257
66
0.693718
6051.16
0.87625
0.018233
0.373924
61
0.456132
0.840656
0.0140502
0.0933648
72
0.300361
1164.51
0.889089
0.0137569
0.100133
62
0.464905
0.464716
0.0423462
0.0693364
60
0.941956
173.703
0.924214
0.044724
0.372911
90
0.0811581
0.975155
0.0185477
0.362076
99
0.897137
9993.85
0.914095
0.0222541
0.325952
98
0.114455
0.408027
0.0778572
0.467537
69
0.443635
9743.63
0.983148
0.016543
0.173768
43
0.0734121
0.677333
0.052087
0.432499
45
0.44734
5836.89
0.956027
0.0366786
0.354834
88
0.313202
0.626036
0.0323689
0.116633
65
0.825509
3544.9
0.928389
0.039773
0.289819
65
0.669693
0.226436
0.0549039
0.499216
26
0.0874518
1795.14
0.883889
0.0276765
0.325092
85
0.357903
0.715922
0.0986108
0.231452
95
0.879452
2257.86
0.948865
0.0115405
0.426339
8
0.661588
0.0523776
0.0317194
0.269236
52
0.583867
484.858
0.879327
0.0454866
0.238413
82
0.411256
0.931287
0.0526326
0.0316274
79
0.571284
3510.49
0.9389
0.0451696
0.305498
78
0.525804
0.0432925
0.0326896
0.265017
73
0.156112
637.186
0.891231
0.0147073
0.487546
21
0.559254
0.432039
0.0250717
0.438816
57
0.0330679
9557.25
0.88693
0.0233193
0.252024
67
0.739011
0.970276
0.0455957
0.329136
40
0.629919
6180.98
0.896501
0.0440788
0.0377951
85
0.048547
0.868104
0.0271361
0.175254
87
0.555023
561.677
0.930788
0.0497057
0.120411
93
0.648722
0.119247
0.0649391
0.466069
62
0.99607
6600.25
0.973022
0.0236149
0.0891308
70
0.0432674
0.372195
0.0438549
0.304312
44
0.404947
4261.38
0.876523
0.0380432
0.104076
91
0.788484
0.79496
0.0459297
0.34988
19
0.98821
8570.95
0.935163
0.0433636
0.0800724
29
0.251364
0.663882
0.0615841
0.189668
7
0.257788
8735.13
0.948308
0.0212677
0.29342
49
0.283496
0.341405
0.0499733
0.35043
15
0.935784
4389.01
0.88802
0.0134287
0.357552
90
0.00204841
0.927377
0.069403
0.29342
11
0.66222
7204.36
0.911695
0.0379652
0.34315
16
0.785499
0.0189057
0.0322935
0.270667
92
0.0134414
6642.73
0.967473
0.0239741
0.144988
92
0.42496
0.218952
0.0954012
0.288653
27
0.901621
8526.17
0.877572
0.0378685
0.165884
17
0.171954
0.642433
0.0448524
0.240511
35
0.38031
4289.31
0.935777
0.0253587
0.111535
12
0.116098
0.0663808
0.039101
0.251073
3
0.563913
7975.34
0.923256
0.0147759
0.0307725
50
0.61108
0.602748
0.0751185
0.428302
68
0.532867
9848.25
0.875605
0.0439916
0.478124
74
0.0261066
0.20738
0.0483064
0.419696
80
0.400806
9219.13
0.941734
0.0123012
0.141373
44
0.327404
0.584349
0.0545852
0.00651618
41
0.565504
7171.77
0.889417
0.0399473
0.432191
49
0.179517
0.817212
0.0397483
0.0526255
54
0.485343
3091.64
0.905211
0.0246929
0.365402
86
0.754507
0.491618
0.0845045
0.17209
6
0.799181
5652.62
0.93285
0.0383092
0.0240271
80
0.687468
0.592077
0.076895
0.00481107
21
0.0844453
4616.33
0.922572
0.047246
0.449008
66
0.379892
0.850739
0.0102417
0.252097
86
0.531663
1682.58
0.895059
0.0111344
0.201205
18
0.00653347
0.311926
0.0926364
0.24108
86
0.412189
4710.25
0.936641
0.0250502
0.320018
58
0.187668
0.196051
0.0446921
0.00206849
25
0.802631
7547.11
0.961419
0.0256021
0.192794
3
0.137115
0.883092
0.0941334
0.473082
67
0.841536
8136.21
0.937608
0.0274749
0.265134
83
0.552623
0.341147
0.0370347
0.355199
82
0.4203
1103.51
0.881237
0.0441924
0.138296
27
0.0959915
0.657942
0.0608803
0.116859
18
0.289675
3708.47
0.910352
0.024941
0.297703
2
0.127527
0.917466
0.0308498
0.0803002
84
0.878212
2813.94
0.881906
0.0138574
0.0940118
84
0.0457994
0.888703
0.0601361
0.283026
78
0.995916
6777.14
0.945577
0.0225671
0.420934
23
0.162936
0.446854
0.0936908
0.0424721
34
0.876708
740.568
0.921918
0.0154051
0.246646
97
0.445869
0.436845
0.0748617
0.397322
49
0.287673
8195.41
0.918199
0.0396931
0.306616
67
0.199584
0.771036
0.0432146
0.448411
2
0.320785
1849.69
0.908498
0.0355036
0.422317
25
0.185265
0.389564
0.0711053
0.349071
11
0.677879
332.122
0.892764
0.0413415
0.0522479
9
0.119844
0.480185
0.0528238
0.00870598
39
0.213303
7723.04
