1
12.9503
68
90
1
13.9514
10
94
1
11.91
38
79
2
27.3301
22
94
2
10.0051
59
66
2
16.335
86
58
2
10.2608
91
72
2
15.0966
61
48
1
29.8023
82
45
2
25.7202
79
84
2
13.3748
95
70
2
28.7254
56
49
1
25.2914
96
40
1
29.448
51
74
2
24.5586
74
51
1
13.2599
9
52
1
17.4504
70
49
1
28.4624
54
32
1
25.2178
66
32
2
22.0946
43
85
2
22.4173
53
95
2
11.4943
82
28
1
17.56
98
31
1
27.1372
95
53
1
22.9786
27
41
1
29.279
97
94
1
28.2495
27
63
2
12.9812
2
92
1
13.8974
2
85
1
25.3737
69
76
2
24.4428
56
59
1
16.7302
3
76
1
29.0442
78
70
2
26.1753
91
39
2
14.3387
75
71
1
13.1084
40
38
1
13.4377
7
75
2
14.4643
67
45
2
17.7338
95
64
2
13.3347
61
97
1
28.9688
47
30
2
20.5686
90
36
2
12.2654
20
49
2
24.5647
44
47
1
20.1218
5
85
2
25.4833
7
25
2
27.0827
49
76
1
26.5825
16
37
1
24.0834
10
85
1
22.6605
17
84
1
19.2197
53
95
2
17.0169
89
81
1
23.3219
89
89
2
11.8213
51
30
2
14.4294
84
37
1
16.7707
21
34
2
24.8125
48
96
2
10.1979
16
73
1
18.6662
36
97
2
27.4789
36
83
1
26.3068
8
51
2
13.523
82
59
1
10.3174
5
61
2
25.4432
55
93
2
27.5355
74
73
1
17.9361
58
34
2
11.8472
84
35
1
29.3751
53
27
2
20.7744
28
52
2
15.6673
79
71
2
13.8772
11
47
1
19.9076
64
55
2
11.9391
70
80
2
14.517
15
69
1
14.8941
3
75
2
14.9794
17
65
2
27.3824
99
47
2
29.2378
49
53
2
28.7984
23
74
2
21.8549
46
33
2
22.3839
55
38
1
18.7211
62
69
1
10.1097
36
82
2
16.2384
46
28
1
14.6693
100
25
1
28.7115
22
90
1
20.6166
14
99
2
26.4953
52
68
1
29.3128
27
32
1
13.2821
77
97
2
24.122
73
31
1
25.9038
85
25
1
27.6704
2
25
1
26.629
56
81
2
21.7583
43
79
2
11.1735
37
99
1
15.4391
98
21
1
19.0543
29
83
2
11.7048
4
51
2
23.058
31
39
1
13.1907
11
56
2
25.8261
76
66
1
29.6113
19
62
1
16.4018
61
37
1
10.1569
88
38
2
12.7721
20
39
2
18.3992
63
68
2
24.908
87
52
2
15.0637
19
58
2
17.332
7
21
2
17.4134
38
52
1
23.6433
63
63
2
22.5203
35
78
2
10.3313
7
98
2
26.4148
89
35
2
23.7635
23
34
1
28.6349
60
89
2
17.7755
48
59
2
11.6453
5
83
1
27.9706
68
57
1
29.8874
23
56
2
15.2483
41
100
2
24.222
18
43
1
27.7494
66
38
2
27.2658
21
82
2
16.6181
76
84
1
23.4637
82
77
1
13.1201
75
67
1
21.5517
12
37
2
10.6168
58
92
2
22.3205
85
25
2
28.814
75
87
1
29.6898
36
61
1
10.7898
64
93
1
10.2123
39
88
1
13.0101
98
63
1
11.3934
40
95
2
20.2452
77
33
1
22.5674
86
76
2
24.1716
10
56
2
13.9782
12
21
1
25.423
99
90
1
18.4024
13
80
2
11.5893
60
46
2
10.5007
14
88
1
29.4152
72
34
2
24.7847
70
27
2
24.0634
92
78
1
18.2067
93
61
2
16.1629
39
44
2
22.2719
63
94
1
15.923
95
77
1
16.6529
25
100
1
12.0514
90
29
1
15.7261
15
57
1
28.1135
33
83
1
18.625
69
29
2
12.8974
47
92
1
26.9831
78
53
1
24.6193
55
54
2
27.4287
26
24
1
19.9726
64
80
2
23.5841
99
96
2
27.1864
6
49
1
26.2681
5
74
2
10.5965
43
35
2
24.7084
83
41
1
20.3478
42
41
1
28.9578
88
48
2
17.9621
15
100
1
28.3143
57
26
2
15.5578
42
69
2
27.0334
69
90
2
11.542
41
34
1
23.1577
70
30
2
22.7722
96
79
2
14.377
80
65
2
18.443
34
24
1
12.1956
12
43
2
19.5462
74
81
1
18.7862
51
87
1
23.2622
56
54
1
21.61
35
60
2
19.4398
19
43
1
13.617
47
28
2
21.7819
100
72
1
14.687
6
72
1
26.3636
81
86
2
11.6098
52
64
1
27.5825
55
48
1
15.1388
40
21
2
13.7504
92
44
1
18.5048
14
44
2
28.0765
28
91
2
17.3602
79
54
1
14.1269
82
87
2
23.1134
20
78
1
19.3883
31
74
2
18.7053
31
59
1
22.1753
99
40
2
13.448
31
24
2
11.4246
18
92
2
27.4905
18
99
2
14.8315
1
65
1
29.9842
57
30
2
21.303
8
33
2
12.089
64
20
1
18.5328
6
76
2
22.6374
26
62
1
23.6958
39
39
1
20.8342
22
38
1
16.3066
98
97
2
29.1963
72
61
2
10.0532
9
70
2
26.067
43
50
1
23.9365
81
26
2
14.8691
24
90
2
17.4961
37
54
1
20.739
35
34
1
27.9059
61
58
2
24.2696
67
43
1
24.3873
66
92
2
14.3187
5
21
2
25.0315
53
38
2
11.9772
67
84
2
19.7007
90
45
1
16.1346
92
85
2
12.3768
75
54
2
21.152
25
81
1
23.546
83
93
2
20.5083
74
88
2
16.483
45
55
2
22.8857
93
86
2
29.0054
3
87
1
19.1903
77
47
2
10.9843
21
41
2
21.2459
59
42
1
28.1824
20
50
1
23.3048
53
72
1
25.188
97
50
1
16.8593
58
34
1
25.5326
81
78
2
16.4497
96
70
2
21.9263
33
75
1
20.9672
49
92
2
26.7819
72
40
1
19.8356
68
83
1
20.0715
34
27
2
19.2711
79
48
2
10.4233
87
28
1
16.8201
54
54
2
28.4925
29
94
1
23.6256
57
22
1
23.8232
10
89
2
10.6773
58
24
1
16.918
33
22
2
24.4896
54
58
1
18.1014
51
50
2
18.3064
33
36
2
26.3435
33
77
2
21.8298
42
73
2
26.0086
80
33
1
20.6965
4
78
2
25.1355
8
99
2
10.73
61
49
1
15.0014
12
89
2
28.3867
19
93
2
26.8883
50
30
1
23.0276
96
23
2
22.5098
89
69
1
22.7133
37
65
1
10.3955
30
67
1
27.7766
73
60
1
15.6091
8
75
2
14.9285
90
51
1
28.8594
60
46
2
11.0305
18
75
1
24.9483
51
67
1
19.3211
94
65
2
10.8718
23
80
2
11.7927
3
86
2
17.5853
97
63
1
22.4717
69
37
1
20.2102
38
36
2
12.2333
32
79
1
20.4475
75
63
1
24.4139
15
29
1
21.4202
34
46
1
23.904
38
85
1
28.4208
82
67
2
19.3065
77
57
2
14.732
14
95
1
24.9819
65
66
2
23.1843
93
27
1
12.4725
28
22
2
29.1072
13
82
1
26.7057
91
93
1
17.2331
71
55
2
14.599
89
58
2
10.4755
87
89
2
15.836
7
68
1
15.9899
39
66
1
25.0515
29
93
2
20.2915
32
81
1
18.1733
74
84
2
13.7873
34
44
1
13.5845
3
24
2
29.3514
17
94
2
17.6418
11
79
1
25.7851
21
46
1
17.6108
47
69
1
28.9088
48
65
2
14.6118
60
21
1
21.7012
54
45
1
12.6068
49
40
1
11.7504
80
99
2
19.1519
35
37
2
10.8951
67
41
1
28.5542
88
77
1
21.2312
79
42
2
13.697
64
29
1
29.6703
69
96
1
15.3751
26
39
1
23.4001
93
31
1
10.8323
99
98
1
19.7465
32
71
2
29.7438
44
23
2
28.1361
91
59
1
16.0989
43
70
1
26.7523
95
64
1
12.6701
81
60
2
24.3096
38
80
1
19.5777
42
43
1
22.8603
37
44
1
11.2766
52
55
1
25.2517
25
21
1
16.2559
92
73
2
26.087
66
68
1
15.8578
41
71
1
22.8069
13
63
2
18.9857
65
46
1
23.4816
87
99
2
19.8515
70
51
1
11.1514
72
25
2
11.0497
58
57
1
23.7354
50
26
2
25.6306
65
62
2
19.0976
76
59
1
17.7151
91
49
1
15.5121
32
64
2
20.6682
44
45
1
12.8055
62
56
1
17.2656
59
77
1
13.6618
73
35
1
19.7614
77
91
1
21.6735
49
35
2
12.3365
76
31
2
19.4478
60
74
2
22.0245
37
72
1
23.9831
88
71
1
21.0987
25
98
2
27.052
86
79
2
12.1549
100
38
1
15.2348
46
60
2
26.8629
41
71
1
24.7409
16
91
2
19.4824
39
40
2
27.2934
86
60
2
17.2904
68
67
2
21.0505
9
64
2
12.5255
16
64
2
16.5735
76
32
2
26.1566
29
75
2
16.9371
41
47
1
15.1751
66
91
1
14.5516
48
28
2
17.8719
15
68
1
27.9521
68
31
1
20.883
73
65
1
22.1475
59
53
1
24.0362
16
56
2
16.0005
80
57
1
14.2302
71
74
2
19.0035
63
44
2
21.4659
50
73
1
28.3393
97
48
1
10.5474
93
22
2
16.5338
24
51
2
13.4802
71
29
2
20.1045
56
22
2
13.0516
52
98
1
21.3357
55
97
1
14.2569
46
68
2
12.741
25
55
2
21.9939
62
86
2
25.3412
78
78
2
21.5737
13
20
2
23.8528
96
54
2
22.9482
5
86
1
18.9079
71
20
1
18.3299
88
53
1
27.2031
50
91
2
14.1871
17
86
2
25.1147
41
36
2
18.2541
86
46
2
12.8708
42
62
1
27.8584
32
36
2
20.0138
12
61
1
25.6665
58
88
1
18.1572
44
55
1
19.6686
84
33
1
29.5046
73
46
1
20.1972
94
56
1
14.0295
64
89
2
26.2289
35
81
2
16.6875
20
42
2
15.717
76
57
2
15.3238
84
83
1
17.8086
50
93
2
15.292
9
53
2
17.176
79
29
2
18.8106
24
52
1
17.0832
23
27
1
11.1033
19
96
2
27.614
83
90
1
29.7845
94
82
1
17.0531
57
23
1
26.4413
86
72
2
25.9605
40
29
1
28.0078
92
61
2
11.3257
22
26
1
28.6629
62
45
1
16.0744
45
40
1
27.8064
40
87
2
29.9538
71
88
2
13.2057
28
48
1
23.2273
85
73
1
25.9345
10
64
2
19.9409
47
52
1
21.3676
45
28
1
26.8044
48
62
1
21.1914
65
31
2
18.5749
80
50
1
15.474
94
82
1
13.8152
27
99
1
11.458
85
42
1
21.0044
83
87
2
14.089
62
23
1
27.7038
29
49
1
12.6962
84
70
2
18.0392
17
25
1
24.6788
72
59
1
12.5982
18
27
1
19.6017
93
62
1
29.1513
97
66
2
20.5484
2
39
1
20.3972
68
42
1
24.3355
45
82
2
23.3697
30
75
2
15.8882
56
60
1
12.0198
8
84
1
21.4929
6
51
1
11.216
23
43
2
14.7923
30
27
2
15.5726
4
42
1
16.3947
52
78
1
12.4934
98
24
1
26.6493
9
96
2
26.9459
24
32
2
15.7789
30
24
1
11.3067
20
26
2
22.3058
34
86
2
28.2167
78
91
1
25.5787
27
35
2
22.2218
35
43
1
22.7303
1
77
2
14.0769
4
71
1
29.5874
29
81
1
17.1451
54
69
2
12.4188
31
80
1
22.0405
44
32
2
12.2852
6
22
2
20.4018
13
97
2
25.7014
30
33
1
17.9084
22
41
1
18.0762
24
47
2
10.7178
11
95
2
29.8588
83
68
1
18.9257
60
76
1
20.9349
90
36
2
25.8595
65
66
1
18.8519
46
96
2
26.5463
87
97
2
24.8465
2
89
2
20.8607
11
58
1
29.5295
26
95
2
16.9853
14
23
2
10.9442
26
31
2
28.5925
2
98
2
21.8901
45
88
