2
16.001
60
0.687033
94
1
18.4271
18
88
1
29.7975
1
0.36785
28
1
15.891
24
85
1
25.3933
80
0.674724
39
2
25.7224
79
61
2
20.3939
74
0.064063
25
2
20.3299
57
65
2
22.786
80
0.16867
85
1
25.4744
54
48
1
20.7377
35
0.0550523
72
2
17.2579
56
44
2
22.5846
53
0.607081
80
2
20.8643
50
93
1
23.1846
42
0.448431
93
1
18.1768
73
25
1
13.1921
19
0.617215
63
1
28.75
8
68
2
28.8886
79
0.0322712
81
1
27.2299
4
72
1
19.7125
90
0.982649
48
1
13.3736
48
34
1
21.2556
23
0.975907
78
2
29.4273
66
37
2
18.8497
46
0.246815
32
1
11.1776
82
76
2
27.6686
40
0.548003
96
1
25.6135
92
63
1
10.4031
11
0.0472367
95
1
15.4079
86
22
1
25.7774
32
0.841503
40
1
16.8559
42
66
2
13.2063
76
0.524189
60
1
19.5116
58
55
2
10.2868
95
0.0203669
30
1
22.7051
38
56
2
13.2894
67
0.798315
98
1
12.8023
96
55
1
11.0344
42
0.232362
29
2
12.6219
6
32
2
16.1294
88
0.682078
40
1
12.1178
16
23
1
28.3051
77
0.472785
44
2
13.9893
49
27
1
14.0086
27
0.547427
78
2
11.9009
44
28
1
19.8047
96
0.0927379
60
1
17.2906
62
60
2
14.4239
75
0.663208
63
1
19.5797
2
85
1
12.9252
68
0.843764
34
2
18.2525
84
72
2
16.9347
70
0.16293
86
1
12.8553
44
37
2
19.7536
6
0.794816
31
1
25.4201
44
44
2
28.1546
5
0.323545
53
2
25.8455
71
95
1
22.4409
38
0.335478
47
1
29.0651
56
89
2
15.4001
12
0.507625
86
2
26.4676
78
54
2
15.0711
51
0.973924
25
1
15.0586
87
84
1
22.2925
94
0.680579
55
2
15.8544
78
22
2
29.851
86
0.207931
23
2
22.4918
59
21
2
24.7736
27
0.0961786
52
2
24.7103
47
51
1
15.5924
76
0.833399
41
1
11.6875
35
27
1
21.1874
26
0.254753
77
1
29.19
18
40
1
17.8466
6
0.661226
34
2
16.1901
92
44
1
27.7957
22
0.318546
35
1
19.2034
10
32
1
23.9013
41
0.820066
42
2
27.9783
24
84
2
16.9091
56
0.676026
90
1
13.666
93
92
1
18.1352
13
0.306661
60
2
22.0468
53
43
2
15.7583
1
0.800942
95
1
27.4639
83
98
2
24.8437
96
0.888342
100
2
14.476
76
69
1
10.0363
47
0.0845222
57
1
18.0163
46
82
2
24.4043
67
0.819614
90
2
13.8273
70
64
2
20.8925
33
0.741646
43
1
20.3929
22
37
2
18.5148
25
0.358428
92
1
26.4049
5
40
1
18.0623
63
0.804061
97
2
25.1949
12
96
2
23.3657
92
0.555335
42
1
22.4068
19
68
2
18.8237
9
0.544885
28
2
28.1624
97
49
2
10.7153
52
0.508898
41
2
10.9165
23
63
1
21.8512
70
0.960728
62
2
25.3726
60
71
2
21.8398
81
0.125354
76
1
29.1328
45
53
1
13.7027
49
0.0994707
75
2
14.5745
75
98
2
25.1221
47
0.644221
23
2
15.6846
35
57
2
23.7075
51
0.870312
86
1
10.2903
31
99
2
19.2915
21
0.0481715
62
1
16.4189
23
39
1
11.402
19
0.455349
33
1
11.463
71
76
2
22.0189
40
0.240106
28
2
14.4202
4
94
1
29.9315
52
0.923384
84
2
15.6366
70
100
1
19.6388
24
0.876199
91
2
25.8949
2
22
1
25.6308
82
0.221922
63
2
18.0775
79
79
1
22.7341
47
0.624454
26
2
19.9672
50
77
1
19.5427
98
0.136193
94
1
18.9206
98
97
2
20.7607
14
0.252947
89
2
13.1655
30
33
2
26.6528
25
0.0428307
57
2
10.1222
75
78
1
28.6745
29
0.312945
73
2
11.0009
21
41
2
26.7982
76
0.0684558
96
2
17.6837
22
50
2
24.6164
37
0.70383
66
1
27.574
76
83
1
22.9912
60
0.15258
88
1
16.4451
36
95
2
14.5747
35
0.505895
87
2
19.7358
16
43
2
13.5829
42
0.915437
97
2
20.2032
33
29
2
26.8314
23
0.825934
83
2
14.1637
20
29
2
26.9079
32
0.404498
87
2
22.3592
79
83
2
17.6497
77
0.730443
57
1
26.117
67
82
1
21.6708
77
0.659735
74
1
11.511
77
60
1
18.4472
53
0.00925313
26
1
13.408
90
92
2
11.5708
91
0.979374
50
2
22.8238
64
93
1
27.4031
43
0.479295
72
2
28.6006
78
57
2
29.1928
46
0.598197
48
1
23.3185
97
61
1
13.5459
54
0.109132
47
1
21.1521
61
45
1
21.119
81
0.863661
83
2
25.3096
89
90
2
21.6283
3
0.564943
79
2
19.0572
61
35
2
22.6886
36
0.574847
28
1
20.4276
93
69
2
10.2445
34
0.450998
60
2
12.7618
67
88
1
17.1502
52
0.239353
78
2
22.3997
82
62
1
11.6233
73
0.45807
78
2
26.0082
29
68
1
10.6427
43
0.965106
30
2
14.9973
77
97
2
20.2003
58
0.561675
82
1
21.6921
56
40
1
25.9963
99
0.576385
90
2
27.9249
14
34
1
29.1328
80
0.892387
29
2
12.4854
49
96
2
26.99
69
0.171786
74
2
17.9428
90
26
2
21.9266
82
0.668289
56
1
10.6031
83
43
2
22.3831
30
0.0440339
88
2
25.0641
19
75
2
17.2712
68
0.462823
69
1
23.9308
88
42
1
29.5853
82
0.785313
46
1
17.4944
14
45
2
19.3229
13
0.867995
48
1
16.1496
11
54
2
10.8062
82
0.634356
44
2
12.1435
95
52
1
26.5768
11
0.605876
43
2
22.2349
26
22
2
10.9884
62
0.590341
81
1
29.9622
39
39
1
25.6991
45
0.648139
28
1
16.5729
36
47
1
28.2104
19
0.944744
27
1
28.6836
28
74
2
15.1836
87
0.517676
79
2
20.8854
56
38
2
10.19
18
0.488468
81
2
17.8574
41
42
2
10.0897
94
0.395745
83
2
21.5987
7
58
1
12.4798
65
0.271978
39
1
17.3282
25
85
2
15.1127
31
0.962426
58
2
10.2545
17
69
1
14.7466
51
0.412516
85
1
21.9706
19
51
2
29.6875
57
0.257602
55
2
12.0544
69
79
1
28.4109
56
0.480373
94
1
19.6566
77
91
2
29.6461
78
0.147748
99
2
11.2912
75
31
1
29.9907
92
0.626995
68
1
12.6843
34
91
2
20.1749
39
0.0948726
37
1
15.3759
67
82
2
21.8983
3
0.423267
80
2
21.2522
39
80
2
23.2313
33
0.23718
61
2
24.9043
27
62
1
28.7801
55
0.62289
42
2
28.6429
37
70
2
14.2313
35
0.491677
59
1
29.6022
99
35
1
26.4677
84
0.0607274
26
2
12.1881
37
94
1
28.0067
78
0.592891
22
2
14.007
8
67
2
16.3681
72
0.84847
43
1
21.9543
57
51
2
12.5455
84
0.878164
93
1
19.4143
40
59
1
27.2041
59
0.49834
31
1
12.5814
45
64
2
28.7397
44
0.343542
80
1
25.9387
49
61
1
15.332
5
0.154687
53
1
11.9911
100
66
1
12.8882
69
0.835556
62
2
29.5115
30
41
2
17.0381
89
0.160158
51
1
12.6702
9
67
2
14.4835
23
0.380547
63
1
11.1268
98
25
2
25.3491
88
0.713934
74
2
16.6862
24
59
2
19.1406
25
0.265394
59
2
12.3911
34
82
1
10.7998
7
0.761724
69
1
18.7229
14
42
1
10.6024
53
0.336038
56
1
16.7738
6
63
1
14.3118
94
0.0417167
56
2
22.1148
49
92
2
25.209
13
0.219507
65
2
17.6038
36
78
1
12.7207
41
0.62846
95
2
23.1239
44
65
2
23.3567
50
0.205465
98
2
25.528
3
97
1
20.9701
65
0.885216
49
2
24.5381
96
29
1
13.83
81
0.00153476
97
2
26.0676
47
36
2
24.144
19
0.911832
41
1
17.1718
65
21
2
21.464
4
0.345398
94
1
17.2172
14
53
2
17.103
3
0.724154
35
1
13.1232
91
90
2
14.8591
26
0.435962
54
2
15.2842
6
26
1
11.4752
72
0.905363
21
2
18.6286
52
43
2
17.175
35
0.384141
21
1
26.3501
21
31
1
14.769
33
0.178457
32
1
22.9981
85
44
1
15.769
8
0.377513
74
1
14.6157
66
72
2
14.9758
25
0.211413
49
2
13.591
12
47
1
12.9897
61
0.120962
38
1
21.7944
97
74
1
23.7439
63
0.0176891
39
1
24.5709
65
78
1
12.3625
100
0.650582
51
2
27.7535
46
98
1
25.1112
41
0.551353
89
1
21.861
17
100
2
25.2493
38
0.10774
97
1
15.5686
96
89
2
29.3567
85
0.540866
46
2
11.6024
61
60
1
13.4298
73
0.788715
64
2
25.6676
39
67
1
15.5519
9
0.249904
78
1
27.428
5
53
2
14.373
24
0.845189
37
1
24.9999
17
84
1
10.3356
45
0.639221
84
1
25.2643
43
37
1
26.0254
46
0.896522
88
2
12.2013
31
44
2
16.2163
78
0.215164
79
2
21.2116
60
62
2
12.0573
34
0.291748
60
1
26.7379
81
86
2
16.3289
88
0.285031
50
1
12.4178
69
20
1
15.2103
10
0.744205
51
1
15.4733
63
64
1
19.3819
58
0.453646
75
1
12.0269
67
52
2
16.4322
83
0.615309
64
1
13.9517
89
54
2
11.1773
40
0.484561
72
1
26.7189
13
97
1
29.912
11
0.0828882
71
1
21.9137
82
74
2
23.6252
37
0.56757
29
2
13.775
58
46
2
27.6203
74
0.28794
23
1
11.7257
68
95
1
18.2534
53
0.502198
38
1
18.3631
26
31
2
18.2941
65
0.208584
34
1
26.6068
25
30
1
10.9231
67
0.324329
27
1
13.2207
45
47
1
11.0807
66
0.14575
81
2
16.6711
91
36
2
24.9478
55
0.632836
31
2
14.8428
25
33
2
13.51
28
0.370248
68
1
13.518
33
96
2
21.1468
71
0.353032
67
1
10.0736
92
58
2
14.8184
58
0.272673
80
1
26.1524
35
94
2
11.2417
62
0.117525
96
1
21.3881
37
70
2
29.8338
84
0.340252
73
2
27.1745
96
61
2
20.438
87
0.817329
25
1
18.6783
33
70
2
17.5375
93
0.752278
90
1
29.3714
23
31
1
22.529
36
0.780552
47
2
11.9545
47
60
1
28.828
97
0.41198
65
1
24.0994
79
48
2
16.2886
19
0.919412
22
2
17.7426
3
32
2
15.9814
70
0.999387
36
1
27.0157
75
74
2
22.0787
73
0.855618
84
2
12.8994
4
38
2
10.2278
36
0.532068
33
2
28.0898
30
99
2
12.093
91
0.859827
43
1
11.3265
39
60
2
16.827
84
0.527362
70
2
28.4894
10
63
2
16.5415
71
0.443555
27
1
17.7714
36
38
1
13.061
71
0.826076
73
1
14.2487
65
34
1
26.1199
86
0.585554
84
2
25.5911
79
26
1
29.4101
61
0.157224
39
2
23.7534
80
48
2
10.5023
14
0.59443
24
2
15.6429
21
92
1
14.663
48
0.707352
61
1
11.8012
49
57
1
13.6794
17
0.269713
45
2
23.0102
10
52
2
24.2997
48
0.0283102
53
2
19.1999
30
90
1
28.6978
17
0.0671693
33
1
28.8176
94
32
1
11.2377
49
0.846816
92
2
16.2887
92
29
2
22.2154
85
0.791781
83
2
23.8257
28
86
2
18.1115
99
0.672982
55
1
18.2952
94
39
1
24.8003
16
0.984759
46
1
27.6393
85
24
2
25.0208
16
0.895741
24
2
29.7731
38
91
1
20.8321
20
0.13181
25
2
12.4549
86
41
1
20.2533
95
0.653823
62
2
14.7763
90
49
2
20.4805
60
0.917451
78
1
26.1859
76
87
2
24.6938
5
0.608204
35
1
18.501
24
25
2
13.6325
58
0.0520729
91
2
11.2036
82
49
2
17.6112
38
0.425951
46
1
10.0075
22
50
2
24.5617
86
0.138862
79
1
15.9882
29
66
1
28.9905
47
0.0227759
35
1
27.8918
72
39
2
26.4902
14
0.330042
31
2
29.5778
14
62
1
29.4471
72
0.231107
61
2
23.431
27
76
2
27.8885
45
0.0765213
33
2
22.6399
53
67
2
22.9382
16
0.71614
55
1
18.5576
76
36
1
11.292
45
0.510326
89
1
20.7888
62
99
1
12.6202
43
0.0875266
41
1
13.2999
14
59
2
26.0748
96
0.195318
71
1
28.3182
61
30
2
26.3387
27
0.95513
37
2
11.09
17
41
2
12.8132
63
0.190132
87
2
24.0125
40
71
1
25.8208
10
0.929379
77
1
28.5798
69
81
1
17.6895
68
0.0367328
59
2
12.2802
88
86
2
19.5853
12
0.655029
73
2
20.0499
23
71
1
25.2841
91
0.277141
87
2
22.9559
51
75
1
20.0288
38
0.990138
54
2
26.8715
81
79
1
29.6311
25
0.212283
34
1
25.7657
32
77
2
18.3227
6
0.579572
67
2
18.3363
31
76
1
16.755
79
0.75818
85
1
17.4006
50
49
2
28.4996
97
0.512623
42
2
24.7933
9
33
2
13.8569
51
0.4467
61
1
28.4127
72
27
2
11.3274
24
0.308318
70
1
18.2273
41
58
1
28.6002
44
0.76401
57
2
16.0788
73
23
2
11.0558
84
0.977385
79
2
26.29
59
68
2
14.7155
79
0.328805
22
1
17.4765
53
93
2
10.1343
33
0.943962
58
1
21.5418
5
69
2
26.9305
1
0.667102
88
2
15.7587
43
52
2
27.5455
31
0.947594
31
2
29.7316
45
81
1
18.7135
68
0.172932
62
2
16.6348
20
71
1
17.8927
7
0.440559
80
1
23.2297
86
30
1
24.1001
40
0.956827
51
2
29.896
64
87
1
21.5529
56
0.369056
85
2
12.549
6
83
1
22.5187
14
0.779947
94
2
21.4342
32
36
1
21.0049
21
0.769672
44
2
15.0173
7
95
1
15.7077
33
0.931881
91
1
10.7424
32
54
1
17.4089
12
0.474817
48
2
25.2375
71
75
2
25.0799
18
0.520615
90
2
29.5455
50
95
1
19.0079
31
0.49764
82
1
26.5645
43
48
2
14.1708
80
0.41651
20
1
21.0406
15
79
2
13.3393
89
0.912692
64
2
28.0343
66
24
2
21.381
21
0.966091
50
1
22.5505
40
26
2
26.6973
97
0.150352
82
2
18.0927
6
94
1
27.9918
44
0.851904
30
2
26.7825
88
29
1
12.0082
7
0.42142
55
1
26.2369
83
34
1
27.3806
34
0.294002
98
1
17.5986
29
41
1
23.8121
55
0.775606
52
2
20.545
94
31
2
22.6197
75
0.783331
31
1
23.4594
13
78
1
27.0878
66
0.875233
59
2
23.3445
77
34
2
28.84
30
0.890966
83
1
19.1298
42
74
2
11.6519
57
0.573896
51
1
16.0273
70
91
1
15.2541
64
0.439111
92
2
13.8564
31
92
2
19.0897
23
0.351038
24
2
20.0939
99
97
2
14.9212
8
0.00671308
22
2
25.0057
19
92
1
12.7963
61
0.723366
54
2
24.2175
20
71
2
24.0635
45
0.864703
33
1
13.6859
62
69
2
18.2197
56
0.493332
76
2
16.7394
41
86
1
12.4842
24
0.00444182
67
2
26.2782
38
23
2
19.9581
31
0.514544
36
2
20.6793
26
23
2
13.9524
99
0.0743832
77
2
27.6815
63
45
2
22.4399
98
0.786706
71
1
11.2543
13
53
1
24.9127
9
0.0198459
79
1
24.0746
1
24
2
19.9875
82
0.224437
58
2
11.7629
11
49
1
24.2411
59
0.347283
95
1
28.8693
68
78
2
19.4085
67
0.398957
74
1
10.0828
2
56
2
27.9521
94
0.519366
85
1
27.2788
11
26
2
20.5843
90
0.199042
35
1
20.7496
78
38
2
28.4623
6
0.95256
36
1
21.6041
84
49
2
16.6615
27
0.40996
35
2
14.8823
26
55
2
16.6132
15
0.297397
72
2
13.2702
57
25
1
22.1833
22
0.69371
88
2
18.8368
57
74
1
15.8749
7
0.0312114
80
1
11.5315
55
31
2
22.3344
59
0.132341
33
2
23.5786
11
51
2
28.1939
92
0.9016
54
2
13.3385
44
50
1
23.5392
90
0.715136
66
2
13.5282
58
43
1
15.9579
60
0.119611
89
2
10.4833
81
89
1
25.8918
48
0.0713162
24
1
10.5937
27
54
1
26.8686
94
0.0277132
77
2
22.8958
96
50
1
19.0739
34
0.115205
52
1
23.3743
94
70
2
23.4067
35
0.727384
34
1
28.323
55
66
1
25.9545
5
0.372846
96
1
20.96
74
55
1
19.7924
8
0.718946
33
1
24.8465
7
30
2
10.8443
76
0.187039
61
1
11.8487
90
23
1
20.5295
41
0.354529
85
2
27.558
73
57
1
24.0072
64
0.164654
68
1
28.9391
4
36
1
19.6519
83
0.166459
49
2
11.6576
12
53
2
27.874
16
0.110473
91
2
22.1925
57
74
1
27.7505
8
0.362395
81
1
27.1194
64
77
1
28.1004
22
0.383335
53
2
27.1506
72
52
2
28.5863
47
0.689074
31
2
12.981
15
67
1
13.1177
67
0.281503
23
2
19.8443
72
47
2
18.9631
64
0.0108879
99
2
15.0937
51
80
2
24.1617
50
0.200181
54
1
25.3369
90
83
1
13.9776
29
0.807147
24
2
23.1917
40
79
1
24.6744
48
0.902025
63
2
24.9583
7
32
1
22.1514
91
0.697902
41
2
29.6783
99
95
1
11.7256
12
0.26726
76
1
28.7608
16
21
2
15.5018
54
0.283063
84
2
19.0072
20
38
2
13.4608
3
0.305093
28
1
14.7337
85
20
1
14.8883
23
0.586401
40
2
13.0223
88
64
2
17.9553
56
0.539767
26
1
27.8403
100
32
2
11.7119
50
0.535571
94
1
15.2031
48
96
1
17.0571
14
0.402677
50
2
12.7329
54
51
1
10.0748
12
0.571841
74
2
18.153
2
88
1
11.1254
3
0.704972
71
1
19.3174
55
62
1
16.0563
88
0.298228
71
1
14.5201
100
73
1
11.8158
37
0.494067
67
1
29.2014
8
79
1
17.3606
39
0.938479
62
2
18.8467
64
56
1
14.5533
54
0.986392
37
1
15.9334
33
97
1
15.4433
9
0.992273
51
1
23.5441
43
84
1
26.403
92
0.386876
97
1
19.3361
87
80
1
26.5271
16
0.537306
79
1
19.0867
74
63
2
24.2113
93
0.226576
52
1
26.5142
27
81
1
11.9311
7
0.263782
55
1
17.9967
16
70
1
29.2163
32
0.620053
23
2
19.5495
63
46
2
26.3609
97
0.00230628
65
2
10.5453
72
73
2
26.7578
92
0.643737
46
2
22.8551
93
29
2
16.2425
21
0.181685
67
2
23.2664
65
81
1
24.4907
70
0.664513
21
1
15.7629
10
82
1
25.1806
39
0.612435
48
2
11.4013
13
59
2
26.2789
77
0.600196
77
2
20.499
99
87
1
16.1775
76
0.103895
70
1
17.0196
86
96
2
19.2467
67
0.222258
92
1
20.3076
59
37
2
14.0817
24
0.793149
24
2
20.0201
51
73
1
12.1226
27
0.31775
86
1
10.3714
21
42
1
27.2425
18
0.056208
64
1
26.5544
91
98
2
21.5941
87
0.429116
50
1
19.8149
19
96
2
20.1255
21
0.720871
92
2
20.5894
60
80
2
19.4625
73
0.0139274
74
1
11.3765
31
80
2
27.3005
29
0.921264
23
2
21.0196
29
23
2
16.5913
43
0.135479
58
1
21.0843
95
27
2
15.1255
32
0.728468
20
2
15.1703
89
76
2
27.0712
61
0.743746
49
1
21.4688
60
28
1
10.7207
69
0.988617
25
1
29.3049
4
77
1
14.2708
68
0.483118
36
2
22.6646
62
26
1
25.5741
79
0.35704
88
1
20.2631
97
36
1
16.8699
53
0.699235
83
1
29.8522
68
66
2
16.5022
63
0.701131
26
2
20.8125
70
70
2
20.1172
98
0.258558
93
1
17.8825
54
46
1
22.8027
13
0.69591
93
2
14.3353
91
40
2
14.0457
52
0.558744
47
2
14.7143
81
86
1
24.445
91
0.250283
68
2
17.109
37
32
2
19.5152
5
0.349482
100
1
21.8015
34
39
2
27.0053
15
0.802876
92
1
16.3894
68
57
2
13.393
34
0.104301
77
2
26.89
29
77
2
27.7179
31
0.444447
96
2
16.9746
34
27
2
15.3092
32
0.129422
52
2
21.3037
66
35
1
14.4754
22
0.437008
72
2
20.9457
9
64
1
20.9446
75
0.971947
64
2
13.051
25
90
1
25.4057
69
0.823053
36
1
23.6215
22
34
1
13.1423
89
0.709313
63
2
15.8191
30
99
2
28.3382
30
0.812425
89
1
16.3221
12
38
2
12.3221
38
0.464747
21
1
22.4508
56
68
2
23.3034
57
0.188977
43
2
13.8852
52
56
2
15.9121
58
0.927968
30
1
25.4911
48
23
1
21.2892
74
0.28964
43
2
23.671
86
83
1
11.7657
36
0.321822
80
1
23.7094
42
24
2
12.277
98
0.378596
60
1
28.2601
18
61
2
12.3162
30
0.0152051
39
2
14.4821
58
25
1
27.5702
75
0.940378
69
1
19.7742
44
43
1
21.6955
55
0.766696
99
1
14.2947
88
89
1
29.2595
49
0.746732
26
1
22.5963
41
88
1
29.1045
44
0.40008
46
2
16.5432
80
85
1
14.349
79
0.141225
66
1
29.6907
87
48
2
24.3337
27
0.127025
96
2
18.4735
59
90
1
10.4611
15
0.486324
39
1
22.1479
71
99
1
28.0634
11
0.937114
55
1
19.6932
65
37
1
29.2962
41
0.261795
51
1
10.7133
3
95
2
18.9531
86
0.815887
89
2
22.3131
24
46
1
17.3114
42
0.528786
22
1
13.4598
51
28
1
23.0171
62
0.691546
66
1
14.2256
95
56
2
29.494
20
0.390946
91
2
18.5617
81
58
2
17.325
10
0.113404
57
2
20.4534
50
59
2
20.2888
88
0.523982
23
2
23.8861
95
28
2
27.1371
46
0.0388333
66
1
17.6683
80
45
1
28.5514
78
0.0516638
54
2
16.8966
95
72
2
23.5865
62
0.174073
50
2
27.3469
46
75
1
27.1857
65
0.456743
21
2
29.1031
22
24
1
23.9778
16
0.829749
47
2
27.2821
73
24
2
28.28
18
0.839859
99
1
10.8467
42
28
1
14.6365
50
0.501178
42
1
18.7676
15
50
2
12.864
44
0.751279
48
2
10.4061
74
80
1
12.1804
80
0.365931
91
1
28.4729
9
98
1
15.6348
51
0.0886013
68
2
17.0784
3
61
1
11.9687
74
0.908841
98
2
28.8837
54
83
2
18.3636
30
0.637525
86
1
29.3312
89
33
1
25.8578
28
0.466804
70
2
11.0521
25
21
2
11.8884
66
0.837212
82
1
21.743
41
58
1
19.869
55
0.245306
82
1
19.8925
67
83
2
23.058
98
0.602777
44
1
24.1905
32
84
2
16.7734
66
0.79723
26
1
23.0774
81
87
1
10.3628
100
0.711111
90
1
24.4196
84
91
2
21.3437
77
0.0252974
89
2
28.1243
20
22
1
29.5552
47
0.754489
65
1
20.1705
73
68
2
23.0824
42
0.773807
29
2
14.0846
46
89
2
16.9882
4
0.303502
87
1
23.7814
94
26
1
19.1892
36
0.2161
42
1
18.9158
7
75
2
18.5722
20
0.630678
70
2
21.4912
47
49
1
28.3771
52
0.202836
38
2
29.4548
21
46
2
22.0854
18
0.183953
72
2
17.1506
98
91
1
20.0618
77
0.338335
36
1
27.3912
89
53
1
17.4613
15
0.553104
69
2
14.1464
39
55
1
15.8024
45
0.470707
95
1
17.3675
83
66
1
17.5902
87
0.42735
41
2
22.7311
55
82
1
27.8148
71
0.275996
84
1
10.2165
8
93
1
12.2014
61
0.880847
86
1
26.3699
87
45
2
18.4292
89
0.588361
93
1
29.001
52
52
2
13.2705
89
0.647483
83
2
14.6481
78
73
1
27.4715
8
0.242865
40
2
24.745
71
47
2
17.9616
85
0.407478
45
2
27.0758
69
65
1
11.848
99
0.293047
93
1
15.5046
62
40
1
26.3024
90
0.388551
37
1
15.1425
2
54
1
23.8437
23
0.192849
29
1
22.2475
28
35
1
29.0407
85
0.0802291
38
1
27.6429
53
30
1
13.0139
2
0.477698
56
2
20.7128
55
29
1
24.9876
49
0.374001
56
2
25.9905
75
21
2
18.6694
48
0.73545
38
1
19.379
5
21
1
18.5406
94
0.197611
58
2
19.6347
65
72
2
18.0261
3
0.996352
45
2
16.2283
18
81
2
12.6675
83
0.0637427
45
1
21.6494
73
67
1
20.4614
28
0.158759
37
1
10.8199
33
90
1
13.7848
81
0.333194
64
2
27.806
46
99
2
16.7146
42
0.568224
68
2
28.2036
54
86
1
25.6697
59
0.732101
25
2
21.3455
1
64
2
18.197
73
0.278774
71
2
28.5349
5
93
1
21.7488
75
0.981319
53
2
19.4434
83
39
1
29.3741
40
0.886781
22
2
16.2469
48
56
1
17.2045
72
0.882265
57
1
26.9275
76
61
1
10.5839
80
0.852597
66
1
15.3277
8
69
1
24.5477
39
0.580213
45
2
24.5088
93
35
2
16.0805
35
0.685086
65
1
10.1901
13
57
2
20.6224
58
0.235649
64
2
29.2471
63
73
1
21.0692
60
0.737167
52
1
20.638
70
77
1
23.6591
50
0.76232
75
1
18.9893
38
75
2
18.7669
86
0.315265
32
1
10.335
19
65
1
22.6731
17
0.738126
46
2
17.8166
48
45
2
23.4521
26
0.18471
76
2
20.1359
28
85
2
17.4831
5
0.101706
34
2
16.4989
69
76
2
22.8968
85
0.310997
57
1
24.8089
3
52
1
18.8967
93
0.809609
40
2
23.8733
85
64
1
13.8923
10
0.431007
61
2
19.2661
10
88
2
21.5144
54
0.597912
75
2
14.9513
34
66
1
23.7881
54
0.948743
21
2
13.6291
98
40
1
27.4994
26
0.61188
63
1
29.9541
59
44
2
26.2275
65
0.396425
87
1
15.2695
84
78
1
23.1553
20
0.748779
44
2
25.8284
63
58
1
28.9459
81
0.414991
30
2
12.9298
82
65
2
22.2764
20
0.460306
94
2
23.9643
15
55
2
29.7308
70
0.872835
40
2
26.6545
12
41
1
15.6557
6
0.149949
38
1
22.7664
53
87
1
15.0332
4
0.468301
98
1
14.372
29
22
2
20.6868
2
0.419556
70
1
16.9393
1
53
1
10.9144
83
0.906789
75
2
12.3313
80
42
2
26.1826
97
0.543679
99
2
16.111
97
88
2
20.658
9
0.678196
67
2
28.9828
64
85
1
21.4241
30
0.327216
29
2
24.3567
9
27
2
25.7214
4
0.360757
59
1
17.5293
37
20
1
14.1369
90
0.959082
76
1
18.7182
11
63
1
21.7603
38
0.776459
82
2
26.9939
92
89
1
16.4593
72
0.562599
39
2
24.6031
98
38
2
26.6035
93
0.899599
73
2
24.3079
66
62
1
18.6354
97
0.670717
75
1
19.9331
57
94
1
20.3301
96
0.771323
59
2
14.8254
40
47
1
19.9018
28
0.0353463
47
1
24.4664
40
34
2
22.8424
13
0.925073
96
2
25.6975
75
60
1
11.5005
20
0.301355
69
2
28.0749
42
33
1
23.9407
74
0.93228
32
2
10.658
35
28
1
27.324
15
0.392918
27
1
10.9635
25
42
1
10.5537
2
0.868808
30
1
27.7973
48
71
1
25.4404
56
0.641928
99
1
12.2644
17
57
2
25.5144
95
0.657012
73
2
14.0739
45
84
1
17.7534
87
0.969215
42
1
10.766
61
70
2
12.4134
49
0.856719
49
1
23.0991
18
72
1
12.5672
37
0.861934
27
1
21.1737
93
46
2
29.0043
17
0.757189
32
1
27.5094
88
81
1
17.8007
2
0.142422
32
1
23.5019
85
94
1
19.2114
96
0.583
44
1
26.83
60
72
2
12.6824
65
0.951086
20
2
24.2785
36
100
1
26.1381
28
0.228717
95
2
15.5427
27
48
1
20.8565
99
0.0797463
45
2
25.1132
52
33
2
21.2265
60
0.55742
49
2
22.0225
37
86
2
17.7912
29
0.831606
97
2
24.3624
99
99
1
24.7385
95
0.0908324
65
1
28.3707
68
93
1
23.2543
63
0.122253
27
1
13.7545
79
24
2
21.9889
10
0.433599
53
2
25.1318
16
50
2
25.5454
93
0.530489
58
2
24.6492
32
43
1
15.391
71
0.619855
76
1
10.4495
74
46
2
18.7585
64
0.176991
56
1
16.8147
91
77
2
11.376
62
0.934214
70
1
29.8305
26
87
2
23.4821
11
0.0720572
68
1
13.1097
84
98
2
13.7567
57
0.81084
100
2
24.1483
51
59
2
24.3964
84
0.0597568
98
1
10.9337
52
35
2
11.5288
69
0.994897
86
1
11.598
34
91
