0.954923
0.00588565
0.227431
62
0.0147449
0.294944
0.017979
0.189875
15
0.254222
0.796877
31.9321
0.958025
0.00469844
0.140447
92
0.0530545
0.330767
0.0919931
0.321841
43
0.445023
0.705286
16.9317
0.938565
0.00757343
0.313858
14
0.0268306
0.874801
0.0938618
0.328022
72
0.252963
0.117366
51.3727
0.910445
0.00976367
0.159019
91
0.0855791
0.72496
0.0356131
0.00607034
6
0.525039
0.76851
63.7239
0.928688
0.0073776
0.152658
84
0.097363
0.12086
0.0434242
0.115023
16
0.433613
0.890669
71.8577
0.968825
0.00229071
0.172219
11
0.044218
0.734989
0.0755242
0.0381781
31
0.765952
0.407176
46.193
0.901482
0.00244375
0.376049
9
0.0171151
0.975416
0.059884
0.0440062
75
0.304672
0.300087
95.553
0.949447
0.00412178
0.472914
34
0.0192154
0.699313
0.0985545
0.420111
90
0.257119
0.420262
50.2232
0.925378
0.00162845
0.245646
99
0.0195717
0.381442
0.0388393
0.12299
5
0.535762
0.805861
23.242
0.990696
0.00337436
0.448813
21
0.0892263
0.581278
0.0328922
0.0937321
73
0.13523
0.371017
14.0063
0.934648
0.00929253
0.00489198
78
0.0883478
0.254622
0.0521175
0.391199
63
0.513259
0.24189
26.6105
0.900896
0.00750454
0.367638
3
0.0505008
0.637035
0.0139292
0.493449
43
0.262225
0.589244
83.37
0.923081
0.00941999
0.199328
89
0.0253867
0.654645
0.0749329
0.128982
53
0.761337
0.610707
26.3786
0.967433
0.00586349
0.311734
22
0.0143901
0.751104
0.0126884
0.067179
54
0.515388
0.43214
68.8868
0.977373
0.00903729
0.0553471
22
0.0321011
0.530528
0.0685398
0.0813531
37
0.451272
0.225122
11.903
0.935132
0.0034617
0.065219
93
0.0844035
0.985635
0.0182459
0.0148821
38
0.637004
0.73955
10.3627
0.922731
0.0018452
0.21467
85
0.0454182
0.960592
0.0548051
0.39994
60
0.12334
0.563538
3.73829
0.984642
0.00792157
0.127181
21
0.0803895
0.443245
0.0805136
0.488072
70
0.193256
0.284228
94.9891
0.919651
0.00165002
0.398672
95
0.0824541
0.680304
0.0989475
0.422979
36
0.617122
0.524867
94.3303
0.95936
0.00664834
0.173371
41
0.0777945
0.949815
0.0482319
0.424112
15
0.148405
0.953043
1.37939
0.997553
0.00242802
0.484751
64
0.0326007
0.101769
0.0955482
0.477213
36
0.342273
0.635981
92.8826
0.966534
0.00632405
0.0373268
71
0.0910832
0.620011
0.0641918
0.24437
55
0.400791
0.574721
49.9823
0.958012
0.00878526
0.232073
74
0.045942
0.342744
0.0458263
0.236138
42
0.606311
0.0273596
90.1892
0.968446
0.00200682
0.0397267
86
0.0500085
0.871754
0.0382
0.144604
31
0.686726
0.22396
68.0818
0.948556
0.00333996
0.33151
15
0.0528599
0.336811
0.0174625
0.452492
48
0.139534
0.18139
69.0822
0.960151
0.00413266
0.277812
82
0.0772373
0.302468
0.0592694
0.209696
69
0.16205
0.107695
6.66847
0.965409
0.00365137
0.0857891
59
0.0786134
0.56533
0.0721554
0.0256594
82
0.583135
0.79256
82.7169
0.905123
0.00950377
0.269873
10
0.0634641
0.535648
0.0477261
0.443874
14
0.46453
0.630794
42.0612
0.934842
0.00921651
0.225416
38
0.0234632
0.583561
0.0553215
0.307122
41
0.22066
0.526983
47.329
0.990654
0.0033973
0.375069
11
0.0667925
0.968741
0.0777253
0.464416
59
0.34442
0.582261
88.2837
0.932437
0.0054805
0.207841
97
0.0705716
0.0304001
0.0559483
0.446863
63
0.403268
0.419015
29.03
0.98658
0.00534579
0.438902
96
0.0284699
0.863302
0.0629351
0.485713
54
0.370176
0.338744
77.4995
0.952261
0.00689485
0.0385283
97
0.0230969
0.0469692
0.0704642
0.297027
99
0.669234
0.308156
3.11801
0.968624
0.00322986
0.0358339
16
0.0862878
0.418096
0.0504589
0.285909
38
0.547348
0.528669
77.3911
0.995856
0.00517106
0.12003
87
0.0991598
0.605601
0.0867731
0.487757
59
0.768732
0.128982
43.7222
0.978484
0.00446328
0.179609
82
0.0210394
0.449512
0.0177175
0.401783
20
0.327041
0.210238
6.20537
0.9405
0.00439754
0.194315
25
0.0340309
0.171923
0.0276999
0.317778
65
0.518145
0.902762
26.9615
0.996243
0.00645345
0.468065
93
0.0214152
0.585725
0.0494012
0.0613826
35
0.108597
0.404297
39.8262
0.906123
0.00730332
0.155414
20
0.0289732
0.171244
0.0998371
0.00371664
10
0.46879
0.596729
31.3404
0.963265
0.00487213
0.418826
25
0.0421579
0.520762
0.0540047
0.425217
68
0.271179
0.720873
47.6623
0.988508
0.00855399
0.420402
20
0.0947117
0.195616
0.0696606
0.142685
11
0.330388
0.0306946
51.8493
0.907863
0.00666227
0.296103
91
0.0188111
0.394626
0.054948
0.227427
67
0.202233
0.806181
54.6836
0.988212
0.00257282
0.295136
54
0.0100396
0.183598
0.0562209
0.420227
15
0.411858
0.0626421
32.5107
0.91767
0.00801027
0.139122
10
0.0250423
0.788992
0.0464771
0.253169
58
0.296128
0.376548
74.499
0.9338
0.00280383
0.121196
19
0.0163974
0.164065
0.055664
0.279308
24
0.578338
0.276116
25.8812
0.968091
0.00990022
0.334008
72
0.0972408
0.655794
0.0269487
0.483184
47
0.725705
0.0560432
41.4671
0.948212
0.00188352
0.187864
8
0.0926423
0.774508
0.0518531
0.302874
90
0.783158
0.135072
81.4954
0.952421
0.00117422
0.308642
5
0.0519559
0.135623
0.0949946
0.186521
77
0.580436
0.778266
7.22538
0.95457
0.00794637
0.437874
87
0.0791157
0.138043
0.0905366
0.473634
18
0.791049
0.765823
37.1494
0.963703
0.00225817
0.0951617
89
0.0764094
0.477822
0.0512277
0.231211
31
0.611951
0.598309
76.3838
0.915602
0.00837429
0.453329
40
0.0314966
0.99137
0.0465995
0.117009
87
0.602464
0.737495
22.8018
0.953425
0.00894667
0.423052
54
0.0970813
0.199133
0.0866268
0.0277547
48
0.362224
0.425726
30.6635
0.933581
0.00692748
0.112394
1
0.0680686
0.123781
0.098821
0.440745
78
0.239991
0.20456
29.5904
0.96632
0.00725967
0.203215
16
0.0617773
0.375607
0.0766807
0.318692
33
0.421685
0.209263
14.2198
0.925298
0.00149568
0.0319419
40
0.0502265
0.973871
0.0287783
0.120746
72
0.258789
0.594741
90.5308
0.975067
0.00873425
0.403169
71
0.0242974
0.397559
0.0215726
0.398164
30
0.249328
0.334908
4.58811
0.930002
0.0097939
0.441408
8
0.0409578
0.615393
0.0115483
0.492316
92
0.449014
0.266351
16.5759
0.981999
0.00358443
0.493626
90
0.0306528
0.567961
0.0830262
0.0781731
56
0.681716
0.402291
8.73355
0.938972
0.00827939
0.187441
75
0.0703055
0.850454
0.052985
0.345596
37
0.558142
0.879493
36.027
0.957775
0.00906257
0.185447
30
0.0489915
0.227917
0.0768141
0.312256
37
0.528175
0.710644
55.945
0.974071
0.00538529
0.37716
95
0.07921
0.541697
0.0622481
0.486866
18
0.109896
0.898756
0.75824
0.963959
0.00406107
0.354373
72
0.042984
0.414557
0.0911402
0.0335295
10
0.190326
0.337852
58.1472
0.946722
0.00471856
0.130594
27
0.061331
0.981905
0.04242
0.300284
81
0.742042
0.972113
35.3317
0.930835
0.00252217
0.381423
92
0.0159717
0.803607
0.0349391
0.297472
17
0.750065
0.253375
67.6591
0.935693
0.00561406
0.357917
80
0.0202987
0.743585
0.0449173
0.0984627
32
0.568313
0.773765
9.64452
0.944154
0.00807081
0.212499
15
0.0608582
0.612697
0.0306391
0.290223
1
0.712558
0.159118
70.2841
0.998201
0.00521705
0.0836474
75
0.090759
0.291307
0.0366318
0.207847
29
0.309381
0.390206
46.9745
0.902676
0.0082016
0.0728563
96
0.0474897
0.838582
0.0557806
0.362776
86
0.305898
0.684261
2.99155
0.942109
0.0047785
0.183809
95
0.0656061
0.0106239
0.0615898
0.312951
68
0.250118
0.474668
14.5961
0.935875
0.002737
0.0229348
87
0.0247312
0.0191544
0.036992
0.47998
6
0.607038
0.880079
69.2085
0.934071
0.00344773
0.428732
26
0.0713522
0.392088
0.0907942
0.295228
12
0.418683
0.427123
93.5812
0.93286
0.00127888
0.0537142
2
0.0217698
0.339887
0.0335301
0.408386
70
0.417499
0.235807
13.5108
0.987591
0.00108996
0.433834
79
0.0264444
0.677115
0.0724523
0.224904
86
0.651484
0.701436
27.2148
0.924593
0.00425482
0.239172
69
0.0517256
0.488788
0.0500245
0.222022
61
0.658371
0.668455
6.54273
0.941698
0.00930846
0.203726
3
0.0678745
0.99686
0.0606379
0.17917
32
0.146639
0.510235
8.48539
0.926973
0.0083464
0.0809121
87
0.0299117
0.750304
0.0311981
0.444556
99
0.446109
0.139131
43.9985
0.980037
0.00418658
0.0860985
43
0.0492757
0.0785508
0.0587196
0.0162214
96
0.588978
0.231692
61.4847
0.978614
0.00937135
0.336895
99
0.0612391
0.0878631
0.0923402
0.00833955
23
0.532462
0.555173
15.6462
0.967698
0.00978019
0.327958
83
0.0616354
0.787188
0.0127941
0.153396
11
0.243887
0.677913
60.5739
0.91149
0.00182078
0.450437
31
0.0300105
0.21491
0.0502391
0.185163
20
0.167191
0.859553
87.5269
0.946021
0.00971768
0.380797
11
0.039479
0.305381
0.0469987
0.169664
14
0.359543
0.185252
78.1572
0.973198
0.0082648
0.286325
27
0.0735966
0.780792
0.0532184
0.21723
66
0.6499
0.435406
72.9977
0.979639
0.00892734
0.379788
71
0.0277924
0.307972
0.0379578
0.143376
7
0.759839
0.324329
23.1986
0.909019
0.00687288
0.436622
7
0.0852588
0.328135
0.0462654
0.051465
22
0.424163
0.0354611
96.1218
0.942954
0.00572487
0.426775
32
0.0382174
0.202198
0.0320324
0.466328
86
0.298635
0.533498
9.98985
0.993394
0.00847576
0.322416
98
0.0567475
0.28939
0.0245495
0.207174
29
0.184347
0.782163
97.9957
0.915965
0.00213727
0.346345
13
0.0893971
0.600265
0.0135284
0.439037
39
0.493649
0.498651
87.0241
0.960972
0.00554357
0.373096
4
0.0580197
0.67563
0.0499215
0.459973
79
0.554354
0.680311
9.25156
0.977783
0.00991339
0.317467
90
0.0665904
0.715529
0.0315548
0.22804
69
0.728078
0.152013
74.0327
0.971742
0.00415057
0.466856
85
0.0620837
0.464738
0.0788161
0.0714562
3
0.154718
0.132671
27.6287
0.922858
0.00102809
0.489762
37
0.0847792
0.780135
0.0198363
0.284775
21
0.302025
0.416702
40.7641
0.954817
0.00562611
0.0751795
85
0.0222094
0.292899
0.0707688
0.218056
74
0.795915
0.959625
40.5453
0.939556
0.00602064
0.333111
59
0.0829013
0.737368
0.0264976
0.10703
54
0.279664
0.592498
70.9002
0.955208
0.00716198
0.145021
50
0.020636
0.761394
0.0490349
0.101336
85
0.252534
0.395179
62.388
0.971955
0.00266926
0.0964811
77
0.0351197
0.922488
0.0836634
0.437604
78
0.752228
0.265576
92.1993
0.961538
0.00927545
0.201015
12
0.0914388
0.500263
0.092447
0.141096
72
0.635077
0.385886
93.6295
0.984478
0.00209223
0.284424
52
0.0857284
0.404971
0.0576804
0.0691337
31
0.74066
0.141588
35.1788
0.971345
0.0088576
0.114135
55
0.0995256
0.26717
0.0973856
0.165923
92
0.160685
0.149678
42.8393
0.907566
0.00761315
0.0318972
19
0.0427885
0.353484
0.0517058
0.417457
59
0.187061
0.900349
52.9865
0.931847
0.00777663
0.392506
48
0.053761
0.492189
0.0943744
0.0966244
82
0.792065
0.744903
36.2475
0.992132
0.009318
0.232868
12
0.0296662
0.497694
0.0202454
0.15063
28
0.180195
0.0747414
3.56758
0.95171
0.0014141
0.09413
18
0.0119318
0.591301
0.0108889
0.0422629
98
0.389476
0.369135
5.70162
0.949553
0.00889866
0.431951
18
0.0256598
0.145937
0.0327585
0.455778
3
0.435429
0.833975
75.5737
0.981678
0.00158503
0.0206413
23
0.0332723
0.99243
0.0853005
0.293986
94
0.544161
0.926399
27.5874
0.961682
0.00153894
0.299565
98
0.0436677
0.909599
0.0687989
0.366984
61
0.260699
0.131873
62.7979
0.974954
0.00824634
0.157109
59
0.0597169
0.206805
0.0678327
0.159267
70
0.756796
0.380164
18.8916
0.993026
0.00129975
0.180922
90
0.039716
0.187872
0.0272725
0.0223969
93
0.770249
0.817193
54.9705
0.944395
0.0051497
0.310509
45
0.015113
0.925679
0.0217283
0.489996
57
0.618197
0.933567
13.6149
0.956305
0.00768306
0.400425
58
0.0947988
0.484061
0.0610015
0.478138
77
0.509645
0.758081
92.3523
0.912267
0.00220026
0.413457
74
0.0750574
0.117422
0.0954632
0.314505
73
0.101214
0.519767
96.6526
0.966364
0.00509615
0.266423
59
0.0225088
0.978016
0.0150818
0.19859
61
0.200496
0.802744
3.35641
0.903464
0.00744988
0.290561
49
0.0388498
0.621975
0.082016
0.173625
24
0.64832
0.784931
72.0859
0.90715
0.00148396
0.215688
83
0.0507166
0.368582
0.0521253
0.441567
41
0.663281
0.0697989
71.5957
0.948714
0.00113891
0.156328
33
0.0765275
0.33885
0.0289615
0.256553
95
0.383247
0.9548
11.2013
0.955966
0.00459955
0.234189
83
0.0951011
0.770715
0.0324633
0.0863828
29
0.300647
0.896582
2.72277
0.965081
0.00174024
0.150164
97
0.0634041
0.19535
0.0589271
0.410714
29
0.738616
0.345253
4.21308
0.943826
0.00967032
0.3781
32
0.0366757
0.452656
0.0881284
0.370664
24
0.422958
0.754551
98.5479
0.98333
0.00755865
0.475484
12
0.0105485
0.233102
0.0541912
0.152441
49
0.5565
0.162876
57.1466
0.911178
0.0094591
0.416306
3
0.0934725
0.0489036
0.0815297
0.373812
18
0.512002
0.819251
33.0723
0.914605
0.00960577
0.209708
18
0.0748539
0.953261
0.0935313
0.0552735
18
0.213383
0.0831973
11.4517
0.958357
0.00901603
0.445737
77
0.0504959
0.670115
0.0214311
0.343401
91
0.602964
0.0408365
66.6855
0.903061
0.00455161
0.408148
41
0.0794401
0.668043
0.0840568
0.176277
88
0.584548
0.280329
54.5112
0.959171
0.00557827
0.315642
84
0.0173261
0.298796
0.0666661
0.240017
53
0.267153
0.770086
95.3561
0.978104
0.00156144
0.0726545
39
0.0270596
0.430356
0.0761361
0.358838
49
0.201194
0.263685
40.1337
0.969682
0.00874159
0.45588
70
0.0323385
0.0726003
0.0371266
0.0487771
74
0.197219
0.478344
24.5853
0.902009
0.00866963
0.320064
64
0.0348078
0.126035
0.0164947
0.183722
34
0.319423
0.842931
87.8404
0.943718
0.00212439
0.390562
58
0.0216112
0.71886
0.0695319
0.036143
21
0.500237
0.449039
34.7017
0.956587
0.00449726
0.257115
100
0.0868286
0.648176
0.0657819
0.388059
85
0.222485
0.144329
35.5703
0.983037
0.00763632
0.0780768
96
0.0136443
0.163122
0.0497564
0.249711
27
0.378586
0.392263
12.5083
0.956073
0.00922629
0.492081
74
0.0422278
0.867679
0.0103363
0.327008
60
0.179579
0.361567
65.8902
0.91651
0.00914519
0.160249
52
0.0109265
0.920913
0.0234613
0.426159
68
0.203781
0.468276
51.0884
0.976968
0.00703392
0.459637
43
0.0310112
0.0199878
0.0602457
0.0624165
34
0.788349
0.587355
31.1363
0.985876
0.00808152
0.164759
100
0.0984929
0.199657
0.0397979
0.0285131
58
0.587696
0.520163
91.2071
0.995297
0.00813896
0.465321
24
0.0322169
0.622826
0.0652435
0.386449
100
0.224079
0.318644
28.9484
0.961065
0.00237742
0.0113567
22
0.0418321
0.579358
0.0253369
0.0493959
30
0.553441
0.522955
38.1836
0.951327
0.00859183
0.347646
98
0.0464798
0.4131
0.07731
0.320574
95
0.170522
0.397115
56.9252
0.973375
0.00654044
0.11675
45
0.0641638
0.00469982
0.0357909
0.436163
72
0.688004
0.483193
20.1869
0.903297
0.00109542
0.230151
37
0.0185719
0.36483
0.0404941
0.237742
96
0.526235
0.356624
69.7608
0.916218
0.0030429
0.174851
48
0.0133935
0.348013
0.0786935
0.0969321
56
0.43729
0.0847803
62.8891
0.913887
0.00442775
0.421165
78
0.0595988
0.263707
0.0652618
0.416746
51
0.263474
0.987166
25.0769
0.995503
0.00863536
0.153587
84
0.0944125
0.689984
0.0367702
0.428171
71
0.53066
0.638248
66.8264
0.943371
0.0061216
0.320951
81
0.0582853
0.334926
0.0375589
0.395261
91
0.207278
0.150885
57.8447
0.992407
0.00856136
0.138262
17
0.0193673
0.950604
0.0491339
0.135269
52
0.786945
0.788091
62.5007
0.941478
0.00144721
0.251457
69
0.0490802
0.823816
0.027349
0.374433
88
0.407563
0.14261
40.9354
0.968183
0.00267616
0.361064
24
0.0370757
0.441113
0.0727713
0.111889
87
0.704812
0.840179
58.6069
0.952849
0.00999139
0.340575
86
0.0639894
0.740641
0.018955
0.204551
57
0.150067
0.695188
34.0735
0.980981
0.00618165
0.285195
67
0.0795306
0.982761
0.0241544
0.104555
93
0.354571
0.543494
66.1117
0.914335
0.00249936
0.250232
98
0.0180213
0.64497
0.0620523
0.0727474
92
0.225324
0.614204
57.4979
0.938611
0.00775291
0.142664
9
0.0301774
0.898122
0.0729969
0.138505
81
0.289695
0.282509
65.7056
0.987141
0.00571314
0.0347198
66
0.0235582
0.065059
0.0669426
0.180023
80
0.270707
0.0707035
75.3079
0.908117
0.00655875
0.335791
7
0.0833359
0.60477
0.0565425
0.409329
15
0.281047
0.441323
34.4304
0.970828
0.00686707
0.272193
56
0.068653
0.596501
0.0763634
0.0763294
73
0.175149
0.547269
25.7917
0.90406
0.00701767
0.474762
29
0.055129
0.559478
0.0527523
0.232626
11
0.242207
0.0157572
33.6596
0.906377
0.00876455
0.167935
8
0.0784133
0.092819
0.0885892
0.172068
97
0.533883
0.928062
14.6917
0.951959
0.00275165
0.427951
16
0.0715006
0.76684
0.0545195
0.316288
94
0.772835
0.564246
50.1299
0.923441
0.00101314
0.435012
54
0.0554983
0.748359
0.0345918
0.291596
46
0.698165
0.243041
99.0305
0.918911
0.00311392
0.348936
49
0.0808341
0.641294
0.0444445
0.089567
36
0.575595
0.786251
89.046
0.923621
0.00401674
0.0788969
99
0.0671059
0.512775
0.0889017
0.157387
92
0.49878
0.748782
59.2411
0.931981
0.00185502
0.0665022
9
0.0288481
0.426577
0.088103
0.190792
100
0.474486
0.202895
7.543
0.947304
0.00542179
0.19966
45
0.0826802
0.687359
0.0337214
0.34083
37
0.667591
0.914549
98.1071
0.997816
0.00948174
0.0776023
75
0.075749
0.0854634
0.0313655
0.116033
55
0.655235
0.84711
96.2236
0.919313
0.00627634
0.24214
78
0.0541148
0.357774
0.0301912
0.0302544
71
0.720788
0.0655422
63.4786
0.994555
0.00882934
0.166078
61
0.0274404
0.00336487
0.084943
0.0128339
44
0.659206
0.537811
19.2163
0.926329
0.00773733
0.353398
13
0.0745114
0.608126
0.0873284
0.359427
84
0.460645
0.411928
88.4884
0.902359
0.00460531
0.135243
62
0.0557174
0.28342
0.0812192
0.360781
31
0.3254
0.61788
8.84684
0.959927
0.0095532
0.191424
77
0.0928461
0.175358
0.0968585
0.468088
46
0.105825
0.774207
45.8261
0.942421
0.00645536
0.112799
73
0.0859252
0.740078
0.0252644
0.19675
79
0.189389
0.531143
49.1173
0.944955
0.00747345
0.00117956
3
0.0266518
0.130842
0.0825016
0.304211
45
0.555962
0.812122
61.775
0.906306
0.00639181
0.279093
85
0.0357714
0.684318
0.0212235
0.229225
43
0.652302
0.852677
85.0645
0.984929
0.00707488
0.251608
91
0.0700239
0.806846
0.0475668
0.164014
39
0.198993
0.160281
81.974
0.951582
0.00236567
0.487712
4
0.046268
0.275844
0.0509141
0.229942
66
0.673095
0.220394
26.1595
0.983556
0.00116069
0.29268
71
0.033561
0.402532
0.0142084
0.494952
82
0.246441
0.269441
21.2259
0.927526
0.009468
0.417248
74
0.0912474
0.855699
0.023308
0.265517
97
0.291634
0.488316
43.4268
0.91707
0.0070485
0.241472
61
0.0303845
0.222105
0.0637122
0.0776252
12
0.662768
0.0250728
5.23336
0.995733
0.00451431
0.0999888
43
0.0571443
0.247024
0.0648612
0.380763
33
0.231258
0.663663
66.4906
0.971033
0.00303133
0.124514
65
0.0922638
0.994599
0.0318826
0.293411
85
0.268683
0.997553
71.3521
0.906606
0.00708436
0.00250475
32
0.038583
0.184599
0.0780169
0.264112
48
0.686599
0.985129
15.8131
0.979344
0.00285823
0.19672
77
0.0967877
0.88044
0.0160609
0.194501
64
0.265159
0.22909
35.9941
0.917412
0.00984243
0.387033
5
0.0982178
0.672502
0.0331556
0.21231
77
0.156429
0.646522
97.0649
0.902955
0.00505214
0.25922
1
0.0413492
0.649355
0.0535698
0.346315
95
0.50696
0.874828
56.2253
0.934926
0.00376025
0.255031
47
0.0728879
0.760195
0.0783966
0.224532
10
0.363295
0.124074
77.9916
0.920013
0.00671312
0.238352
61
0.0831305
0.286709
0.0305054
0.451489
18
0.165686
0.0947193
37.4515
0.930686
0.00798231
0.370459
52
0.0861286
0.261905
0.0896691
0.298457
70
0.609382
0.4631
15.3686
0.909922
0.00606368
0.2352
93
0.0116342
0.20841
0.0291722
0.300585
82
0.294213
0.447209
81.3569
0.972094
0.00216718
0.253648
28
0.0361831
0.0246961
0.0577364
0.467445
36
0.539778
0.7165
9.40325
0.918753
0.00694066
0.306636
15
0.0602127
0.709588
0.0483707
0.44713
65
0.587033
0.703741
79.3196
0.942328
0.00178232
0.491137
51
0.010365
0.160064
0.0171431
0.131137
37
0.283554
0.751941
80.403
0.938386
0.00908112
0.430865
37
0.046877
0.941919
0.0638843
0.221303
52
0.776584
0.0370766
26.4797
0.945348
0.00715338
0.464047
86
0.0330389
0.891817
0.0949303
0.199778
10
0.332948
0.476931
42.5597
0.928012
0.00533411
0.143059
17
0.039104
0.30136
0.0996309
0.456952
95
0.4925
0.801278
5.99983
0.953072
0.00491071
0.467586
34
0.0871876
0.656797
0.0839279
0.127749
56
0.656224
0.453415
89.7947
0.933202
0.00427469
0.303294
63
0.0649076
0.959166
0.0781192
0.430327
79
0.195867
0.961557
39.7601
0.979858
0.00754153
0.305076
52
0.0683925
0.350777
0.0155226
0.424444
68
0.295767
0.0102778
55.2009
0.920379
0.00123328
0.471815
22
0.0744355
0.295931
0.0705519
0.382694
67
0.236271
0.651752
21.0044
0.994289
0.0046779
0.477193
40
0.0182751
0.0519861
0.0224312
0.168284
65
0.238414
0.193336
91.1181
0.930428
0.00815379
0.350344
78
0.0359678
0.115054
0.0941805
0.0629853
16
0.722015
0.157605
85.7266
0.974781
0.0031626
0.4951
30
0.0356902
0.893776
0.0427257
0.356166
8
0.626689
0.451998
43.2787
0.943118
0.00698556
0.220621
76
0.0127637
0.278417
0.0916975
0.333375
33
0.696673
0.612731
44.8002
0.963367
0.00380457
0.407054
35
0.0128907
0.101934
0.040331
0.0401818
4
0.500583
0.194296
0.400027
0.909727
0.00576662
0.0436366
64
0.0188726
0.168535
0.0702453
0.412311
25
0.13428
0.925068
10.8183
0.990204
0.001067
0.297892
68
0.0574089
0.128894
0.0980059
0.174483
52
0.31592
0.320213
7.64877
0.980252
0.00980854
0.396329
80
0.0368377
0.107214
0.0877844
0.0707395
80
0.391105
0.934362
67.1744
0.949911
0.00678625
0.013943
7
0.0797796
0.662788
0.0739015
0.148603
4
0.560262
0.49227
49.7442
0.905806
0.00272045
0.0297664
45
0.0498337
0.176514
0.0374546
0.0901996
49
0.672049
0.980098
97.3707
0.991011
0.00132632
0.45868
33
0.0526448
0.989929
0.0298649
0.215392
9
0.685014
0.0591851
51.6552
0.947683
0.00717427
0.31028
46
0.035214
0.573749
0.0296466
0.12633
44
0.192066
0.0469923
78.9112
0.965262
0.00398835
0.0931401
72
0.0963603
0.673952
0.0918871
0.40401
32
0.49489
0.978723
14.9534
0.939341
0.00982964
0.387406
58
0.0549046
0.754697
0.035544
0.132513
80
0.582767
0.0420083
99.4845
0.987983
0.00965192
0.329494
2
0.027103
0.471163
0.0505169
0.0373661
41
0.365155
0.693769
79.4621
0.988829
0.00635164
0.0230775
24
0.0295556
0.0353879
0.0986196
0.436053
26
0.774673
0.659669
4.82999
0.921216
0.0053608
0.460289
51
0.0687055
0.442293
0.0194642
0.451072
75
0.163844
0.467714
60.1048
0.960667
0.00172904
0.40012
4
0.0384375
0.834649
0.0363265
0.0159156
79
0.350798
0.671709
59.9927
0.946251
0.00859681
0.0827812
61
0.0799756
0.917621
0.0173534
0.39209
87
0.759199
0.46482
70.4035
0.903878
0.00233064
0.345269
65
0.0565282
0.0403155
0.0893896
0.268727
6
0.278089
0.561824
83.1053
0.98959
0.00501088
0.446543
87
0.0257859
0.830176
0.0770999
0.0855786
19
0.381775
0.746128
39.3666
0.979005
0.00202265
0.350003
69
0.0988398
0.204638
0.0832242
0.363642
96
0.104857
0.327789
22.2041
0.991539
0.00602258
0.125497
18
0.0721172
0.321206
0.0451332
0.181026
3
0.116856
0.867657
64.5968
0.932121
0.00209858
0.439267
25
0.063148
0.617132
0.0162648
0.401088
59
0.276393
0.375521
82.9576
0.980443
0.00897133
0.288745
19
0.0336739
0.122806
0.0406299
0.394454
53
0.39543
0.922406
19.5149
0.937427
0.00480385
0.0528922
9
0.0607016
0.432708
0.0428818
0.236677
30
0.717741
0.183658
13.872
0.944703
0.0015123
0.476695
73
0.0424984
0.154755
0.0192279
0.361395
54
0.691845
0.910869
72.468
0.994825
0.00448778
0.262761
36
0.0900006
0.796067
0.0870565
0.146621
69
0.771116
0.991191
55.6954
0.950548
0.00431694
0.00925383
64
0.0363316
0.305741
0.0140298
0.454444
23
0.334422
0.398116
71.0815
0.982809
0.00699411
0.302021
8
0.0126684
0.96222
0.0970512
0.295859
81
0.372949
0.215276
88.1009
0.95032
0.00284338
0.239638
20
0.0670127
0.479105
0.0609272
0.0801131
21
0.529307
0.178083
33.3011
0.946796
0.00583554
0.228664
36
0.0774073
0.757073
0.0904222
0.045167
96
0.504635
0.382761
63.3445
0.92652
0.00290991
0.444064
46
0.0343373
0.0453691
0.0471669
0.213102
6
0.338389
0.642003
29.8566
0.923169
0.00802976
0.181814
44
0.0878464
0.932814
0.0280258
0.338535
75
0.398166
0.733637
53.3254
0.950981
0.00804482
0.170429
39
0.0149952
0.28495
0.082806
0.00560951
48
0.798089
0.187464
68.7826
0.941172
0.00662353
0.359445
6
0.0512258
0.143233
0.072551
0.325454
30
0.299884
0.315531
86.1273
0.91367
0.00911055
0.326898
31
0.0259654
0.281385
0.0550595
0.261672
63
0.485068
0.146369
2.52868
0.996849
0.0078599
0.342498
30
0.0741096
0.0551061
0.0396105
0.411903
58
0.380659
0.481683
31.5704
0.946993
0.00648436
0.269245
65
0.0140106
0.629907
0.0220459
0.309982
17
0.795078
0.291318
56.7011
0.961227
0.00625271
0.24479
41
0.0114389
0.816914
0.08028
0.448428
89
0.647046
0.753114
54.0055
0.989396
0.0072454
0.363835
73
0.0120916
0.81072
0.0869539
0.153814
66
0.158575
0.261791
57.3895
0.921038
0.00324225
0.498614
68
0.0819525
0.269107
0.0701032
0.135938
14
0.408358
0.855741
40.2337
0.967907
0.00851709
0.341791
68
0.0917552
0.965085
0.0765463
0.272052
25
0.57034
0.38855
37.8522
0.936932
0.00884665
0.478191
100
0.024495
0.0816428
0.0797512
0.203182
61
0.754907
0.190234
84.644
0.913599
0.00483119
0.0199001
17
0.0889637
0.931155
0.0602184
0.168698
35
0.320753
0.0870686
28.0594
0.958557
0.0022232
0.452049
54
0.0455885
0.494348
0.0190701
0.371352
64
0.219484
0.111588
13.0719
0.912879
0.0056033
0.235924
97
0.0702013
0.0826849
0.0260281
0.35221
90
0.732282
0.127967
13.2232
0.964308
0.00335392
0.365076
30
0.0239024
0.0659724
0.0597206
0.165336
60
0.419304
0.342181
2.38987
0.975988
0.00193761
0.362611
8
0.0552063
0.260139
0.0350277
0.248452
97
0.764628
0.272588
86.3988
0.918516
0.00126405
0.308267
63
0.0487279
0.93563
0.0980513
0.114461
78
0.376297
0.316179
30.0783
0.938124
0.00511175
0.482346
60
0.0688765
0.905449
0.0337887
0.232207
35
0.580157
0.386493
68.593
0.925139
0.00711725
0.316749
11
0.0642325
0.717778
0.0911932
0.475121
64
0.571533
0.248504
86.97
0.90844
0.00377283
0.429239
4
0.0978355
0.5718
0.0487565
0.102547
2
0.452212
0.0678128
58.2614
0.973498
0.00909536
0.154333
69
0.0466274
0.628421
0.0508123
0.0580762
45
0.28228
0.534312
27.8241
0.921592
0.00567581
0.264902
6
0.0145913
0.883093
0.0795049
0.134416
9
0.725898
0.354774
0.886261
0.908649
0.00795039
0.058254
76
0.0162411
0.325136
0.039177
0.196509
83
0.205844
0.967244
5.06452
0.973962
0.00782058
0.0300975
67
0.0535627
0.770329
0.0826959
0.137679
84
0.476711
0.505196
60.616
0.905211
0.00198733
0.178464
62
0.0112508
0.147768
0.0453753
0.145368
5
0.631385
0.237651
97.7895
0.904693
0.00301438
0.282792
13
0.0903747
0.409667
0.073599
0.367396
39
0.401767
0.438688
49.5314
0.91511
0.00839201
0.398062
28
0.0820922
0.874007
0.0562729
0.396363
60
0.610469
0.938721
84.9873
0.908885
0.00372097
0.12653
23
0.0313861
0.904122
0.0117728
0.333201
42
0.130682
0.762566
39.4039
0.912056
0.00649039
0.299004
39
0.0535369
0.526415
0.0833913
0.16062
100
0.102291
0.672676
91.9338
0.982295
0.0054608
0.401865
53
0.0622648
0.659835
0.0238744
0.445144
57
0.693304
0.905687
52.4597
0.945776
0.00263177
0.00515418
66
0.0756813
0.180333
0.0308756
0.481107
44
0.471023
0.11524
65.2955
0.960394
0.00916536
0.108517
11
0.047049
0.957281
0.0671359
0.11329
78
0.596333
0.445448
98.8246
0.987836
0.00229641
0.423685
37
0.07387
0.915709
0.0343869
0.242031
59
0.429508
0.0321624
73.4277
0.949856
0.00852807
0.0184095
97
0.0760504
0.372129
0.0456954
0.130732
38
0.139186
0.715204
45.5668
0.921881
0.00190005
0.0606064
80
0.0445534
0.0766731
0.0710061
0.469238
32
0.349719
0.63215
98.3888
0.986128
0.00463412
0.147327
73
0.0941547
0.531486
0.0418881
0.283686
5
0.145642
0.585748
85.3455
0.966795
0.00112438
0.260229
66
0.0981
0.858097
0.0876125
0.0562243
73
0.228626
0.920102
63.026
0.950147
0.00180726
0.409191
95
0.0626079
0.509466
0.096528
0.192851
46
0.520212
0.889109
57.7909
0.977834
0.00736167
0.0561607
7
0.0448622
0.137442
0.0921843
0.282411
43
0.244284
0.590418
21.4588
0.962063
0.00528505
0.263841
34
0.039555
0.353263
0.0613478
0.474462
3
0.699971
0.795728
36.6513
0.952885
0.00436372
0.270483
51
0.0979068
0.508897
0.0757147
0.00190051
74
0.256717
0.970259
94.4632
0.988996
0.00636459
0.384521
26
0.0938803
0.356297
0.0743818
0.0268831
99
0.508612
0.578793
17.533
0.920847
0.00740503
0.334439
70
0.072635
0.504856
0.0684519
0.389997
30
0.215167
0.000598811
1.67014
0.908189
0.00518301
0.211552
45
0.0843292
0.888171
0.0441025
0.345308
89
0.414653
0.238679
68.2889
0.991926
0.0030775
0.100983
93
0.0292943
0.378547
0.0971825
0.30632
3
0.392796
0.217679
11.0329
0.989856
0.00668713
0.0457515
27
0.0237663
0.54426
0.0583687
0.495654
67
0.336761
0.836534
83.8187
0.988357
0.00789937
0.146561
72
0.0400562
0.229747
0.0691101
0.24085
14
0.229812
0.251962
46.4598
0.913232
0.00259789
0.442469
60
0.0672698
0.837997
0.0137291
0.31947
5
0.683483
0.964387
75.1858
0.927515
0.00206695
0.103779
13
0.093242
0.470143
0.0719484
0.418992
81
0.565505
0.136614
25.5283
0.935329
0.0094384
0.405982
17
0.0327599
0.0155856
0.0618029
0.331692
98
0.367495
0.175959
31.6646
0.928512
0.00247926
0.0640617
14
0.0656518
0.210686
0.0810296
0.449687
93
0.458938
0.351216
83.5487
0.995009
0.0020525
0.383007
89
0.0846557
0.929887
0.0339903
0.349002
19
0.427618
0.414416
90.7426
0.915713
0.00963248
0.176841
10
0.0753077
0.237956
0.0843169
0.103081
40
0.15924
0.108934
29.325
0.91788
0.00328725
0.117398
39
0.0222417
0.224887
0.0679847
0.23516
79
0.779585
0.968259
63.9354
0.972989
0.0042226
0.148645
55
0.0849036
0.727789
0.0899336
0.0745679
61
0.386048
0.28745
56.5682
0.900186
0.00920255
0.419786
60
0.0739549
0.816192
0.0593773
0.0657683
35
0.717253
0.877154
6.96361
0.920588
0.00544142
0.276645
67
0.096629
0.460921
0.084344
0.379786
50
0.538429
0.3674
35.7692
0.956907
0.00503773
0.403261
90
0.0697209
0.562582
0.0908427
0.0198044
15
0.519305
0.473643
50.9784
0.98993
0.00327631
0.194889
58
0.0372007
0.733623
0.0655527
0.323565
81
0.182713
0.422268
96.4858
0.96021
0.00309749
0.444686
78
0.0628979
0.634792
0.041018
0.280364
83
0.694529
0.649358
89.9688
0.985091
0.00811346
0.319028
91
0.0755048
0.415843
0.0386756
0.377092
45
0.287566
0.88452
20.3985
0.954176
0.00408623
0.490263
12
0.0591622
0.0901109
0.0585802
0.0791965
82
0.542312
0.619125
66.2104
0.969081
0.00193324
0.21892
87
0.0471062
0.600803
0.0798407
0.405204
36
0.150549
0.0222644
24.6076
0.975573
0.00475303
0.464097
92
0.0220526
0.0991252
0.0645847
0.20511
81
0.233338
0.517537
51.4444
0.934283
0.00513089
0.395305
32
0.0651192
0.428964
0.0874214
0.0839739
56
0.54543
0.16857
4.6556
0.911399
0.001639
0.128441
50
0.0658035
0.405639
0.0163748
0.174954
99
0.133254
0.690986
50.4882
0.9647
0.0038891
0.0218934
48
0.0618404
0.696588
0.0682633
0.484898
19
0.523112
0.412392
53.5155
0.972695
0.00642208
0.331115
81
0.0346441
0.826096
0.0206473
0.0183947
52
0.476317
0.728635
77.6487
0.965936
0.00502152
0.324584
65
0.0707804
0.22753
0.0282503
0.316846
84
0.733748
0.0988398
38.6943
0.986926
0.00720372
0.109328
60
0.063673
0.967837
0.0149038
0.499007
13
0.592292
0.624664
54.3812
0.981296
0.00600036
0.46963
41
0.0311926
0.0744684
0.0131929
0.290575
1
0.748105
0.256258
33.4494
0.945703
0.0049262
0.209222
34
0.0694059
0.421411
0.0124965
0.0459733
62
0.307942
0.982909
30.2739
0.915346
0.00772438
0.223983
34
0.0952286
0.864699
0.0372764
0.133477
40
0.62371
0.461418
74.3826
0.941868
0.00668994
0.157844
29
0.0582249
0.310684
0.089216
0.00980367
75
0.388266
0.312386
61.1444
0.975312
0.00553475
0.497888
20
0.0920381
0.157943
0.041223
0.349637
92
0.214756
0.212641
60.2003
0.923812
0.00843877
0.111328
21
0.0675531
0.772937
0.0589942
0.0830074
27
0.345421
0.861796
10.7368
0.928203
0.00741474
0.4794
88
0.013236
0.211993
0.0672446
0.15627
53
0.678273
0.573256
17.2306
0.924337
0.00770519
0.189771
47
0.0801421
0.0321827
0.0776683
0.242745
42
0.466805
0.683353
20.8902
0.972582
0.00555792
0.0624372
38
0.0746268
0.369406
0.0571429
0.054721
88
0.392158
0.830327
84.1403
0.970281
0.00457905
0.04148
47
0.0191611
0.906721
0.0317462
0.273088
71
0.749116
0.310338
32.7313
0.951151
0.00195743
0.473073
33
0.0761329
0.447726
0.053063
0.282648
57
0.783245
0.798055
93.9795
0.949105
0.00749597
0.0173375
56
0.0803264
0.947672
0.04942
0.0500879
38
0.141951
0.347404
70.1668
0.967209
0.00866515
0.149228
21
0.0964625
0.849088
0.0835431
0.365943
87
0.628058
0.660165
80.7711
0.932994
0.00696231
0.0539079
70
0.036639
0.852418
0.0663548
0.191715
98
0.405004
0.104848
64.6161
0.955657
0.00253059
0.237003
19
0.0494751
0.0689407
0.0963053
0.063972
65
0.384855
0.540656
22.6478
0.98259
0.00620429
0.0894605
2
0.0837558
0.0975508
0.075001
0.378646
91
0.794181
0.0937632
81.1682
0.981147
0.00969712
0.338668
55
0.0481281
0.697566
0.0436525
0.404337
26
0.127131
0.730309
72.3122
0.944816
0.00753176
0.449201
33
0.0822241
0.193431
0.0203355
0.215629
87
0.711042
0.305833
34.3191
0.934054
0.00298564
0.220182
12
0.0139147
0.243905
0.0677082
0.201586
8
0.398525
0.349631
47.89
0.94895
0.00362045
0.322162
73
0.0229078
0.84234
0.0208052
0.0873022
89
0.536932
0.820066
20.7829
0.998657
0.00726937
0.192191
48
0.0663134
0.729701
0.0226104
0.0394905
73
0.622354
0.823028
7.89552
0.901347
0.00575001
0.0806572
80
0.0532433
0.827134
0.0624614
0.393695
38
0.232615
0.567021
8.32407
0.964855
0.00817461
0.105766
29
0.0169363
0.140318
0.0734096
0.458221
51
0.57202
0.605804
58.9917
0.920758
0.00616284
0.202318
64
0.0251229
0.753249
0.0737228
0.429335
39
0.121801
0.545622
22.0719
0.929197
0.00597007
0.279688
35
0.064438
0.918665
0.0899129
0.105257
16
0.169917
0.871168
12.7942
0.966946
0.005689
0.408833
57
0.0108612
0.5548
0.0952218
0.226245
91
0.355023
0.689038
48.478
0.994229
0.00104052
0.059484
94
0.0838734
0.588982
0.0996514
0.328514
62
0.167627
0.306424
5.51556
0.916861
0.00900543
0.248553
21
0.0425935
0.661247
0.0947527
0.167216
16
0.626228
0.857247
98.6397
0.948368
0.00656385
0.0577881
60
0.0338492
0.13323
0.0581366
0.342315
28
0.640726
0.490281
67.4064
0.947427
0.00531895
0.13691
98
0.0562582
0.821895
0.0292722
0.30155
27
0.735469
0.506592
56.013
0.938007
0.00396704
0.499867
16
0.0664417
0.325429
0.093373
0.358072
25
0.483175
0.887896
38.4762
0.940799
0.00279467
0.103977
47
0.0167719
0.0396147
0.0187388
0.0358383
7
0.599102
0.430861
59.5171
0.937245
0.00578393
0.0886852
79
0.0957013
0.00801252
0.0186017
0.158291
67
0.185688
0.207756
65.1885
0.956725
0.00783599
0.0254025
31
0.0483176
0.869748
0.0554495
0.482367
51
0.784903
0.948578
10.1487
0.963818
0.00539209
0.326134
61
0.0263419
0.651116
0.0816553
0.262893
78
0.10811
0.945941
22.4669
0.986749
0.00137809
0.256249
23
0.089037
0.885993
0.0478889
0.178102
45
0.680488
0.0288636
49.2601
0.952609
0.00397863
0.253389
7
0.0400791
0.680868
0.0400822
0.460636
12
0.620674
0.32832
17.6459
0.902512
0.008914
0.42588
62
0.0212887
0.546247
0.0295159
0.0827555
66
0.210035
0.0764607
64.1233
0.905386
0.00810634
0.222752
31
0.0585797
0.00602617
0.080114
0.257634
77
0.310651
0.289962
37.7199
0.957079
0.00261468
0.461401
30
0.0916118
0.522769
0.0250137
0.471707
4
0.131228
0.0487398
94.0216
0.970583
0.00595185
0.102633
14
0.052173
0.51694
0.0961648
0.214342
76
0.331479
0.553549
47.5174
0.959492
0.00282756
0.296788
93
0.0485321
0.847793
0.0430546
0.286707
50
0.789516
0.999544
52.2482
0.991389
0.00507984
0.328616
81
0.0602919
0.112615
0.0793589
0.125629
47
0.235124
0.297125
41.9122
0.976232
0.00187861
0.373635
89
0.0625355
0.691518
0.0523815
0.182762
35
0.706252
0.078516
15.4049
0.900483
0.004859
0.11528
24
0.0735224
0.564128
0.0933134
0.177389
25
0.416007
0.0516938
45.6767
0.969778
0.00779074
0.272492
58
0.0154268
0.625254
0.0196799
0.304873
91
0.633641
0.675186
82.248
0.926677
0.00593294
0.0766898
43
0.0545338
0.632407
0.0901292
0.254759
21
0.703717
0.77729
30.4243
0.924095
0.00609555
0.106103
76
0.0287179
0.791053
0.0263571
0.476661
42
0.437915
0.576098
18.7443
0.903759
0.00495224
0.404242
49
0.0770081
0.481375
0.0611219
0.462884
41
0.781261
0.667969
4.11821
0.958934
0.00270339
0.00896231
2
0.0828614
0.461838
0.0236527
0.38509
43
0.714691
0.808871
91.5246
0.937747
0.00887905
0.357176
37
0.0811008
0.970492
0.0915232
0.187296
85
0.173999
0.341176
42.7292
0.997774
0.0040597
0.212877
45
0.0410311
0.344823
0.0446827
0.337299
63
0.442441
0.992941
16.7977
0.927321
0.00385982
0.275763
36
0.0392642
0.322445
0.0111158
0.277815
47
0.677536
0.757129
89.364
0.940211
0.00155008
0.136396
10
0.054675
0.987424
0.0248606
0.393107
67
0.511165
0.442545
53.0342
0.976055
0.00880593
0.39149
83
0.0564094
0.901147
0.0383409
0.414166
28
0.3584
0.606792
19.8312
0.979533
0.0076644
0.369061
46
0.0523708
0.523335
0.0628192
0.251785
42
0.730223
0.0385517
21.6093
0.947818
0.00634427
0.167037
63
0.0733526
0.593267
0.0927408
0.140271
9
0.366511
0.455302
83.6048
0.91814
0.00410068
0.0367544
42
0.0698709
0.362245
0.0732395
0.34247
7
0.226797
0.103942
78.3347
0.959691
0.00390974
0.131622
83
0.0485054
0.840332
0.060552
0.195048
57
0.287838
0.835914
15.0429
0.917568
0.00690871
0.25791
40
0.0226645
0.255864
0.069783
0.432053
5
0.729903
0.872299
55.164
0.974439
0.00581054
0.312884
38
0.0817136
0.0629185
0.081444
0.0535209
71
0.653569
0.699284
28.3006
0.922366
0.00233503
0.275442
26
0.0204727
0.831953
0.0227823
0.398385
85
0.211904
0.429668
70.7636
0.978399
0.00680036
0.268371
57
0.0156927
0.454582
0.0210918
0.0206538
25
0.43966
0.551939
46.2104
0.912735
0.00840133
0.218476
35
0.0175867
0.383624
0.0153296
0.261029
32
0.561645
0.71819
44.3059
0.953829
0.00382113
0.287179
28
0.0902127
0.693018
0.0259524
0.385813
9
0.181664
0.989308
86.4365
0.964359
0.00168791
0.10986
96
0.0731281
0.702109
0.0525762
0.162658
16
0.736186
0.936603
94.71
0.962807
0.0084607
0.243769
94
0.0588686
0.486986
0.0567053
0.0576502
45
0.143223
0.409695
47.1952
0.910207
0.00135104
0.344077
23
0.0767505
0.745752
0.0129627
0.491622
14
0.534138
0.851519
67.805
0.926087
0.00227791
0.289911
4
0.0518538
0.386673
0.0473236
0.416163
11
0.37563
0.580488
18.2974
0.96998
0.00935639
0.41069
53
0.0330929
0.502528
0.085639
0.0213663
22
0.59058
0.65294
24.912
0.965569
0.00246474
0.485825
35
0.031765
0.57776
0.0267807
0.308247
47
0.177478
0.713697
10.4029
0.980677
0.00784093
0.280538
69
0.0349116
0.152212
0.0760202
0.497208
94
0.103415
0.637515
11.7485
0.996135
0.00351033
0.189185
48
0.0386303
0.910226
0.0183331
0.259005
17
0.248267
0.707945
36.468
0.929667
0.009873
0.0465254
48
0.0543289
0.0863749
0.0414816
0.347782
12
0.373764
0.362711
36.9111
0.922456
0.00722625
0.180359
63
0.0242101
0.765719
0.0692312
0.146862
63
0.136678
0.172717
79.1015
0.914724
0.00998139
0.287817
44
0.0560341
0.0597021
0.0538302
0.353114
11
0.171863
0.827889
2.0753
0.901138
0.00338552
0.0614035
32
0.0153003
0.77766
0.082276
0.36443
12
0.614402
0.177233
75.6171
0.922062
0.00383514
0.0158647
15
0.0781253
0.0710715
0.039408
0.0117564
83
0.113427
0.167129
16.3949
0.976744
0.00444264
0.454576
80
0.0872622
0.78376
0.0596188
0.308685
95
0.776199
0.791566
76.5528
0.904282
0.00496025
0.0278589
6
0.0431703
0.804928
0.0978268
0.461402
26
0.432894
0.931775
73.3509
0.995046
0.00498795
0.0405906
66
0.0868824
0.144876
0.0806749
0.264925
76
0.64001
0.201427
23.7317
0.914193
0.00674965
0.369629
92
0.094544
0.051313
0.0415274
0.244796
33
0.329454
0.678556
44.7552
0.918255
0.00660673
0.366291
22
0.0282169
0.894901
0.0846202
0.439359
23
0.194676
0.0618035
72.7765
0.958758
0.00592228
0.01203
91
0.0975794
0.708355
0.0574537
0.249046
19
0.713745
0.0819957
73.7008
0.965752
0.00830567
0.0507414
65
0.0460163
0.999983
0.025499
0.339595
34
0.567558
0.323969
84.362
0.993123
0.00968696
0.361407
29
0.0905641
0.82001
0.0274746
0.490645
8
0.486625
0.815985
39.1107
0.955411
0.00350135
0.301298
44
0.0446551
0.433825
0.0785537
0.368846
51
0.660946
0.0720906
95.6343
0.96184
0.00951933
0.119605
26
0.0997945
0.110223
0.0245845
0.498029
40
0.292966
0.767121
95.0638
0.962315
0.00466399
0.0706789
51
0.0514761
0.3809
0.0120145
0.427593
97
0.52246
0.895084
6.06844
0.976623
0.00264612
0.0517904
13
0.020919
0.937692
0.053434
0.0415397
58
0.489577
0.686975
19.7922
0.969237
0.00473214
0.356029
68
0.0647946
0.550012
0.0730343
0.0103496
26
0.503882
0.0164254
84.5534
0.998231
0.0034146
0.206408
66
0.0885503
0.273512
0.094445
0.0296643
17
0.695347
0.628725
55.4306
0.992779
0.00238823
0.0420994
40
0.0660291
0.575489
0.0658275
0.0232181
39
0.412535
0.623705
28.7263
0.910609
0.00870032
0.411386
36
0.0921347
0.94388
0.0468884
0.496987
77
0.515901
0.538429
99.3423
0.919119
0.00525592
0.12889
80
0.0441711
0.167492
0.0242727
0.268068
39
0.744904
0.91661
53.9877
0.911054
0.00464378
0.214227
94
0.0457892
0.468273
0.0333584
0.211223
49
0.128037
0.708264
61.38
0.90941
0.00832171
0.00768643
38
0.0353833
0.45691
0.0747888
0.376174
34
0.473498
0.56813
76.9474
0.900789
0.00119633
0.358637
97
0.08814
0.537937
0.0633956
0.18205
64
0.313488
0.258682
92.6358
0.910742
0.0061356
0.365712
65
0.0374856
0.425049
0.0342009
0.106059
52
0.564674
0.00715681
48.3235
0.984327
0.0016086
0.447817
14
0.0198739
0.528377
0.0712907
0.0658876
22
0.124782
0.0129425
87.7196
0.928996
0.00392204
0.228522
81
0.0691971
0.912863
0.0789633
0.338233
53
0.463242
0.293142
34.8454
0.919589
0.00973961
0.304327
5
0.093802
0.466688
0.0148192
0.0918152
50
0.321742
0.27084
78.6252
0.901853
0.00933779
0.457053
77
0.0275922
0.445493
0.0348331
0.253862
49
0.55136
0.862525
52.7302
0.998941
0.00939044
0.206747
82
0.0158962
0.40014
0.0716492
0.110377
73
0.548396
0.88322
50.6999
0.94518
0.00623146
0.340147
16
0.0416189
0.555335
0.0417552
0.00733171
99
0.207866
0.303014
87.2985
0.944221
0.00277365
0.161896
75
0.0887305
0.0179306
0.0390202
0.281018
90
0.478115
0.656493
45.266
0.993912
0.00331654
0.414446
67
0.0375767
0.813438
0.0632756
0.255517
1
0.370952
0.644508
28.4282
0.946388
0.00994099
0.267229
99
0.0769216
0.539234
0.0266799
0.0597854
25
0.322687
0.120425
78.5038
0.991199
0.00222767
0.337681
88
0.089717
0.475515
0.0438651
0.189122
2
0.453515
0.00400935
73.0944
0.906897
0.00589776
0.044443
54
0.088009
0.845894
0.0168654
0.111295
53
0.600633
0.0885568
48.7893
0.981901
0.00759945
0.378385
5
0.0993018
0.395981
0.0752294
0.434866
84
0.767438
0.165059
85.5069
0.92985
0.00659502
0.086991
79
0.0419407
0.518585
0.0101744
0.350884
97
0.59534
0.332629
18.596
0.971498
0.00453242
0.00382266
79
0.0102359
0.793039
0.0385301
0.00427754
83
0.491279
0.892223
41.1907
0.991682
0.00734044
0.488931
6
0.0479369
0.704128
0.0993427
0.335678
68
0.763574
0.487409
0.103746
0.9302
0.00863017
0.462445
71
0.0114769
0.390399
0.0309024
0.247423
83
0.755787
0.725854
99.9718
0.953585
0.00743649
0.246882
57
0.0452301
0.861155
0.0300254
0.233793
51
0.114011
0.484612
76.1061
0.926891
0.00823301
0.0109377
9
0.0142584
0.944968
0.0792924
0.245562
71
0.576103
0.401923
12.8854
0.935572
0.00354299
0.122187
35
0.0527392
0.0286035
0.0156163
0.139176
40
0.642482
0.868706
96.9662
0.911754
0.00366437
0.216627
19
0.0473891
0.105236
0.0890523
0.260228
62
0.481427
0.052306
37.3876
0.98547
0.00911848
0.41237
31
0.0439636
0.801613
0.0640105
0.0758336
13
0.335444
0.942682
82.5578
0.948111
0.0034705
0.0478093
42
0.0232312
0.94012
0.0352197
0.0682024
55
0.574
0.359846
41.761
0.940148
0.00429515
0.496872
24
0.0378176
0.732399
0.0643914
0.16339
2
0.64479
0.0207366
0.342906
0.982497
0.00897753
0.0489649
3
0.0935444
0.547643
0.0437647
0.123777
7
0.24109
0.244337
30.8814
0.942676
0.00136063
0.38871
49
0.0875549
0.421031
0.0422454
0.403028
48
0.426205
0.197306
88.6587
0.909136
0.00585397
0.0686118
56
0.0578461
0.859496
0.0279179
0.119537
72
0.462452
0.951049
71.6005
0.905724
0.00834201
0.291774
84
0.0174281
0.234168
0.0486014
0.472681
30
0.718976
0.994875
60.8839
0.954323
0.00630471
0.150909
50
0.0998343
0.609497
0.0206091
0.0883368
28
0.31523
0.171993
32.0516
0.996699
0.00788676
0.073993
30
0.0897555
0.0612766
0.0408907
0.470676
27
0.616371
0.665055
23.4324
0.909513
0.00765381
0.31472
17
0.0723181
0.927328
0.0221274
0.334505
48
0.497415
0.976807
52.0705
0.928759
0.00295663
0.196065
88
0.0985954
0.36086
0.0481268
0.0244352
20
0.274565
0.123169
9.07694
0.933452
0.00294362
0.247842
27
0.0177554
0.799867
0.0514605
0.00227904
70
0.378675
0.298793
74.6257
0.957386
0.0029004
0.0847243
83
0.0805794
0.570028
0.0888126
0.0730804
27
0.42486
0.727928
89.5706
0.997117
0.00528161
0.0668821
67
0.0404038
0.0420427
0.040035
0.443078
3
0.700644
0.0444236
45.0727
0.931273
0.00297059
0.0163423
36
0.0434881
0.118751
0.095791
0.239393
13
0.675196
0.0916439
80.0722
0.916415
0.00684259
0.141334
52
0.0709571
0.614299
0.017879
0.46341
93
0.154363
0.278268
93.2599
0.924875
0.00441554
0.432899
84
0.0719623
0.345393
0.0578952
0.421967
41
0.40639
0.570464
59.7948
0.981449
0.00124703
0.198252
18
0.0876397
0.506379
0.0133219
0.480792
18
0.175717
0.33177
1.86188
0.936391
0.00255218
0.483386
53
0.028041
0.318723
0.0864299
0.453891
74
0.563047
0.608654
73.8101
0.930948
0.00420994
0.242554
55
0.0646603
0.221153
0.0991709
0.0603665
23
0.502118
0.743806
41.3429
0.973774
0.00925287
0.0712763
58
0.0600185
0.259117
0.0571911
0.151584
23
0.455131
0.364861
80.3619
0.992525
0.00521148
0.0335982
28
0.0677095
0.0135157
0.0257899
0.0920656
55
0.702971
0.941854
69.4313
0.92572
0.00360588
0.273515
44
0.0783975
0.272264
0.0710246
0.250609
94
0.431671
0.696967
32.8345
0.924444
0.00870894
0.0146321
75
0.0775903
0.315802
0.0940234
0.222814
6
0.125232
0.295408
1.15691
0.974494
0.00217684
0.106813
14
0.0814231
0.588729
0.0754959
0.206478
69
0.665722
0.508218
65.519
0.983893
0.00579892
0.481523
26
0.0835667
0.439051
0.0326011
0.266716
88
0.217382
0.825817
7.02899
0.904767
0.00318608
0.204654
88
0.0248728
0.833378
0.0158459
0.199123
8
0.592968
0.946374
58.4928
0.971116
0.0043344
0.452202
77
0.0122293
0.534468
0.096665
0.218856
20
0.643642
0.379917
90.335
0.983642
0.00564944
0.0282753
14
0.0509941
0.0228845
0.0848493
0.40693
45
0.457368
0.845428
42.388
0.936072
0.00988565
0.0636044
56
0.0682974
0.387507
0.0745091
0.354164
50
0.272495
0.975555
12.0515
0.939087
0.00651121
0.480286
50
0.0653716
0.0940939
0.0675433
0.270559
10
0.44365
0.627686
64.878
0.936603
0.00960256
0.192983
88
0.0434261
0.979316
0.0634903
0.100196
26
0.118876
0.501144
64.2711
0.919915
0.00918865
0.169609
25
0.0779854
0.186346
0.0689276
0.432914
22
0.360413
0.780397
53.7516
0.925743
0.00241069
0.424836
40
0.0380441
0.108979
0.0455674
0.0472516
4
0.152801
0.255841
80.9876
0.91335
0.00356271
0.164375
46
0.0863794
0.150899
0.0222689
0.322642
46
0.709134
0.233446
24.0115
0.997413
0.00484431
0.0268362
53
0.0342118
0.270517
0.0862939
0.373182
76
0.46621
0.62144
27.1699
0.977429
0.00386967
0.144351
42
0.0810943
0.955367
0.0420592
0.219724
89
0.542466
0.962482
16.1948
0.957546
0.00130983
0.470724
41
0.0961858
0.496547
0.0854836
0.414242
85
0.447654
0.189625
75.8687
0.929356
0.00799285
0.371312
27
0.0318879
0.0362502
0.0568206
0.465614
76
0.799864
0.722666
59.0793
0.941221
0.00305574
0.345841
55
0.0558328
0.312363
0.0113905
0.155457
62
0.303783
0.436381
18.036
0.972326
0.0035331
0.486172
50
0.0183591
0.710689
0.0377224
0.382224
98
0.311425
0.655856
99.6117
0.912318
0.00995666
0.048117
92
0.0540623
0.558608
0.0511643
0.276828
9
0.470415
0.909872
43.0708
0.977168
0.00325689
0.0244128
39
0.0511693
0.240073
0.0649886
0.269581
13
0.35736
0.761834
88.8006
0.970331
0.0032095
0.230576
90
0.0989854
0.157165
0.0660647
0.0951577
34
0.708924
0.19995
19.0814
0.912493
0.00177272
0.118437
61
0.0609613
0.242117
0.0109739
0.273783
50
0.638981
0.864297
81.7419
0.936662
0.00478674
0.0992229
85
0.0926005
0.686362
0.0123257
0.10938
90
0.724064
0.097105
12.2169
0.921541
0.00953927
0.26225
63
0.0909335
0.0271383
0.0105382
0.354417
57
0.665207
0.640774
82.1641
0.99043
0.00203929
0.393891
43
0.0407188
0.253125
0.0432847
0.314371
79
0.778742
0.119432
61.8754
0.901704
0.00314738
0.09198
19
0.0716868
0.724333
0.0808894
0.0527963
98
0.347256
0.0023571
62.0297
0.962506
0.0028802
0.386083
28
0.095989
0.179561
0.0360694
0.0325608
65
0.62086
0.810643
79.7292
0.950696
0.00139937
0.133425
38
0.0816247
0.332471
0.0928086
0.0175841
20
0.317253
0.155441
95.9508
0.914904
0.00416823
0.160692
94
0.0710976
0.48987
0.0166606
0.0939205
65
0.265709
0.956133
23.8879
0.931383
0.00393462
0.123186
10
0.060463
0.189737
0.0774846
0.330901
28
0.120004
0.515633
38.3715
0.943303
0.00729619
0.0977562
26
0.0866629
0.899437
0.0741787
0.457449
24
0.112569
0.907777
86.7303
0.962616
0.00618971
0.352803
86
0.0123932
0.250138
0.0859773
0.0315751
59
0.441456
0.227453
74.9652
0.932563
0.00627343
0.0914056
81
0.0307202
0.237437
0.0200253
0.187859
96
0.409701
0.50301
29.6624
0.969325
0.00427957
0.186034
3
0.0199775
0.436645
0.0118571
0.37019
89
0.55059
0.352722
90.9791
0.962983
0.00403714
0.221721
47
0.0279821
0.889867
0.0859205
0.330055
42
0.670211
0.113388
48.8527
0.904449
0.00849113
0.226022
68
0.0165382
0.797498
0.0667418
0.311166
69
0.632636
0.274082
25.289
0.978824
0.00549762
0.457199
5
0.0594296
0.551085
0.0713936
0.20893
8
0.143548
0.603386
92.5326
0.900373
0.00682283
0.0691006
74
0.0497713
0.878545
0.0286595
0.161277
22
0.326222
0.247142
69.9324
0.986262
0.00364593
0.171655
94
0.0291361
0.248819
0.0959654
0.408174
7
0.339772
0.458529
85.8747
0.927728
0.00436607
0.395044
70
0.0629644
0.809451
0.0930083
0.0430337
80
0.342197
0.60117
97.5733
0.986333
0.00843019
0.163571
53
0.0692784
0.785905
0.0284602
0.433155
2
0.456746
0.828149
33.9298
0.907075
0.00168083
0.351523
49
0.0955417
0.0560398
0.032226
0.0134465
55
0.675485
0.0192544
32.2241
0.95392
0.00713074
0.3833
70
0.0404878
0.720672
0.0145255
0.118491
60
0.286054
0.494456
93.1026
0.989177
0.00818728
0.183315
95
0.0572531
0.640253
0.0718705
0.383577
62
0.484463
0.548903
44.57
0.937059
0.00146122
0.30628
6
0.0477641
0.514444
0.0443603
0.324409
94
0.745813
0.735311
44.079
0.931576
0.0049027
0.134601
89
0.0789301
0.373557
0.0884104
0.202285
76
0.115722
0.559236
91.625
0.939602
0.00369624
0.435944
57
0.072703
0.598006
0.085185
0.274904
93
0.743587
0.101271
17.1942
0.940739
0.00550704
0.175676
76
0.0586195
0.762574
0.0106485
0.357262
47
0.63026
0.00916126
48.0296
0.993564
0.00957936
0.415653
72
0.0134692
0.408601
0.0625752
0.276366
86
0.277033
0.470515
38.9028
0.99855
0.0067694
0.494106
96
0.020203
0.457417
0.0544268
0.170829
17
0.737477
0.457177
8.00488
0.996591
0.00121401
0.293839
56
0.0931154
0.706046
0.0362722
0.0342918
33
0.690445
0.849182
76.7096
0.993792
0.00609333
0.173994
75
0.0575201
0.643461
0.0619007
0.10803
74
0.487887
0.0557776
79.8204
0.939876
0.00673878
0.00660092
42
0.0953543
0.313589
0.0143411
0.0989568
56
0.352472
0.218246
1.41978
0.955463
0.00605198
0.0981698
82
0.08412
0.219454
0.0975043
0.149342
13
0.394103
0.913296
17.9791
0.916728
0.00733277
0.389382
2
0.041209
0.215737
0.0238139
0.127585
20
0.613522
0.497687
77.053
0.975647
0.00524291
0.282046
23
0.0569551
0.633353
0.0983076
0.289051
66
0.597922
0.373738
46.7383
0.985622
0.00641761
0.090585
51
0.0450523
0.474184
0.0460015
0.388595
4
0.75345
0.839265
24.3677
0.907452
0.00374032
0.440876
57
0.0590965
0.665801
0.0661998
0.377434
44
0.480407
0.918543
21.872
0.983972
0.00313831
0.324209
20
0.0718657
0.366837
0.0819275
0.122529
86
0.348891
0.556395
3.94547
0.98746
0.00371075
0.132066
33
0.0850663
0.877566
0.0450525
0.287834
21
0.218506
0.741867
20.451
0.985239
0.00170271
0.260516
42
0.0260524
0.712763
0.0230537
0.120865
88
0.604477
0.51259
67.23
