1
29.636
53
0.791394
93
2
15.5059
64
0.344437
79
2
13.028
86
0.933525
88
2
17.6038
31
0.712701
78
1
26.8526
86
0.531809
91
1
11.1378
90
0.161757
52
1
20.392
34
0.89696
64
2
20.3496
40
0.446104
68
1
19.3942
88
0.0801251
51
1
28.4634
29
0.500775
98
2
11.6047
13
0.836293
36
1
19.4945
54
0.825833
60
2
24.883
21
0.527308
26
1
23.8949
61
0.363724
34
1
17.7812
91
0.0615261
64
1
17.5213
5
0.815102
65
2
25.42
98
0.0268316
73
2
18.1227
60
0.979609
76
1
28.9427
50
0.831712
50
1
18.2335
26
0.891463
69
1
21.2916
76
0.0011556
40
2
27.0066
71
0.805125
80
2
15.9515
11
0.846731
35
2
16.559
34
0.311714
91
2
19.2104
23
0.961508
66
2
10.3012
53
0.617013
50
1
16.1735
61
0.862473
41
2
14.796
83
0.102422
81
1
25.976
68
0.163146
66
1
11.1173
21
0.992182
73
1
12.7448
43
0.627045
21
1
25.6506
24
0.911458
59
2
19.9697
80
0.37976
53
1
15.6132
30
0.566037
39
1
14.0746
52
0.642362
39
1
17.1013
67
0.872957
45
1
16.57
21
0.711134
69
1
23.6487
82
0.546959
79
1
26.5953
10
0.356194
90
2
25.149
11
0.77458
97
2
22.2532
16
0.0822109
77
1
27.7456
21
0.20735
29
2
15.3207
60
0.611991
59
2
10.6369
33
0.560292
24
1
22.0167
75
0.0247317
41
2
22.1628
52
0.644941
98
2
24.1187
34
0.390958
48
1
17.8264
73
0.841279
89
1
29.2001
14
0.0291323
23
2
23.1281
78
0.236787
74
2
10.5161
93
0.741476
60
2
21.1135
81
0.434237
92
2
20.4049
50
0.955827
56
1
29.6751
99
0.600316
70
1
26.4037
19
0.684579
84
1
28.1781
67
0.919913
96
2
20.6444
3
0.245358
95
1
13.5185
71
0.55927
100
1
13.9702
10
0.965025
78
2
16.9745
25
0.350486
63
2
12.3651
84
0.555022
75
2
15.5534
86
0.0509416
32
2
10.1004
41
0.271241
94
1
25.1677
66
0.852125
31
2
19.6505
21
0.214215
45
1
15.6531
83
0.813599
37
2
13.1813
35
0.734202
50
1
24.5061
6
0.816334
86
1
27.0815
8
0.0929082
87
2
27.3459
38
0.999103
40
2
20.036
37
0.606099
83
1
19.9509
73
0.399628
66
1
25.2526
49
0.261257
43
1
23.5049
13
0.248734
45
2
10.6766
95
0.845691
49
1
17.8519
26
0.675239
57
2
16.3174
40
0.771076
44
2
12.8695
34
0.278574
69
1
12.9422
9
0.00873398
47
1
12.6047
43
0.424395
28
2
13.663
97
0.412477
22
2
18.7707
78
0.292858
77
2
24.2331
16
0.738427
81
1
21.525
5
0.374838
71
1
18.5255
77
0.757176
49
2
20.8903
16
0.0153954
67
2
19.9054
20
0.30498
67
2
26.4723
10
0.883297
33
2
22.0974
89
0.864792
34
2
13.3563
57
0.155131
46
2
14.3872
47
0.179659
76
2
12.1824
75
0.450627
30
2
12.7001
44
0.743729
28
1
14.9653
9
0.421577
71
2
21.9848
7
0.319793
45
1
14.9245
51
0.827228
62
2
17.8951
57
0.251337
77
2
22.5225
64
0.885951
63
1
26.0014
70
0.657666
31
2
15.2981
27
0.494604
66
1
20.1897
85
0.19423
72
1
16.8096
4
0.296818
98
1
13.7618
81
0.737669
99
2
15.8468
38
0.058399
83
2
26.7231
77
0.397783
33
1
11.9072
76
0.595787
51
2
20.44
48
0.693113
32
2
29.7691
98
0.974029
58
2
24.2733
9
0.714642
85
1
14.4912
18
0.145665
58
1
16.4971
46
0.441997
48
1
24.7426
90
0.953826
96
1
19.7362
91
0.387675
98
1
26.7114
54
0.97709
93
2
16.9272
18
0.167001
23
1
24.6378
69
0.938545
51
1
18.3137
69
0.464027
62
1
23.0311
23
0.503271
100
2
21.3965
17
0.829512
62
2
26.3479
59
0.00267449
20
2
15.2699
81
0.599213
36
2
22.1469
35
0.923381
40
2
23.1069
36
0.240186
23
2
25.3748
30
0.366957
35
2
23.3717
85
0.389306
74
1
15.7444
59
0.723671
50
1
12.2983
4
0.958786
88
1
27.1883
46
0.448151
53
2
23.8709
99
0.122017
76
2
22.8334
32
0.0683938
42
1
28.4101
52
0.724349
81
2
10.0342
86
0.514436
25
2
12.9903
97
0.732366
99
2
21.0586
18
0.485471
80
2
11.4677
29
0.512724
94
1
22.4628
76
0.90897
23
2
24.4716
2
0.148222
93
1
22.4309
6
0.0489238
43
2
22.3014
75
0.887676
70
1
10.9618
79
0.583631
80
2
22.6289
20
0.139454
62
1
24.284
96
0.372671
23
1
28.7874
69
0.543181
41
1
27.5447
55
0.437845
61
1
10.8036
54
0.35944
39
1
16.737
88
0.68006
48
2
11.334
97
0.384107
73
1
24.7943
29
0.579302
29
2
24.5401
38
0.931854
43
2
15.7176
83
0.935122
41
2
21.4497
58
0.679274
89
1
24.9943
23
0.564541
58
1
21.5993
92
0.176165
95
1
29.0667
69
0.315534
90
1
20.7998
95
0.30153
79
2
29.3848
79
0.995037
33
1
14.3185
99
0.753976
24
1
10.1356
57
0.258775
32
1
26.7653
97
0.489276
83
2
24.1222
99
0.404828
27
2
14.4687
63
0.280894
70
2
13.8195
53
0.110167
25
2
15.1234
27
0.640578
86
2
20.5894
61
0.754161
69
2
17.2697
9
0.255375
48
1
25.0141
87
0.869468
33
1
27.1337
39
0.150708
35
1
25.6095
47
0.0346011
95
1
18.099
44
0.832304
82
1
20.1185
82
0.575258
40
1
28.996
93
0.596792
33
1
24.6565
22
0.835497
29
1
28.1162
79
0.663982
85
2
27.8605
66
0.838022
55
1
10.0413
36
0.973887
64
1
14.0265
25
0.729941
61
1
15.9877
55
0.549597
22
2
28.7177
98
0.410301
91
2
28.3725
97
0.991155
57
1
23.8023
63
0.491037
64
1
27.5764
8
0.996276
86
2
20.6177
17
0.698164
38
2
19.3178
54
0.132251
45
1
13.108
76
0.0718075
82
2
19.8646
35
0.0721677
89
2
23.6096
18
0.445322
59
1
10.4523
56
0.331647
55
2
19.776
93
0.317089
88
1
12.0088
74
0.750605
80
2
29.0965
6
0.189979
89
2
26.9352
92
0.573934
68
2
20.1488
41
0.312225
53
2
11.7208
73
0.105244
30
1
14.7409
79
0.173168
56
2
23.9564
13
0.532849
74
2
25.5761
9
0.455472
60
2
17.5672
67
0.746055
31
1
21.4013
72
0.848537
54
2
21.6499
49
0.220129
56
2
18.3349
18
0.3414
72
1
10.8983
56
0.233658
49
2
20.8101
43
0.308865
83
1
25.5441
41
0.183535
36
2
22.8986
96
0.759174
24
2
18.9696
12
0.537159
90
1
18.745
19
0.431008
87
2
25.8734
96
0.517368
56
2
29.7098
89
0.718367
54
1
29.3563
29
0.229359
34
2
15.4708
93
0.268602
65
1
11.8777
42
0.84324
69
1
15.1107
36
0.28805
67
1
17.209
56
0.82266
64
1
10.2137
41
0.604394
44
1
29.5665
29
0.0573473
96
2
29.8705
50
0.562438
100
1
20.2837
83
0.676062
57
1
16.7873
92
0.0210081
52
2
15.3739
45
0.670827
41
2
10.8431
59
0.13724
46
1
10.3472
44
0.22538
92
1
29.1364
8
0.0450879
43
2
29.305
4
0.795573
41
2
13.9596
11
0.0236973
27
1
13.8654
74
0.727539
65
2
10.557
28
0.927607
37
1
13.5451
13
0.201685
39
1
20.6923
26
0.234527
49
2
11.2336
60
0.793727
34
2
25.4881
86
0.0650735
34
1
21.1316
26
0.687319
73
2
10.4104
45
0.126444
72
1
28.0429
89
0.325045
29
1
27.9554
92
0.265846
53
2
11.5431
21
0.63931
64
1
28.8141
63
0.407991
86
2
15.201
53
0.326155
42
2
22.9528
67
0.205247
50
2
28.534
48
0.511896
87
1
14.5851
14
0.159914
61
1
19.4629
61
0.171193
21
2
23.3136
65
0.893388
59
2
25.3231
22
0.277456
43
2
26.2585
38
0.668081
28
1
19.8269
31
0.541487
96
2
16.631
91
0.442476
71
1
26.1847
80
0.457329
87
1
17.7409
75
0.764951
36
2
11.1796
84
0.704526
52
1
19.3494
7
0.438171
78
1
28.8504
3
0.783669
84
2
26.8959
89
0.588938
22
2
27.2175
74
0.871918
82
1
28.2787
54
0.60228
35
1
13.7407
12
0.20307
22
1
29.4031
27
0.629343
91
2
22.8595
90
0.545783
80
2
17.3928
39
0.0986268
46
2
21.1695
100
0.433329
90
1
10.2725
12
0.394702
26
2
19.2715
90
0.766852
20
2
14.6889
3
0.174203
30
2
11.9826
80
0.72195
65
2
10.7817
45
0.924386
37
1
15.7772
14
0.646349
97
2
14.8175
26
0.87702
71
2
16.123
94
0.2166
39
2
17.9889
28
0.900851
79
1
17.0176
41
0.0904939
61
1
27.7896
33
0.749048
50
2
27.4685
16
0.393322
60
1
19.054
11
0.429566
98
2
21.8969
68
0.196107
50
1
20.7522
62
0.651879
27
2
27.9836
33
0.665588
22
2
22.0511
60
0.708126
86
2
28.0162
8
0.968589
70
2
16.8701
23
0.00558913
75
1
13.1352
55
0.950366
29
2
24.8723
1
0.368612
47
2
17.4789
70
0.230584
91
1
22.5844
73
0.763057
70
1
22.2263
35
0.0413271
31
1
29.2726
14
0.190807
76
1
16.2638
28
0.850899
82
1
11.5749
30
0.467928
44
1
17.0698
50
0.12137
68
2
23.5378
48
0.881843
99
1
21.8725
36
0.49927
54
2
29.545
91
0.652516
93
1
11.5001
70
0.376842
90
2
23.5951
89
0.809126
78
2
15.5689
19
0.349474
97
2
26.0557
37
0.458845
39
2
23.7712
72
0.538528
33
1
13.3044
42
0.66627
32
2
25.8285
94
0.820277
44
1
23.0615
68
0.124849
67
1
23.722
37
0.989512
76
1
28.2043
2
0.322347
37
2
11.9596
58
0.212057
79
2
18.5652
40
0.152819
42
1
19.1015
94
0.338852
82
1
12.1057
79
0.371308
61
1
14.4197
78
0.209396
61
2
18.4957
98
0.983905
32
1
12.5924
84
0.299645
68
2
29.9955
19
0.346332
95
2
14.252
87
0.586246
80
2
25.4761
29
0.894829
75
1
14.2301
67
0.129132
25
1
14.6224
99
0.875067
72
2
26.6613
6
0.106057
47
2
13.2106
63
0.140964
97
2
18.4151
57
0.118346
62
1
26.5212
28
0.0868568
30
1
12.1471
81
0.631794
20
2
20.5035
84
0.0110525
66
1
17.1257
72
0.615235
94
2
12.4584
2
0.557663
85
1
20.2429
57
0.416633
58
2
22.9944
15
0.986329
85
1
18.0024
70
0.303004
44
2
10.6801
90
0.328851
76
2
26.8075
77
0.0890425
63
1
17.3413
82
0.928165
71
2
14.5241
85
0.797595
27
2
23.3491
72
0.0796642
58
1
27.3795
42
0.854264
55
2
28.3018
22
0.409515
72
1
28.7249
80
0.551059
68
2
16.3283
95
0.613158
21
2
20.9688
51
0.936921
75
2
12.2275
10
0.946364
78
1
13.0617
11
0.199882
59
2
29.4406
37
0.480021
38
1
18.6494
49
0.38063
69
1
27.8909
17
0.146325
24
1
23.4364
52
0.625259
89
2
10.181
52
0.247861
66
1
21.2476
71
0.468873
45
1
25.7556
15
0.046435
67
2
23.2117
94
0.506096
91
2
27.6886
40
0.694571
48
2
12.2674
5
0.286274
46
1
11.8395
87
0.85972
35
2
17.6964
23
0.252669
51
2
19.4017
77
0.777718
37
1
24.34
73
0.0136035
59
1
22.6437
43
0.0671152
36
1
19.014
2
0.10097
62
1
13.707
49
0.306888
93
2
29.8391
65
0.818775
94
2
10.5723
15
0.866784
93
1
25.9446
65
0.354332
97
1
18.4639
31
0.661876
77
1
21.8287
50
0.131243
81
2
21.7725
22
0.453061
24
1
18.0767
4
0.609239
84
2
25.1052
99
0.334825
84
1
27.6684
19
0.361976
73
2
15.0639
45
0.21147
68
1
16.8804
36
0.257567
67
1
21.7348
40
0.590167
21
2
25.0513
88
0.706822
83
2
11.252
39
0.47535
74
1
25.6877
24
0.0426168
98
2
22.7141
24
0.135299
88
1
20.8727
67
0.4611
87
1
19.7017
47
0.478862
40
2
17.1814
55
0.226465
42
2
29.7435
77
0.185675
53
1
16.6739
58
0.164336
76
1
12.4971
85
0.097095
55
2
11.3009
56
0.169204
88
1
18.386
71
0.352622
52
1
18.8688
37
0.239823
94
2
24.0236
33
0.620505
38
2
16.6807
12
0.760326
48
2
29.5035
78
0.418671
47
2
28.5692
64
0.637051
27
1
21.0262
49
0.800001
28
2
29.8918
66
0.422609
63
2
10.3846
74
0.672261
63
1
11.0002
62
0.52128
25
2
13.4068
59
0.618821
40
1
26.316
87
0.701881
98
2
15.0208
60
0.787297
30
2
21.2031
42
0.806995
28
1
12.835
8
0.403183
73
1
14.1197
65
0.524935
92
1
11.402
82
0.810173
42
1
26.1244
72
0.571915
87
1
23.2647
51
0.940413
89
1
29.9568
80
0.703776
23
2
26.6349
22
0.917722
60
1
21.921
75
0.948439
39
1
13.5686
33
0.0543231
70
2
16.0241
46
0.0853615
56
2
18.684
45
0.981942
47
1
14.3381
60
0.906542
74
1
28.8958
91
0.966429
99
2
24.8311
95
0.295708
95
2
11.3876
20
0.553996
43
2
17.6622
5
0.00789087
35
1
21.5193
64
0.143366
56
2
22.3397
1
0.243336
44
1
18.2603
34
0.284932
58
1
25.2044
6
0.971995
99
1
15.1835
98
0.0759973
52
1
24.7161
48
0.518053
92
2
10.9392
62
0.462883
55
1
25.8871
31
0.274659
28
1
27.4287
25
0.915095
91
2
22.7687
82
0.799396
54
2
25.7907
39
0.913441
25
1
15.9081
86
0.0954691
82
2
27.2551
47
0.11649
51
2
14.8989
69
0.218234
32
2
15.8227
51
0.505746
65
1
16.4493
96
0.779781
26
2
26.9682
3
0.401554
60
1
11.7072
68
0.108857
53
1
17.9471
31
0.483255
81
1
27.804
27
0.888525
70
2
17.3104
15
0.0395004
31
1
24.4265
94
0.789208
97
1
11.7906
92
0.856472
95
1
28.6427
43
0.648608
86
2
13.4638
45
0.773986
38
1
12.7639
87
0.0181278
84
2
12.5388
16
0.0521144
35
2
29.0055
17
0.0300514
31
1
14.1768
7
0.691922
86
1
24.3614
57
0.263252
26
2
21.7193
84
0.635276
52
1
14.144
39
0.364443
94
2
10.7449
17
0.509374
58
2
27.5179
37
0.623305
72
1
12.3448
58
0.222358
54
2
18.9128
100
0.266504
65
2
20.5227
27
0.879291
99
1
16.049
68
0.472229
90
1
20.2081
4
0.283585
37
1
14.8646
48
0.534625
34
1
20.0421
24
0.3432
27
2
11.6735
76
0.187398
81
1
21.3216
32
0.0377186
55
2
28.5075
7
0.945842
74
1
28.3258
15
0.744994
71
1
28.607
44
0.58131
84
2
19.6005
96
0.803071
63
2
22.3848
62
0.942763
56
2
16.2176
71
0.585771
25
2
19.5554
10
0.780948
41
1
24.929
93
0.336306
82
2
23.4553
62
0.320309
57
1
27.2839
2
0.0772028
61
2
15.4349
65
0.333396
85
2
16.3872
7
0.717796
45
1
19.1611
24
0.477679
54
1
21.6313
30
0.062503
46
2
23.1825
18
0.57635
92
2
18.8112
47
0.112999
42
2
19.5978
53
0.689611
54
2
25.3175
20
0.522469
96
2
12.4379
95
0.592054
92
1
14.6509
46
0.493425
47
1
16.4209
84
0.98499
84
2
23.9791
63
0.180549
96
1
26.2026
78
0.0324266
77
1
12.6608
61
0.654662
51
1
16.0923
70
0.290291
49
2
24.1826
6
0.414137
21
1
26.5001
1
0.785453
74
1
11.0759
80
0.962046
76
2
18.9476
74
0.902238
94
2
24.0698
88
0.273974
79
2
13.6037
56
0.659309
22
1
19.1491
58
0.904921
75
1
20.9517
26
0.682566
38
2
26.3675
3
0.0174965
36
2
13.9026
66
0.528396
21
1
28.1522
12
0.957195
24
1
22.5124
33
0.769879
29
1
13.264
25
0.383151
78
1
26.0883
32
0.486417
28
2
24.5807
13
0.899681
26
1
12.0432
32
0.63296
47
1
29.1821
66
0.697198
67
2
23.6979
42
0.114971
28
1
22.7482
32
0.920815
57
2
18.1639
82
0.861659
49
2
27.6055
88
0.568534
30
2
17.4039
54
0.156177
38
1
27.0437
13
0.192641
79
2
18.6085
30
0.42602
88
1
17.4966
51
0.471542
83
1
12.9175
41
0.73043
26
1
13.3712
46
0.497274
21
