2.57834
4
4
28
2
0.0547189
0.88417
203
1
2
1
9.12943
3
3
6
2
0.0212218
0.925125
276
3
1
3
1.18772
1
4
50
1
0.0764555
0.947558
210
2
2
3
3.71008
3
5
80
2
0.0595627
0.941494
256
2
2
2
9.86334
3
3
6
2
0.0780903
0.924276
320
1
2
3
9.69249
2
3
12
3
0.0929011
0.866395
386
2
2
2
4.90415
2
4
30
2
0.0285782
0.85721
347
1
2
2
6.73366
1
5
11
2
0.0939366
0.900412
260
1
2
3
3.00416
2
5
74
2
0.0433505
0.936822
251
1
2
2
0.419555
4
4
7
1
0.0101075
0.914041
244
2
3
3
4.72202
4
4
75
2
0.0875842
0.948331
218
2
1
2
0.311337
3
5
92
3
0.0884505
0.857431
287
1
2
2
9.96594
3
4
9
1
0.062986
0.863879
395
2
3
1
9.80395
3
5
71
2
0.0145896
0.85821
370
3
2
2
5.14467
2
4
30
2
0.0858348
0.891572
228
3
3
2
4.88652
2
5
81
2
0.0154963
0.86011
364
2
3
2
5.09654
1
4
4
3
0.0033888
0.865541
255
1
3
1
2.14983
1
5
30
3
0.0761911
0.893122
353
1
2
2
0.21061
4
4
6
3
0.0391516
0.851776
274
2
1
1
0.40205
4
3
23
2
0.0886598
0.9181
348
2
2
2
8.93969
2
4
41
2
0.0586981
0.911958
319
1
1
3
1.16776
2
4
16
2
0.081585
0.879836
365
1
2
1
7.49888
3
4
36
2
0.0797395
0.885044
352
2
3
2
2.30478
3
3
87
1
0.0504152
0.889361
374
2
3
3
2.13038
2
3
98
3
0.0951851
0.931244
247
2
2
1
7.57272
3
4
75
3
0.00210726
0.856055
291
2
2
3
8.75746
3
5
34
2
0.0558814
0.88751
396
1
2
2
9.75253
2
5
84
3
0.0154126
0.910542
390
3
2
2
2.712
2
3
74
3
0.0151603
0.948552
221
2
2
2
2.05728
1
4
34
2
0.0893721
0.882194
200
2
2
2
7.52949
3
4
49
1
0.057022
0.943592
290
1
1
2
5.08267
2
4
99
2
0.0659848
0.886652
225
2
2
2
1.30012
3
4
39
3
0.0157437
0.859155
323
2
2
1
8.52578
3
4
94
1
0.035247
0.941367
299
1
2
2
8.45644
1
4
80
1
0.0282275
0.8792
278
1
3
2
1.22981
2
4
43
1
0.00311359
0.92851
248
2
1
3
8.24587
4
4
2
1
0.0290429
0.862905
287
1
3
3
3.70003
2
3
14
2
0.0535303
0.885435
229
2
1
3
7.36869
2
4
51
2
0.0821267
0.882222
303
3
3
3
1.71783
1
4
79
2
0.0676663
0.943257
332
2
2
2
3.86282
2
4
18
2
0.060414
0.944325
268
3
1
2
2.43713
2
3
1
3
0.0706755
0.881157
317
2
1
2
5.91002
2
4
72
2
0.00709295
0.852128
227
2
1
1
3.89455
4
4
24
2
0.0263144
0.863628
264
2
3
2
2.3298
1
5
92
2
0.0810297
0.886803
290
2
1
2
1.37491
2
5
97
2
0.043911
0.893494
249
1
3
3
8.14939
2
3
96
3
0.0374436
0.870853
232
3
2
2
6.76249
1
4
26
1
0.0467769
0.898848
336
2
2
3
3.03237
3
4
32
2
0.0219075
0.930865
387
1
2
2
7.87393
2
4
97
1
0.0703698
0.949355
297
2
2
1
1.99496
1
4
43
1
0.0364944
0.869228
288
3
1
1
2.09958
3
4
66
2
0.0728728
0.895368
311
2
1
2
8.48028
3
4
19
2
0.0531365
0.883655
265
2
1
2
8.54441
3
3
73
3
0.0178988
0.898411
204
1
3
1
3.79476
3
5
53
3
0.0266074
0.928147
220
2
2
2
9.95005
4
4
18
2
0.0489963
0.866699
300
2
1
1
6.29938
2
4
50
2
0.0998895
0.899967
320
2
1
2
2.69134
2
4
9
2
0.073489
0.869857
285
3
3
3
0.476186
2
4
91
1
0.0577627
0.918692
292
2
2
2
0.82781
3
5
26
2
0.0205938
0.859576
331
2
1
3
4.01953
2
4
18
3
0.0640456
0.894826
322
2
2
2
7.39805
3
4
2
1
0.0176534
0.912905
365
2
2
1
3.68309
2
4
25
1
0.0045623
0.927727
343
2
1
1
4.57263
2
5
48
2
0.0718881
0.897979
251
3
1
2
6.05314
2
3
39
2
0.0441759
0.905182
271
1
3
2
2.29566
2
3
94
3
0.0952799
0.948707
230
2
2
1
5.02585
3
4
81
3
0.0607289
0.87802
284
2
3
2
4.44482
1
4
42
2
0.0129536
0.855508
339
2
3
2
5.00986
3
4
7
2
0.0520222
0.888593
244
2
2
2
2.61095
4
4
36
2
0.0136878
0.901626
366
2
2
2
5.24827
1
3
23
3
0.0338851
0.904534
276
2
2
3
7.83374
4
5
15
3
0.00398841
0.860434
293
2
2
2
4.11936
2
4
54
2
0.0172385
0.923325
289
3
2
2
9.93679
3
4
82
1
0.0787
0.903213
286
1
2
3
0.43834
4
3
37
1
0.0318592
0.888881
338
3
1
3
5.42288
1
4
47
3
0.0844642
0.949787
357
2
1
1
1.89715
2
3
80
2
0.0117583
0.935756
315
1
2
3
8.86037
2
4
34
2
0.0579965
0.900005
351
3
1
2
2.43041
2
4
62
3
0.00769448
0.902143
297
2
2
3
0.153031
3
5
100
2
0.0377945
0.853934
304
2
1
2
6.87981
3
5
32
2
0.0306766
0.861295
206
1
3
3
3.30766
1
5
3
2
0.0593546
0.911145
361
2
2
3
4.77149
3
3
68
3
0.0955429
0.867595
389
1
2
3
5.48155
2
5
40
2
0.0699792
0.921953
232
2
3
2
2.03568
4
5
67
1
0.0656955
0.946669
383
1
1
2
7.23601
4
5
25
2
0.0271539
0.930719
284
2
1
2
5.46131
1
4
47
3
0.0228559
0.927594
371
2
2
1
6.81538
2
4
21
2
0.0658211
0.853357
309
2
3
1
8.61063
2
4
88
2
0.0849432
0.938915
343
2
1
2
5.20934
2
4
39
3
0.065536
0.898614
270
3
1
2
1.86414
2
4
33
1
0.0734074
0.934903
246
2
3
3
1.06484
3
5
93
1
0.0513105
0.887761
271
1
2
2
2.83654
2
4
67
3
0.0701987
0.946038
238
2
3
2
7.43127
2
4
45
2
0.0191487
0.914367
230
2
2
2
6.08688
3
3
44
3
0.0258203
0.920846
296
1
1
3
1.78946
1
4
91
1
0.0986426
0.864101
282
2
3
2
8.29066
1
3
39
2
0.0475242
0.91346
361
1
2
2
9.4669
1
4
27
2
0.0695231
0.935072
350
2
2
2
2.09999
3
3
37
2
0.0186473
0.85562
387
2
3
3
3.65276
4
5
20
2
0.0827383
0.853719
377
2
1
1
2.61983
1
4
47
3
0.097474
0.890269
319
2
3
1
5.68289
3
5
45
2
0.0834642
0.906233
272
3
2
3
9.57503
4
5
47
2
0.0832649
0.875404
214
2
2
2
0.715096
2
5
84
2
0.0994387
0.945542
375
2
2
1
5.62603
1
3
29
2
0.0638597
0.942426
326
1
2
1
0.559462
3
5
68
2
0.0985959
0.898214
379
1
3
2
8.66232
1
4
35
2
0.0850345
0.945351
336
2
2
2
5.95762
3
4
89
1
0.0739847
0.929484
248
1
3
2
9.06672
4
3
85
1
0.00159482
0.859786
334
1
3
1
9.40153
3
4
77
1
0.0249781
0.90091
397
2
3
3
7.95259
2
5
22
2
0.0935254
0.866451
316
3
1
3
6.16154
3
3
99
2
0.0724937
0.884514
356
1
2
2
3.22486
3
4
71
2
0.0647993
0.942607
362
3
2
1
3.11977
1
4
60
1
0.08953
0.901478
306
1
2
2
9.66415
4
5
44
3
0.0450593
0.936303
262
1
1
2
3.51461
3
4
40
2
0.0332786
0.939746
346
3
3
2
8.21862
3
4
66
1
0.0983971
0.88382
353
2
3
3
1.76262
4
4
71
2
0.0499381
0.915476
233
1
2
2
8.1947
2
3
43
2
0.0778505
0.856484
262
2
2
2
6.94292
4
3
55
3
0.0842652
0.874028
301
1
1
2
1.85007
2
5
90
2
0.0937225
0.858151
269
3
1
3
1.67728
2
3
56
1
0.0084103
0.880068
272
2
2
2
8.03657
3
4
49
3
0.0394891
0.892884
243
3
1
2
1.77579
3
5
59
2
0.0663099
0.940999
240
1
2
2
8.89133
1
4
80
2
0.0836029
0.922904
384
1
3
2
1.42952
2
4
72
2
0.0457304
0.850668
389
3
2
2
6.92615
4
4
51
2
0.065299
0.861914
314
1
2
3
7.34319
3
4
98
3
0.0166149
0.85479
208
1
2
1
0.744715
1
4
79
1
0.0918656
0.862522
343
2
2
1
6.99386
3
3
66
2
0.0336233
0.862634
302
1
2
1
8.83847
3
4
42
1
0.0061129
0.87771
327
2
2
2
1.35083
2
4
30
2
0.00682733
0.8669
269
3
2
2
1.92159
2
3
23
2
0.0263582
0.931622
331
1
1
3
8.43588
3
3
66
3
0.0776597
0.882918
361
1
2
2
7.3194
2
4
88
2
0.0890379
0.859204
393
3
3
2
1.21176
1
4
10
3
0.0586177
0.850305
264
2
1
1
8.58559
2
5
36
2
0.00140353
0.90841
342
2
3
2
1.96462
3
4
9
2
0.0755219
0.93801
249
2
2
1
9.7817
3
5
86
3
0.0349957
0.870335
214
2
1
2
7.73772
2
5
8
2
0.0392382
0.891368
282
3
1
3
5.57098
4
4
12
1
0.0243751
0.874425
333
2
3
1
7.89681
2
5
76
1
0.0295174
0.932501
219
1
2
1
4.23481
1
4
14
3
0.0854477
0.903008
386
3
2
2
6.41638
3
3
52
3
0.0458657
0.856207
298
2
2
2
8.64176
2
3
39
1
0.0909436
0.887971
393
3
2
1
3.97977
3
4
8
1
0.028373
0.890801
259
3
3
1
7.50869
2
5
68
1
0.0552448
0.869634
391
2
3
2
7.01364
2
5
26
2
0.0234524
0.871173
239
2
1
1
1.83815
2
4
85
2
0.0170852
0.930147
259
3
1
1
5.86969
2
4
85
2
0.0354444
0.896694
221
3
2
3
4.24682
4
4
37
1
0.0750955
0.899096
400
2
2
2
2.88798
1
4
76
2
0.0537762
0.877184
226
2
1
2
7.07292
2
3
45
2
0.0622155
0.902491
222
2
2
3
9.35843
3
4
60
2
0.0031966
0.916454
339
2
2
3
5.11905
2
3
8
3
0.0116662
0.916813
293
2
3
2
6.11039
2
3
95
3
0.0202019
0.946991
274
1
1
2
4.2703
1
4
7
2
0.038784
0.908879
330
3
2
1
0.120009
2
4
62
2
0.0598589
0.867603
351
2
2
2
0.834957
2
5
29
3
0.0562329
0.877983
364
3
3
1
3.10752
3
5
83
2
0.0990211
0.888781
241
2
3
2
6.41501
3
3
15
1
0.0668368
0.881761
211
2
2
2
2.27617
3
3
10
2
0.0502004
0.893398
220
1
1
2
2.76203
1
4
86
2
0.027012
0.886071
294
2
2
1
6.72572
3
5
89
3
0.022403
0.876814
334
3
2
1
7.98722
2
3
76
3
0.0968265
0.899446
211
2
2
3
0.490594
4
4
75
1
0.0795218
0.852609
289
2
3
2
9.99531
2
4
86
3
0.088125
0.919753
344
2
3
2
3.33071
2
4
84
2
0.0752892
0.928767
225
2
1
2
7.92573
3
3
6
1
0.0572539
0.936078
362
2
1
1
9.79626
3
3
7
3
0.0943215
0.868414
357
1
2
2
4.66267
2
4
79
2
0.0292597
0.941134
368
3
2
3
0.962107
2
3
57
1
0.0101158
0.94987
301
3
3
2
1.08594
3
4
52
3
0.0948847
0.879764
299
3
3
1
0.934226
1
5
73
2
0.0723716
0.860706
356
3
2
2
7.16254
4
3
78
2
0.0114845
0.891809
217
2
3
1
6.64868
4
5
61
2
0.0867447
0.938436
215
1
3
2
6.86477
1
4
85
2
0.0774922
0.909674
216
2
2
3
0.22521
2
4
49
2
0.0767646
0.891125
253
2
3
1
3.95726
4
5
42
1
0.0359327
0.852938
378
1
3
3
2.65283
3
3
26
1
0.0404329
0.892107
349
2
3
3
0.26339
3
5
23
2
0.0812095
0.906952
337
2
2
3
1.57458
2
4
36
2
0.0549258
0.909259
237
2
2
2
6.32091
4
5
50
3
0.0618116
0.933593
359
1
1
1
3.3759
3
5
18
3
0.0470612
0.867247
245
1
2
3
4.53722
2
4
75
2
0.0449338
0.942314
323
1
2
2
8.16996
4
3
57
2
0.0011835
0.903542
388
2
2
1
7.5964
2
3
46
1
0.0371548
0.924968
373
2
1
1
3.24986
3
4
78
2
0.0515831
0.904803
385
2
2
3
1.31211
2
5
5
2
0.0805413
0.893959
266
2
1
1
8.05189
3
4
40
2
0.0840846
0.934172
340
1
2
2
7.71886
1
4
17
1
0.0195665
0.911683
398
3
2
3
4.17041
2
3
36
2
0.00565735
0.902923
342
2
2
1
0.703769
4
5
47
1
0.0122251
0.873871
205
2
3
3
5.29515
3
5
50
1
0.0422251
0.873525
243
1
2
3
0.8724
3
4
31
1
0.0748052
0.896535
283
2
3
2
5.73215
4
3
28
2
0.0969312
0.884732
367
1
2
2
3.40908
1
4
9
3
0.0160388
0.913143
262
2
1
2
1.12426
3
4
63
2
0.0643232
0.872379
354
1
1
2
8.77845
2
3
28
2
0.0252929
0.940182
316
2
2
3
4.87107
1
3
65
1
0.0294268
0.900718
218
2
1
3
3.55665
4
3
99
1
0.0238206
0.926651
279
3
3
3
0.196113
2
4
53
2
0.0616306
0.932265
266
1
2
3
3.92228
2
5
33
2
0.0488266
0.901039
202
1
2
2
1.48912
3
4
55
3
0.0553841
0.881307
345
1
2
3
6.18384
4
5
88
1
0.0958031
0.944836
368
2
1
3
2.49175
2
4
27
3
0.0127305
0.90816
250
3
2
2
8.08551
1
4
79
2
0.0441532
0.875362
367
2
2
2
9.20003
2
3
75
1
0.0342545
0.877269
330
2
1
2
3.45322
3
4
36
2
0.0446513
0.913607
224
1
2
1
8.3967
2
4
32
3
0.0818621
0.904732
202
2
1
2
9.53823
2
3
2
2
0.0793185
0.914652
234
2
2
2
7.5504
4
3
38
1
0.0857423
0.932917
381
1
3
2
2.3636
3
4
96
2
0.0106998
0.926044
327
1
1
1
6.23195
1
4
62
3
0.0237185
0.872185
254
3
2
2
8.62513
3
5
89
3
0.0944652
0.862311
227
2
2
3
1.73134
4
4
74
2
0.0411646
0.919575
373
2
2
1
4.60639
3
3
8
1
0.0610778
0.881905
201
3
2
3
6.47548
3
3
11
2
0.0603364
0.947202
279
2
2
3
3.27769
3
4
54
1
0.0409241
0.865273
273
3
2
1
2.8938
3
4
67
2
0.0214123
0.921702
215
2
3
2
4.35817
4
4
10
1
0.0462206
0.892232
382
2
2
2
9.91451
1
4
5
2
0.018829
0.901312
358
2
1
3
3.76959
3
4
15
2
0.0300715
0.869585
363
2
2
3
8.06429
2
4
49
1
0.010486
0.927978
270
1
1
1
5.69831
4
4
31
1
0.0279652
0.892519
380
2
2
2
5.77043
4
4
87
2
0.0873583
0.942023
369
2
3
3
1.26274
3
5
92
2
0.0988399
0.936729
327
2
1
1
0.917965
3
4
74
1
0.0628632
0.947708
221
2
1
2
8.7929
3
3
54
2
0.0413473
0.850878
328
3
1
2
3.48888
3
3
27
1
0.0134195
0.894657
253
3
2
3
0.496027
1
3
20
2
0.0682271
0.903694
223
3
3
2
6.26283
2
3
53
1
0.011259
0.896003
273
2
2
1
8.51069
3
3
78
3
0.0139113
0.912388
290
2
3
2
4.75148
4
3
32
1
0.00782781
0.891761
238
2
2
2
3.64085
3
5
27
2
0.00388779
0.920408
313
2
2
3
0.295111
3
5
20
2
0.0916374
0.852231
228
3
2
3
4.02185
2
4
44
2
0.0971293
0.9294
251
2
3
2
2.16514
3
4
17
2
0.0880304
0.875798
247
2
1
2
9.64324
3
5
12
3
0.020348
0.923862
234
2
2
1
4.63723
3
5
87
3
0.0443928
0.859924
378
1
1
2
3.29308
1
5
40
3
0.0134747
0.939485
276
1
2
2
9.21388
3
4
52
3
0.0320561
0.944515
383
3
2
3
2.93977
3
4
67
1
0.0866544
0.87893
233
2
3
3
9.12181
4
3
83
2
0.0708739
0.91831
381
2
2
2
5.84307
2
5
69
3
0.0309644
0.892635
231
2
1
3
5.23264
1
4
57
2
0.00862917
0.890491
315
3
1
1
9.50231
2
3
60
2
0.0759898
0.858819
244
1
2
2
3.1715
3
4
7
2
0.0481749
0.896918
310
2
2
2
7.14082
2
4
46
2
0.0160897
0.949594
348
2
2
3
6.29064
1
4
69
2
0.0315377
0.929634
292
3
1
1
9.23942
4
4
73
2
0.0242395
0.945715
325
1
2
3
1.95745
2
4
51
2
0.0241152
0.934336
333
2
1
2
4.67691
1
4
48
2
0.0465498
0.872878
383
2
1
2
7.61326
1
4
81
2
0.0791246
0.878295
392
1
2
2
5.75338
3
4
56
1
0.0996745
0.914817
393
3
1
2
0.320225
2
3
3
1
0.0963458
0.915161
209
3
2
2
8.72748
1
5
70
1
0.0679761
0.9257
364
2
2
2
5.52546
4
4
97
1
0.0199043
0.887163
223
1
2
2
0.38727
3
4
61
1
0.063329
0.854311
202
1
3
3
7.67624
2
3
77
3
0.036064
0.878561
200
3
2
3
9.10865
3
4
11
3
0.0274517
0.889816
390
2
3
1
9.59984
1
4
59
3
0.0829653
0.868988
314
2
3
2
4.91572
4
4
15
1
0.0529421
0.910395
285
1
2
2
7.79453
3
4
95
2
0.0738288
0.876262
363
2
3
2
4.81482
2
4
92
2
0.0615194
0.85152
235
3
1
3
1.04105
3
5
37
3
0.00793998
0.876531
381
1
2
3
8.12718
2
3
24
2
0.0665929
0.909953
213
2
3
1
0.517999
2
4
98
2
0.0407603
0.867903
300
3
2
1
4.29351
2
4
50
2
0.0771626
0.864937
372
2
3
3
1.52427
1
4
64
3
0.00746108
0.933789
250
3
3
1
2.07231
2
3
34
3
0.0539318
0.865859
395
3
3
3
7.05338
2
5
87
3
0.0981076
0.875997
307
1
1
2
4.06615
4
4
18
2
0.0313918
0.928959
209
2
2
2
5.17628
3
3
2
2
0.0932729
0.884275
237
2
3
2
0.17385
2
4
72
2
0.0230655
0.92143
395
3
1
1
8.00384
2
5
5
2
0.0922964
0.930255
216
3
2
3
8.97261
3
4
64
3
0.036395
0.882566
376
2
3
2
5.93091
4
4
82
3
0.0960272
0.874345
236
3
1
2
9.01881
2
3
5
2
0.0183844
0.904389
235
2
2
2
6.48367
1
3
30
3
0.0749464
0.90718
224
2
1
3
2.34299
4
5
1
2
0.00485434
0.941636
241
3
3
3
8.36668
3
4
63
1
0.00123775
0.870752
302
2
2
2
4.34257
3
4
69
1
0.0355045
0.937466
360
1
1
2
1.02656
2
5
96
1
0.00287233
0.866065
292
2
1
2
2.79236
2
4
13
2
0.0651468
0.88959
359
2
3
3
9.16889
3
3
51
3
0.0222224
0.905817
279
1
2
2
5.83078
1
5
56
3
0.0582307
0.882726
307
3
1
2
9.44779
3
3
64
1
0.0798774
0.88631
261
2
2
1
4.97628
1
4
70
1
0.0730965
0.909493
377
2
2
2
6.36916
1
4
89
2
0.0685941
0.910928
318
2
1
2
3.23614
3
3
85
2
0.0322053
0.851016
223
3
2
2
5.51346
4
4
52
1
0.00637843
0.860392
369
3
2
1
6.07059
3
3
41
2
0.0374232
0.897486
328
1
3
2
6.69555
2
4
70
2
0.00909463
0.918588
212
1
1
3
2.72702
3
5
80
1
0.0451828
0.889111
338
2
2
1
4.09812
2
4
28
1
0.0379884
0.91603
385
3
3
2
7.96101
3
4
50
2
0.0908834
0.943874
305
1
3
2
9.28199
1
4
20
3
0.0399828
0.889698
296
2
2
2
3.75912
2
5
13
1
0.0673565
0.871526
232
2
1
2
9.84748
2
4
69
2
0.0712642
0.911329
340
3
3
2
3.82545
1
3
99
2
0.0169085
0.862151
256
2
1
3
6.33919
2
5
3
2
0.0722239
0.941923
252
1
3
2
7.29701
1
5
10
2
0.017493
0.864718
257
2
2
2
8.88174
2
4
58
3
0.0461229
0.895587
304
1
3
1
1.62324
2
4
77
2
0.0328647
0.880581
305
2
1
3
2.53532
4
3
44
2
0.0853053
0.910013
212
2
1
3
7.18581
3
4
43
3
0.00582736
0.867032
298
1
2
1
8.30036
3
4
84
2
0.0861747
0.855189
270
2
1
2
8.34498
4
3
28
2
0.0424867
0.868109
274
3
1
2
6.38794
3
4
84
3
0.00723299
0.930452
313
2
2
2
9.07905
2
4
29
2
0.0232053
0.879039
299
2
2
2
9.60744
3
3
59
3
0.0590798
0.860981
367
3
3
2
0.617287
2
4
90
3
0.0331343
0.926894
331
2
3
2
7.91114
3
4
22
1
0.0800385
0.900253
217
3
2
1
3.8619
3
3
91
2
0.0763953
0.858417
255
3
2
2
5.99081
3
5
26
2
0.0382057
0.873636
306
3
2
1
7.25785
1
4
58
2
0.0433988
0.934513
359
3
2
1
5.72188
2
4
40
2
0.0773328
0.906105
258
2
3
1
4.63116
1
4
60
2
0.0512602
0.948938
252
2
2
3
1.68528
3
5
17
1
0.0718077
0.888355
320
3
2
1
2.95879
4
5
16
3
0.0119559
0.879597
215
2
2
2
3.5816
2
4
15
2
0.08077
0.915654
308
2
3
1
9.38531
3
5
27
3
0.0683368
0.925303
202
2
1
1
8.81966
2
4
98
3
0.0527598
0.894246
364
1
1
2
0.865029
3
3
21
3
0.0824134
0.924572
311
3
3
2
6.6752
3
4
96
2
0.0383098
0.947014
300
2
3
1
8.73699
3
3
23
3
0.0533342
0.932024
321
1
2
1
1.53626
4
3
93
3
0.0564383
0.88331
345
3
1
3
3.19184
3
4
41
2
0.0600245
0.938711
315
2
2
3
2.51168
3
4
77
2
0.0388905
0.905629
291
1
2
1
9.00723
1
4
55
1
0.0277426
0.85539
283
2
1
3
1.8102
1
5
87
2
0.0018749
0.861656
224
1
2
3
2.38198
3
5
20
3
0.0125823
0.907355
345
1
1
3
0.243
4
4
61
1
0.0926151
0.922743
211
1
3
2
9.73636
2
4
25
2
0.00431574
0.917317
358
3
2
1
7.21034
3
5
60
3
0.0574365
0.935929
231
2
1
2
3.08957
1
5
77
3
0.0802086
0.917182
346
1
2
1
6.5237
1
5
56
2
0.052156
0.912643
366
3
2
2
2.2441
3
5
89
3
0.00970143
0.863515
391
2
1
1
1.65339
2
5
61
2
0.0974059
0.923421
204
1
2
1
0.599399
3
4
13
3
0.0672707
0.904121
397
3
2
2
4.15614
3
4
32
3
0.0477315
0.89001
355
3
1
1
4.47694
2
5
15
1
0.0743299
0.937349
374
3
3
3
4.57637
4
4
72
3
0.0715891
0.917737
317
1
1
2
6.89384
1
3
43
2
0.0416131
0.871261
354
2
2
3
2.0137
3
4
95
1
0.0544212
0.880835
284
3
2
2
6.24507
4
5
55
3
0.0483667
0.869119
238
3
2
2
7.42236
4
4
35
1
0.0679073
0.865685
338
2
2
2
2.91316
1
5
46
2
0.050987
0.885371
341
2
2
1
8.10497
2
4
6
2
0.0822428
0.928216
281
1
2
2
5.42913
1
3
97
1
0.0831426
0.909133
392
2
1
2
2.20778
3
4
54
3
0.0545704
0.914482
305
3
3
3
3.59139
3
3
21
3
0.00626794
0.929975
360
1
1
2
7.35706
4
3
68
3
0.0864375
0.931019
233
2
1
3
2.86658
3
4
59
1
0.0140786
0.888014
335
1
1
2
9.04436
2
4
100
2
0.00517962
0.938241
399
2
2
2
3.90677
1
4
61
2
0.0326643
0.929013
203
2
2
2
0.585037
2
5
35
2
0.0276243
0.949195
352
2
2
2
6.21168
2
4
94
2
0.0570756
0.895194
354
3
2
1
3.38968
3
4
95
2
0.0626934
0.856875
222
3
1
3
3.14931
4
4
31
3
0.0260216
0.861148
268
3
2
2
1.60335
2
3
48
1
0.0540723
0.902678
341
3
1
3
7.03769
3
3
38
1
0.0419397
0.874976
207
2
2
2
6.43612
3
4
95
3
0.0663515
0.899335
242
2
2
3
7.66349
2
5
94
1
0.0508857
0.871945
229
2
1
3
5.15795
1
3
82
1
0.00276533
0.897707
329
3
2
1
6.7983
2
4
97
1
0.0900947
0.920738
297
3
3
2
7.10516
4
3
54
1
0.0192946
0.940318
295
2
2
2
8.20099
2
4
9
2
0.0745955
0.877475
265
2
2
2
5.65554
2
5
14
2
0.0861151
0.868354
355
2
2
3
9.26739
2
5
14
3
0.0692001
0.945029
303
3
3
2
0.801229
1
5
41
1
0.0730665
0.854596
319
2
3
1
9.50732
3
5
74
2
0.038524
0.915859
326
3
3
2
3.73286
3
4
83
2
0.0347067
0.902229
229
1
2
2
4.84885
4
4
66
2
0.0869912
0.863197
283
2
3
2
5.89978
4
5
46
1
0.0248587
0.876061
385
2
2
2
6.55278
3
4
42
2
0.069018
0.852407
399
2
2
1
2.97897
2
4
2
2
0.0358464
0.901896
399
3
2
1
9.654
4
3
73
1
0.0473124
0.931568
277
2
3
3
7.74971
3
5
3
2
0.0396989
0.853431
260
1
3
3
7.44685
2
4
83
3
0.0465391
0.881598
371
2
2
3
3.4333
3
3
19
2
0.0428137
0.93337
206
3
3
2
6.95543
3
3
37
1
0.0741351
0.861572
312
1
2
2
9.82718
4
5
94
3
0.0419912
0.922331
387
3
1
1
1.0037
2
4
100
2
0.0581668
0.907981
396
2
2
1
5.27741
2
3
24
1
0.0872861
0.863396
302
2
2
2
4.96892
3
4
69
2
0.0338206
0.90647
219
2
2
2
5.40507
3
4
64
1
0.0208598
0.927096
295
1
2
1
5.50325
4
3
17
2
0.0789883
0.910747
372
1
2
3
7.80448
2
4
57
3
0.0769692
0.925402
205
2
3
2
2.80148
4
3
71
2
0.0979835
0.905538
227
2
3
2
7.11128
3
3
92
2
0.0227621
0.946415
278
1
3
2
3.03025
2
4
4
3
0.0526153
0.906717
281
3
3
1
6.78786
2
4
34
2
0.0312906
0.885641
353
2
2
3
7.7722
3
5
22
2
0.0329116
0.940695
248
3
2
1
2.74172
1
5
8
2
0.0634791
0.885935
324
2
3
2
9.33608
4
3
41
1
0.00545381
0.922089
358
3
1
3
9.88137
1
4
86
3
0.0892264
0.896394
388
2
1
2
1.92785
4
5
29
2
0.0343181
0.924021
308
1
2
2
0.348839
1
5
51
2
0.0809518
0.939306
312
3
2
1
1.3285
3
5
34
2
0.00376351
0.850188
394
2
2
3
0.54892
2
4
21
1
0.0150186
0.875013
240
2
1
3
4.13457
1
4
64
1
0.0401002
0.864489
323
1
2
1
2.47593
3
4
35
1
0.0757046
0.919235
265
2
3
1
5.59034
1
3
53
2
0.0964836
0.899789
212
1
3
1
1.19698
3
4
24
1
0.0023745
0.871714
249
2
3
2
6.6248
2
3
13
2
0.0304697
0.937617
263
2
1
1
3.48286
2
4
65
3
0.0491852
0.887209
261
1
3
2
8.38455
2
5
5
1
0.0565886
0.919093
348
2
2
1
9.41853
4
4
87
3
0.071417
0.880693
326
3
1
2
1.09504
1
3
2
2
0.0493991
0.893631
268
2
3
2
1.40365
2
4
81
2
0.0644623
0.945897
379
2
3
3
4.33618
2
4
78
2
0.0898573
0.947838
267
3
3
2
6.65533
2
3
4
2
0.0257246
0.907464
335
3
1
2
5.05808
3
4
63
3
0.0436002
0.943714
349
2
2
2
7.20357
3
5
33
1
0.0646393
0.923033
324
2
3
2
2.22318
1
3
19
2
0.0475757
0.942843
375
3
3
3
6.14654
3
5
21
2
0.0845988
0.92461
280
1
2
3
3.82155
3
5
79
3
0.0785361
0.905228
337
2
1
3
3.14889
3
3
82
1
0.0669429
0.851356
246
3
2
3
0.670848
2
3
88
1
0.00974427
0.921025
294
2
1
3
9.5508
3
3
55
3
0.0496172
0.876696
396
1
2
2
2.40886
4
4
11
2
0.0505629
0.917543
286
2
2
1
1.46541
2
4
93
1
0.0518366
0.898095
275
1
1
2
2.56733
1
3
93
2
0.00820774
0.923776
347
3
2
2
4.19077
1
4
65
3
0.0613157
0.948081
266
2
3
3
9.29483
2
3
17
2
0.0556068
0.912591
236
3
2
2
1.55114
2
5
83
1
0.0211484
0.927277
373
3
1
1
7.47494
4
4
76
2
0.0207235
0.873267
238
1
2
2
9.15785
3
4
11
3
0.0184811
0.868631
235
2
3
2
3.60961
2
3
88
2
0.0402834
0.944798
206
3
2
1
8.56209
1
4
70
2
0.0485726
0.907658
384
2
1
2
8.42836
2
5
65
1
0.0308589
0.88318
257
2
3
2
6.8412
2
4
3
1
0.00878508
0.918953
273
3
3
2
5.036
4
3
59
2
0.0024812
0.850539
258
3
3
1
4.518
2
5
67
1
0.0166815
0.872635
379
2
3
2
8.68921
3
4
91
2
0.00665349
0.908201
334
3
2
1
6.03153
3
5
42
1
0.0523092
0.913223
278
1
2
2
4.30265
2
4
16
3
0.00512319
0.915384
207
2
2
2
5.79903
4
3
90
1
0.0902467
0.87876
371
1
2
3
4.41672
3
4
4
2
0.0877938
0.936584
338
2
2
1
0.788947
2
4
48
2
0.0255313
0.921299
322
2
1
3
0.104648
3
4
38
2
0.0181529
0.855979
210
2
2
3
4.9449
4
5
26
3
0.0557479
0.895784
394
3
1
2
6.97811
3
4
31
2
0.0927208
0.912172
295
2
1
2
9.71305
3
4
22
2
0.0621488
0.935295
325
2
2
1
9.32105
2
5
52
1
0.0298023
0.874643
275
1
3
1
4.20234
4
4
65
3
0.0217847
0.916267
310
2
3
2
8.33534
2
5
12
2
0.0635865
0.857986
246
1
1
1
8.92293
2
3
56
3
0.0961316
0.854914
333
2
2
2
7.69829
3
4
75
3
0.00939768
0.870063
318
2
2
1
1.62994
4
5
56
3
0.0566917
0.946296
204
3
1
2
2.53759
2
4
13
2
0.0976766
0.854005
209
2
3
1
5.30922
2
5
80
2
0.048072
0.92242
226
2
1
3
5.35303
1
3
47
2
0.0992369
0.940431
216
3
2
2
3.99057
4
5
44
2
0.00915876
0.931944
389
1
3
2
5.3673
2
3
82
1
0.0912734
0.894513
308
3
2
1
5.61541
4
5
40
2
0.0838926
0.864379
347
2
2
1
4.41393
2
3
24
2
0.0245683
0.944162
377
3
2
2
4.77303
2
5
90
1
0.0589065
0.939895
281
2
2
3
4.80305
2
3
38
3
0.0324236
0.937049
239
1
2
2
1.47069
4
3
33
2
0.0903585
0.934681
311
3
3
3
8.26029
3
5
23
3
0.0609913
0.897219
376
1
1
2
9.43257
4
4
97
2
0.0710071
0.908651
307
3
2
1
1.28761
2
4
96
3
0.0108689
0.886528
219
1
2
2
6.57795
2
4
25
2
0.0345281
0.870436
243
1
1
2
4.69514
1
4
48
3
0.0163455
0.853046
398
2
2
2
8.95891
1
4
61
3
0.0429945
0.933897
240
2
3
3
3.06429
4
4
29
2
0.062404
0.90392
370
1
2
2
0.7568
3
5
57
1
0.0914348
0.890724
341
3
2
2
7.63557
2
4
12
3
0.0268319
0.858758
369
2
2
2
0.911268
3
4
63
2
0.0369498
0.943048
260
3
2
1
6.13806
4
3
64
3
0.0219972
0.937971
271
2
2
1
7.84214
3
3
62
2
0.0143615
0.85192
280
1
2
1
5.20564
2
5
33
2
0.0131313
0.880393
261
3
2
1
5.97545
3
3
17
1
0.0124723
0.939153
256
3
3
1
3.54383
2
5
10
2
0.0498093
0.884835
213
3
1
1
4.38237
4
4
63
2
0.0919216
0.933195
350
2
2
2
2.17936
2
3
78
2
0.0415105
0.857682
264
2
2
2
2.83041
3
3
58
2
0.0698125
0.895866
321
3
2
1
2.66743
1
3
90
1
0.0905969
0.865108
208
1
2
2
0.97889
2
4
19
3
0.0147778
0.857162
255
2
2
2
5.34543
3
4
72
3
0.0368326
0.9178
254
2
2
3
5.55655
1
5
16
2
0.0288036
0.935502
252
2
2
2
6.5137
2
4
21
1
0.0687385
0.897135
344
2
3
2
0.64096
3
5
82
2
0.0930703
0.919841
351
2
2
2
7.27127
1
5
70
1
0.0453541
0.87304
242
2
2
3
6.56992
1
4
68
1
0.0942278
0.920056
287
2
2
2
6.60259
3
4
99
3
0.0197433
0.911556
317
1
3
2
0.685107
3
5
31
2
0.00472308
0.894064
293
3
2
3
1.41846
3
4
8
2
0.0597341
0.883587
380
2
3
1
8.70727
4
3
45
2
0.0783956
0.913881
382
3
2
2
5.81002
3
5
93
1
0.0888812
0.932674
330
1
2
2
4.49717
1
4
91
2
0.0947675
0.87254
314
1
3
1
0.358925
2
3
53
2
0.0109744
0.92645
288
1
1
2
3.3608
4
3
14
2
0.0302586
0.925856
310
1
1
1
6.01568
4
4
71
1
0.0694895
0.856794
332
2
1
3
4.05688
4
4
46
3
0.0816977
0.916772
329
2
2
1
4.47322
3
5
58
2
0.0922064
0.926356
391
3
1
3
1.14754
1
5
73
1
0.0426376
0.920394
375
1
2
2
