5.79352
2
4
0.6131
4.95735
3
5
0.453648
3.88198
2
3
0.830604
0.866161
3
4
0.807254
1.04155
2
4
0.912115
6.64595
1
4
0.693927
0.963971
1
5
0.710408
2.05023
2
5
0.6784
4.88792
1
4
0.674871
2.12603
2
3
0.723904
7.58403
1
4
0.992122
6.14729
1
4
0.904816
6.10645
3
4
0.142036
3.07324
2
4
0.579163
5.72157
4
4
0.279117
9.95259
3
3
0.3082
2.814
3
5
0.7394
9.72217
4
5
0.682659
6.41617
2
3
0.226651
3.84698
2
3
0.60305
5.50524
3
4
0.841011
8.70798
1
5
0.430793
0.72813
3
3
0.588238
3.80547
4
5
0.198609
4.922
1
5
0.585346
7.2121
2
4
0.707377
9.60652
2
4
0.736308
0.287262
2
3
0.435974
3.55999
1
3
0.515703
1.39481
4
3
0.897441
6.03091
2
4
0.429072
8.92092
2
5
0.999979
5.98429
2
5
0.38664
9.56664
3
5
0.274149
9.59541
2
4
0.817254
6.82841
3
3
0.127004
6.43099
3
4
0.825546
1.14909
2
3
0.54793
8.51977
4
5
0.842261
1.64768
3
5
0.522622
2.93079
3
4
0.29107
6.26331
4
4
0.836436
7.18757
4
4
0.438037
8.37575
2
3
0.315016
8.84227
2
4
0.444281
3.17509
3
3
0.587796
8.34873
4
4
0.490447
0.651233
1
4
0.206047
2.93516
3
5
0.173296
4.98979
2
3
0.582036
5.3554
1
4
0.649855
7.67342
2
3
0.956605
0.564282
2
5
0.857006
5.55641
3
4
0.268246
1.92051
2
3
0.207661
7.91203
3
5
0.470997
2.99919
1
4
0.799777
1.59713
2
4
0.763134
9.30901
3
5
0.74366
5.76108
3
4
0.347445
2.32179
2
4
0.670409
5.60803
4
4
0.20994
4.78985
2
4
0.350806
7.27514
3
4
0.885149
5.25373
3
4
0.324444
4.44182
3
5
0.968552
4.33265
2
4
0.242147
1.9461
2
4
0.94564
4.76181
3
3
0.167465
1.22534
2
4
0.876908
2.73962
4
4
0.500286
6.70955
3
5
0.661664
8.02707
2
4
0.725606
8.61633
3
3
0.748988
5.1914
4
4
0.793317
6.98855
2
3
0.975625
2.28768
3
5
0.364666
3.69164
4
3
0.321098
1.54115
4
4
0.995987
4.11844
2
5
0.46876
7.37635
2
4
0.690816
3.7133
3
3
0.2085
1.99644
3
5
0.432549
9.89475
3
3
0.561593
7.88086
2
3
0.129853
2.71478
3
5
0.446033
7.94167
2
3
0.162087
9.52674
4
5
0.554909
3.14171
4
4
0.971531
7.34523
2
5
0.125193
5.58788
1
4
0.689462
4.1498
2
4
0.664909
3.28282
4
4
0.143951
0.987578
4
3
0.822765
0.450775
1
5
0.249499
6.93681
1
5
0.687575
1.62638
3
3
0.795644
0.675593
2
4
0.267187
7.46522
3
4
0.639225
0.796918
2
4
0.37598
5.91277
2
3
0.473069
8.64847
3
5
0.896154
3.76801
3
4
0.784417
1.66724
2
4
0.935871
1.68691
1
4
0.665996
7.205
3
3
0.594392
9.15131
3
4
0.913639
0.874302
4
4
0.786225
9.13336
3
3
0.672523
1.8781
3
3
0.910587
2.58501
2
3
0.157555
1.51536
4
4
0.390284
9.20036
3
5
0.605742
2.89137
3
3
0.200501
6.63334
3
4
0.683572
7.24631
1
4
0.366494
0.848745
1
4
0.655803
1.45056
4
4
0.516845
2.07687
3
4
0.646921
5.06764
2
5
0.632316
9.87322
4
3
0.2564
2.79102
2
3
0.363569
0.945642
2
4
0.215475
3.64799
4
5
0.433703
9.2191
1
3
0.879945
6.91544
2
4
0.599148
8.29675
2
5
0.825319
3.40102
4
4
0.245149
9.17123
2
4
0.888699
5.98057
4
3
0.492438
7.85186
2
4
0.285381
5.41714
3
4
0.403918
4.73994
1
3
0.401701
9.41335
1
5
0.140266
1.34943
2
4
0.213016
0.618223
4
4
0.753464
6.84363
3
3
0.873065
6.51647
1
5
0.929926
7.79395
3
4
0.27081
6.06272
4
5
0.572696
4.09489
4
5
0.847194
8.0795
2
4
0.563362
3.0604
2
4
0.661145
2.61751
3
5
0.486863
1.55593
2
4
0.721548
7.05298
3
3
0.372469
1.20713
1
4
0.545646
9.93463
3
4
0.407707
9.23296
2
4
0.56625
5.0132
3
5
0.19435
5.39212
3
4
0.70365
9.11815
2
4
0.337258
5.33547
4
5
0.900421
1.96215
4
4
0.709944
3.29659
4
4
0.511457
4.65819
2
4
0.789845
6.87353
2
5
0.96447
8.58201
2
5
0.258582
5.42972
4
5
0.509737
6.17726
2
3
0.862259
4.89727
1
3
0.505657
3.51941
2
5
0.926796
0.534155
3
5
0.9257
2.43821
1
4
0.57064
9.68226
3
4
0.551251
6.20997
1
4
0.286317
6.4774
3
3
0.949984
6.78195
2
3
0.438757
9.63188
3
4
0.345525
4.5014
2
5
0.549394
9.75502
4
3
0.648775
4.23561
2
5
0.733628
1.26337
1
4
0.745661
1.746
3
3
0.928251
4.71161
4
5
0.854571
8.06786
2
4
0.33267
2.18777
1
4
0.939941
9.25463
2
4
0.441949
8.00885
2
5
0.53623
0.43117
2
3
0.318199
4.71662
3
4
0.891343
3.82756
2
4
0.846856
1.27469
2
4
0.577717
3.3434
2
4
0.800506
3.54072
2
4
0.582936
5.95802
1
4
0.705405
8.21081
3
5
0.612633
2.98644
2
4
0.258169
0.664151
2
4
0.1308
4.06988
3
4
0.729428
9.73101
3
4
0.118321
6.25419
2
4
0.792533
1.41275
3
4
0.288773
8.56808
2
4
0.391698
9.45546
2
3
0.192573
2.34037
2
4
0.809828
5.14803
4
4
0.866811
0.927438
3
4
0.296418
0.597314
1
4
0.426569
4.85455
3
4
0.753101
2.7597
2
4
0.50349
7.0146
2
5
0.529182
5.577
1
4
0.151187
6.67586
3
5
0.811952
1.73669
3
3
0.470696
4.12329
2
4
0.919316
0.136297
3
3
0.214328
2.0275
3
4
0.946363
6.04721
4
4
0.94162
8.97967
1
5
0.442077
7.11176
1
3
0.538154
2.41198
3
5
0.843877
2.24895
2
4
0.852678
8.99636
2
4
0.113521
2.48908
3
3
0.253201
9.04892
1
5
0.476284
1.09273
4
4
0.30083
8.24492
2
4
0.105241
6.38333
2
4
0.591001
3.37707
2
4
0.64012
8.48471
3
4
0.341091
6.17978
3
4
0.182171
0.228159
2
4
0.960357
8.87756
1
5
0.380581
4.94276
2
3
0.523313
7.88383
3
4
0.243819
9.01584
2
4
0.622477
0.698847
3
3
0.90141
0.40367
2
5
0.137201
2.5446
2
4
0.97822
3.73288
4
4
0.680631
7.49349
2
3
0.239447
1.29194
1
5
0.555536
8.16148
4
3
0.419718
9.83497
1
3
0.715288
6.46549
4
4
0.34936
5.20926
2
5
0.357237
5.31134
2
5
0.100968
6.74404
3
4
0.487401
1.6144
4
3
0.148746
2.50129
1
4
0.53056
9.34504
4
5
0.154294
1.50229
1
4
0.475414
1.44078
3
4
0.281106
8.44598
2
3
0.758757
3.16431
1
4
0.645063
7.99472
2
4
0.422087
0.265647
3
4
0.694087
7.77339
4
5
0.399229
9.76447
2
4
0.57549
2.66887
3
4
0.491637
6.44644
2
3
0.248192
0.458091
1
4
0.525946
3.95738
2
3
0.159535
5.47909
3
4
0.456509
6.80462
2
4
0.306329
0.299877
3
4
0.726994
9.47722
3
4
0.223768
8.12246
1
5
0.600446
7.5587
3
5
0.496986
5.09403
3
3
0.933304
4.79494
2
3
0.458766
5.37955
2
3
0.918375
1.70981
3
3
0.966408
4.53524
1
5
0.543956
3.02349
3
3
0.358768
7.31231
2
3
0.261646
8.85607
2
4
0.642748
5.80348
3
5
0.747166
9.06594
2
4
0.994277
0.329739
4
5
0.720396
5.51125
3
4
0.820001
8.46934
2
3
0.507227
5.70264
4
3
0.670646
4.57857
1
3
0.777212
4.26355
2
5
0.163107
0.779986
1
3
0.766111
0.487785
4
4
0.52065
6.57584
2
4
0.450971
7.62803
4
4
0.231211
1.16363
2
3
0.540399
7.41043
1
5
0.106332
0.35814
3
4
0.301906
2.59964
1
4
0.413549
1.23115
3
4
0.179189
2.01331
2
5
0.626626
5.04066
4
4
0.573451
3.09571
3
5
0.780948
8.74685
2
4
0.969909
1.32862
3
5
0.29964
7.00294
3
5
0.804365
5.76565
4
3
0.455
3.79837
4
3
0.783206
7.14437
2
4
0.408581
6.0838
2
5
0.883859
3.19132
4
5
0.147172
5.65774
2
4
0.815942
7.83669
3
3
0.303833
4.62718
3
3
0.234053
7.5202
1
3
0.960421
7.04294
3
5
0.882454
2.37325
1
5
0.108679
7.59963
1
4
0.80815
3.3622
3
4
0.187771
2.80779
2
4
0.985564
3.41679
3
3
0.619262
3.59576
1
4
0.759514
4.63713
4
5
0.528219
0.382028
3
5
0.737485
2.90634
1
3
0.135546
8.30265
3
5
0.89318
0.772713
3
4
0.361965
3.43786
4
4
0.384974
2.17604
2
3
0.271062
8.10798
3
4
0.751148
3.49683
3
3
0.388124
6.72389
2
5
0.370882
1.80373
3
5
0.461788
6.00314
2
4
0.628972
9.26778
1
4
0.560599
1.38653
4
4
0.326308
7.39418
2
4
0.894544
9.09783
1
4
0.933682
8.42585
3
4
0.103509
4.45723
1
4
0.987719
3.60798
2
3
0.175149
6.54754
2
5
0.132709
9.4907
3
4
0.832289
7.43217
2
4
0.185195
2.5654
3
4
0.292621
2.43358
3
4
0.803049
1.03004
2
4
0.952317
9.69107
3
4
0.717153
8.73086
1
4
0.222384
6.22048
2
3
0.311529
6.34585
3
3
0.126145
0.827455
1
5
0.922088
3.91516
4
4
0.236153
0.214142
2
5
0.327224
2.69358
1
4
0.275444
5.66526
4
4
0.409988
2.65132
1
3
0.252095
7.54208
3
4
0.887543
2.08682
3
3
0.3546
5.85172
3
5
0.764658
9.08899
3
5
0.276446
2.83726
2
5
0.635374
7.35861
3
3
0.201474
5.15348
4
4
0.296081
6.95523
2
3
0.417509
9.79324
2
4
0.451808
6.12798
4
3
0.33571
8.60259
4
5
0.482452
3.2374
1
4
0.651321
7.10414
3
5
0.942701
6.31283
4
5
0.557535
0.512602
4
3
0.425056
7.15627
2
5
0.62416
1.79522
4
5
0.217503
5.27284
3
5
0.397673
1.00987
3
4
0.989446
7.70651
4
5
0.607097
2.38163
2
5
0.152719
7.65217
4
3
0.533702
1.93751
3
4
0.597919
5.52929
3
3
0.416621
4.42767
3
5
0.769746
0.593647
4
3
0.479273
8.22753
2
4
0.787632
4.48957
2
3
0.869584
4.17283
3
3
0.309434
2.69773
1
3
0.819642
1.88568
4
5
0.659743
7.73538
2
5
0.610651
4.2384
2
4
0.732626
7.96344
3
5
0.122093
1.30781
2
3
0.166308
0.344764
3
5
0.668497
8.3215
2
5
0.461816
3.26764
2
5
0.838445
1.48591
4
3
0.175826
5.89035
1
4
0.169428
3.96977
3
3
0.629611
6.86041
2
5
0.384055
4.82297
2
3
0.866565
9.38057
2
5
0.110373
9.40538
4
3
0.8513
7.0837
3
4
0.986051
8.18149
2
5
0.512736
9.30295
2
5
0.395575
3.629
3
4
0.938158
2.31126
4
4
0.502819
5.17462
2
4
0.701456
0.171656
3
5
0.860536
4.3654
3
5
0.656767
2.85793
1
4
0.74135
4.33788
3
4
0.373937
1.83958
3
3
0.796683
6.65744
1
4
0.773063
4.55718
2
4
0.923786
8.39989
3
4
0.698476
3.67759
2
3
0.112578
9.56077
1
5
0.380888
0.248442
2
3
0.237048
2.22524
1
3
0.204381
8.80934
3
4
0.973327
0.104579
1
4
0.569298
4.37726
3
4
0.447575
3.20875
3
4
0.313369
1.85717
3
3
0.412944
9.80679
4
4
0.713344
3.99694
1
5
0.982415
8.39169
3
4
0.138247
9.91315
2
4
0.828028
9.98839
3
5
0.962836
0.154066
2
4
0.224462
5.11304
3
4
0.83384
3.57652
3
4
0.316575
4.61078
2
3
0.871507
5.8686
3
4
0.329393
1.18813
3
3
0.494404
4.30565
3
3
0.609166
4.41286
3
5
0.484344
2.52467
2
5
0.676232
6.28135
3
3
0.874626
7.28817
2
3
0.369938
7.61084
2
4
0.620387
3.46528
1
4
0.405588
5.28925
3
3
0.877631
8.68399
1
4
0.39469
8.04049
3
5
0.330752
6.61063
4
4
0.686442
6.90678
1
5
0.774885
4.048
2
4
0.232277
4.2888
1
4
0.321762
1.06364
4
3
0.497915
8.81697
2
4
0.637352
4.0112
3
5
0.196207
6.51459
4
4
0.541493
2.2135
1
3
0.341775
7.7565
1
3
0.949281
5.44619
3
4
0.289834
2.14197
3
4
0.518153
9.50508
2
5
0.464947
8.66268
2
4
0.188502
0.897407
2
4
0.534055
0.185028
2
5
0.565337
3.48193
3
3
0.245888
9.3566
4
4
0.5958
2.9687
3
4
0.190141
0.547096
3
4
0.813508
7.25656
1
3
0.768078
1.11985
3
4
0.954722
3.74355
3
4
0.423003
3.1253
4
4
0.116631
7.92557
2
4
0.121159
3.86451
3
4
0.696336
5.07384
3
4
0.146667
9.8578
1
4
0.26323
2.46635
2
5
0.264482
8.15598
3
5
0.617026
4.84667
2
3
0.762303
6.75744
3
4
0.353063
4.67666
1
4
0.916924
8.50781
1
4
0.70095
9.44494
3
5
0.180542
2.27618
4
4
0.465776
0.75149
2
4
0.219834
8.77334
3
5
0.592026
3.04303
2
4
0.979913
4.20036
4
3
0.903035
5.00262
4
4
0.863477
4.03936
4
4
0.158028
7.47844
3
3
0.61585
5.82591
4
4
0.776342
9.96275
2
3
0.378231
3.31117
4
4
0.756298
8.95276
2
4
0.835194
5.7283
3
4
0.908713
5.63921
1
4
0.653494
3.92747
3
5
0.718807
1.56754
3
4
0.282496
4.1942
3
4
0.731677
8.90122
2
4
0.849594
7.8127
3
4
0.633289
6.37051
2
4
0.338766
4.5302
3
4
0.184593
2.10611
1
4
0.779589
8.54867
1
3
0.90751
1.76364
3
4
0.115359
6.32108
4
4
0.980525
8.76476
1
3
0.552516
1.07133
4
4
0.48007
6.5712
3
3
0.360432
8.94146
2
5
0.859126
5.93194
1
4
0.170867
5.2468
4
3
0.996742
7.70153
1
4
0.228664
8.25879
3
3
0.958127
9.65413
2
5
0.343939
