0.911404
0.00949368
0.176581
14
0.0295747
0.598746
0.0700094
0.0423194
4
0.343417
0.822744
94.688
0.83133
0.00704467
0.331915
59
0.0273199
0.914519
0.0776509
0.212791
31
0.226865
0.367414
23.8833
0.831593
0.00961767
0.212806
1
0.0957465
0.15584
0.0194628
0.149476
15
0.450453
0.99841
27.0592
0.942549
0.00628228
0.157279
62
0.0564109
0.568403
0.0398457
0.174526
92
0.393867
0.104201
70.6018
0.967632
0.00444227
0.126002
5
0.0644723
0.656536
0.069854
0.375504
44
0.1485
0.508504
67.8251
0.908703
0.00648708
0.488736
72
0.0643262
0.4705
0.017829
0.475991
85
0.733912
0.908885
4.68079
0.998576
0.00915658
0.383135
19
0.0722723
0.648994
0.0338178
0.14783
27
0.528605
0.77982
86.9263
0.817821
0.00839573
0.270154
54
0.0974547
0.810009
0.031145
0.321389
25
0.672141
0.097573
10.5829
0.991252
0.00329186
0.0851578
45
0.0353806
0.876796
0.0147664
0.250999
76
0.178958
0.158137
19.0011
0.856819
0.00103327
0.0287832
15
0.0464912
0.408017
0.018442
0.336957
10
0.15491
0.661672
44.217
0.99417
0.00179713
0.194543
39
0.0607259
0.721076
0.0243698
0.489786
30
0.500968
0.00130412
33.8048
0.900496
0.00511457
0.349835
94
0.0824577
0.706079
0.0815728
0.139251
59
0.774871
0.447425
33.3866
0.988806
0.0051769
0.308384
5
0.0539325
0.381365
0.0420938
0.363202
99
0.403078
0.541347
25.0287
0.970262
0.0095558
0.163391
100
0.0109004
0.0617907
0.0279015
0.340468
93
0.538199
0.360571
94.2707
0.868958
0.00924026
0.107383
50
0.0166198
0.557362
0.0528086
0.330649
43
0.543387
0.714483
27.4784
0.868088
0.00463118
0.166112
53
0.0284856
0.367718
0.0567825
0.0827848
43
0.688426
0.269992
54.2834
0.911538
0.00881369
0.0077911
7
0.052458
0.448572
0.0683617
0.496884
75
0.275457
0.33218
46.5899
0.908523
0.0082764
0.150162
82
0.0230618
0.546112
0.0623097
0.0416294
40
0.787239
0.289313
37.0543
0.843245
0.00794736
0.265016
46
0.0708561
0.830046
0.0491053
0.110985
3
0.142525
0.824021
40.6714
0.980015
0.00106916
0.246078
83
0.012464
0.999283
0.0350584
0.286587
12
0.250999
0.600139
71.0836
0.978568
0.00672824
0.367529
91
0.0839358
0.0257304
0.0199709
0.410388
63
0.700487
0.759166
80.1822
0.910941
0.00624328
0.378982
11
0.0802059
0.321906
0.0617872
0.403855
50
0.740286
0.114839
30.7876
0.882325
0.00957593
0.391085
33
0.0122803
0.46037
0.0909627
0.46836
3
0.228909
0.980515
59.3095
0.859058
0.00616422
0.202177
36
0.0435631
0.62405
0.0231553
0.0205931
56
0.678269
0.716552
56.7659
0.839855
0.00832039
0.463014
32
0.0898785
0.65408
0.08081
0.402164
71
0.547601
0.652384
60.4052
0.80694
0.00497776
0.410476
69
0.0630652
0.303629
0.0754296
0.337605
7
0.648128
0.99581
76.1855
0.903991
0.00431031
0.265926
79
0.0529145
0.502968
0.0464878
0.276661
14
0.313773
0.488361
68.4662
0.945955
0.00638328
0.459117
77
0.0520452
0.284661
0.0990671
0.344816
21
0.376112
0.19445
0.0340741
0.979887
0.0066535
0.267421
97
0.0347785
0.852487
0.0487487
0.313385
17
0.220447
0.905966
82.5237
0.892448
0.00635608
0.179233
68
0.099739
0.259114
0.0146154
0.00744669
80
0.512721
0.0911468
36.2364
0.836066
0.00714996
0.481606
2
0.058943
0.88845
0.0157319
0.427506
24
0.293838
0.392442
1.32919
0.897132
0.00620172
0.432287
17
0.0534063
0.477015
0.0209708
0.353629
20
0.452907
0.739957
77.7651
0.92248
0.00360012
0.490254
30
0.0316236
0.183313
0.0545169
0.348771
15
0.631468
0.439002
58.8467
0.865917
0.00679924
0.211864
74
0.0551153
0.101264
0.0247326
0.0997253
37
0.622783
0.397779
18.6686
0.845058
0.00273292
0.111425
74
0.096595
0.073883
0.0150603
0.0494734
12
0.726166
0.833598
50.2429
0.893603
0.00160009
0.140564
34
0.0120516
0.794243
0.0266445
0.233952
56
0.673153
0.913714
29.1012
0.966925
0.00352827
0.202868
47
0.0220157
0.53579
0.0315182
0.0793613
24
0.561442
0.314435
22.6794
0.845417
0.00200346
0.465887
90
0.0707056
0.675084
0.0706337
0.185086
36
0.471194
0.628964
38.3705
0.810045
0.00530849
0.387517
83
0.013854
0.615108
0.0459804
0.0684869
77
0.554619
0.988026
7.48716
0.959615
0.00559899
0.276862
88
0.045073
0.424126
0.0134489
0.309168
93
0.626156
0.454607
39.4845
0.896577
0.00756593
0.483532
10
0.0207294
0.125205
0.0770845
0.494006
44
0.515583
0.312506
78.715
0.904369
0.00591176
0.102295
26
0.0142182
0.357978
0.0579427
0.0608122
12
0.12265
0.0213304
5.36056
0.86786
0.00929215
0.13678
82
0.0290796
0.152201
0.0181412
0.429708
54
0.603147
0.857656
69.0733
0.887335
0.00307436
0.303801
13
0.0605151
0.463683
0.01419
0.365243
44
0.784542
0.803353
8.71074
0.878051
0.00552595
0.244387
26
0.092553
0.393951
0.0726888
0.369516
96
0.67007
0.226251
63.2984
0.928456
0.00859067
0.226207
35
0.0331048
0.652025
0.056415
0.271815
2
0.363565
0.589108
92.2621
0.946593
0.00139127
0.445816
59
0.0754335
0.782926
0.0647573
0.0309951
81
0.680819
0.118213
57.0066
0.977521
0.00108599
0.135458
30
0.0480941
0.784479
0.0432172
0.366367
72
0.180552
0.513067
13.4003
0.844462
0.00699359
0.35199
18
0.0431048
0.228768
0.0214302
0.296164
36
0.355248
0.830428
33.6194
0.980573
0.00436308
0.0460612
99
0.0485063
0.0480216
0.0985657
0.0640043
42
0.697501
0.863235
92.1245
0.960001
0.00910051
0.012479
14
0.0959811
0.0967238
0.0638295
0.168111
79
0.300814
0.142501
77.0948
0.826219
0.00393446
0.228756
11
0.0282261
0.854363
0.012381
0.00262008
91
0.263881
0.606682
15.4928
0.898316
0.00895404
0.114197
16
0.0304114
0.887823
0.0627722
0.424536
84
0.643004
0.931907
27.2604
0.851149
0.00872153
0.248093
40
0.014702
0.282182
0.0555582
0.14091
98
0.395595
0.130103
39.1575
0.874104
0.00840344
0.396366
39
0.0562585
0.504422
0.0370471
0.462049
50
0.779856
0.345262
64.7353
0.92737
0.00737286
0.0814971
41
0.0214198
0.563322
0.0452342
0.33242
57
0.408304
0.103072
4.03484
0.944386
0.00401439
0.0166903
99
0.0986552
0.521117
0.0329212
0.434627
98
0.255771
0.106714
17.3419
0.962655
0.00309097
0.0302559
20
0.0922204
0.926942
0.0671832
0.253781
57
0.324613
0.0414986
35.5976
0.802839
0.0040293
0.487225
20
0.0567602
0.779053
0.0446378
0.188304
6
0.634636
0.743784
75.2964
0.926239
0.00885891
0.0234745
97
0.0375545
0.388396
0.0117389
0.260597
7
0.337324
0.00657042
89.481
0.863332
0.00766723
0.320023
78
0.0920484
0.23408
0.0442073
0.366257
39
0.675137
0.790422
64.4186
0.90182
0.00929999
0.469718
32
0.0974926
0.678796
0.0137081
0.121782
87
0.116542
0.176037
63.0148
0.831863
0.00168595
0.327724
19
0.0734299
0.778418
0.0101316
0.125013
34
0.629896
0.687981
68.7389
0.814479
0.00140341
0.312987
4
0.0191849
0.350509
0.080992
0.225763
47
0.517251
0.0305358
26.2536
0.951345
0.00631333
0.201516
94
0.0558571
0.712358
0.0536576
0.186057
28
0.610401
0.490586
74.6231
0.862787
0.00150166
0.399259
81
0.0166848
0.0947124
0.0225464
0.14245
38
0.15083
0.534686
7.35234
0.868536
0.0065939
0.0263612
38
0.0906785
0.163288
0.0907039
0.412887
10
0.401837
0.191886
47.6688
0.9214
0.00809541
0.359108
3
0.0611563
0.280601
0.0680997
0.226613
43
0.387161
0.722224
89.2743
0.81164
0.00136269
0.36916
72
0.0174838
0.482223
0.0733388
0.280589
66
0.256984
0.133768
52.0645
0.957007
0.00998355
0.30716
22
0.0111435
0.672406
0.0402122
0.440942
8
0.778184
0.18742
76.5285
0.885789
0.00398966
0.151463
34
0.0876488
0.606342
0.085187
0.480806
8
0.131091
0.217663
32.9073
0.968075
0.00446373
0.354125
8
0.0471652
0.52595
0.0522919
0.0272875
99
0.596791
0.413953
32.5239
0.805844
0.00617417
0.363423
38
0.0967671
0.930055
0.0785182
0.458451
73
0.287823
0.884698
47.3162
0.934317
0.00339124
0.241163
18
0.0985379
0.669045
0.0858028
0.415108
7
0.135712
0.941584
90.0464
0.864355
0.00573235
0.17179
77
0.0874366
0.87886
0.0575616
0.152517
46
0.582952
0.233449
14.1052
0.926895
0.00969186
0.00550252
54
0.0900786
0.363907
0.0531586
0.0104005
70
0.767453
0.165209
98.5506
0.828677
0.00974644
0.411734
42
0.036152
0.348724
0.0454263
0.203047
72
0.243637
0.558164
82.8234
0.985016
0.00987274
0.123874
3
0.0646272
0.676734
0.0250581
0.0873362
28
0.152817
0.263023
78.0326
0.907416
0.00452292
0.210854
72
0.0415654
0.168653
0.0765539
0.213848
10
0.780903
0.561949
17.8163
0.893248
0.00693669
0.274298
49
0.0591604
0.474905
0.0482915
0.0571491
96
0.422377
0.404083
21.2613
0.801801
0.00460402
0.290756
39
0.0179678
0.329674
0.0998227
0.10329
58
0.378902
0.0453769
3.93164
0.87145
0.0037289
0.0336204
75
0.0384016
0.813142
0.0430292
0.325362
25
0.316709
0.602569
80.9832
0.899683
0.00884172
0.440445
49
0.0679987
0.344548
0.0569248
0.0513294
13
0.511189
0.879954
26.6596
0.821614
0.00367836
0.349184
43
0.0276755
0.230819
0.0655363
0.451451
44
0.23513
0.917855
87.1185
0.804448
0.00255281
0.256285
7
0.069818
0.975
0.0771912
0.407226
23
0.526445
0.0746991
24.4471
0.949405
0.00736376
0.345699
17
0.0102341
0.715757
0.0223003
0.134221
41
0.494224
0.271116
77.3447
0.973367
0.00873789
0.374188
70
0.0297609
0.0103152
0.0892509
0.29714
86
0.455275
0.550903
8.38963
0.850129
0.00447794
0.359856
18
0.0687806
0.531378
0.025489
0.347544
22
0.600382
0.649216
4.21656
0.916207
0.00114219
0.0103013
82
0.0949379
0.0150547
0.0428577
0.318757
83
0.145612
0.875475
99.9832
0.861688
0.0031911
0.362429
78
0.0640042
0.455065
0.0377292
0.418501
59
0.301716
0.0730389
45.7942
0.818319
0.00346615
0.259011
98
0.0847462
0.132343
0.012773
0.12666
31
0.745535
0.586825
21.559
0.953513
0.00622993
0.293135
62
0.023374
0.757132
0.0651966
0.196101
26
0.156107
0.682531
66.9659
0.829398
0.00994189
0.335846
96
0.0621324
0.974024
0.0606284
0.0066789
13
0.284386
0.37195
93.5067
0.953642
0.00649109
0.100582
23
0.0603512
0.577142
0.0291561
0.186847
5
0.588378
0.299459
74.4672
0.924118
0.00586303
0.119868
19
0.0941399
0.964705
0.0476505
0.0335569
12
0.11248
0.817933
79.9559
0.890519
0.00652268
0.463811
90
0.0269866
0.707317
0.0139688
0.183741
60
0.67719
0.712612
70.1832
0.988527
0.00317454
0.41337
86
0.0333153
0.377623
0.0305156
0.26018
73
0.366215
0.679961
83.5681
0.964277
0.00224436
0.441417
84
0.0855726
0.993227
0.0393718
0.26867
50
0.139664
0.872021
31.2163
0.811529
0.00479049
0.0023685
40
0.0581034
0.843532
0.0611866
0.334393
87
0.29643
0.457331
60.2974
0.889786
0.0073984
0.0922855
61
0.0536055
0.704088
0.0782456
0.0737421
41
0.428112
0.73327
39.3754
0.925213
0.00996829
0.263448
91
0.0598449
0.688555
0.0176575
0.214693
23
0.436291
0.91937
14.7376
0.874658
0.00643972
0.407275
58
0.0470479
0.479289
0.0270412
0.317504
29
0.328847
0.532184
78.2876
0.862331
0.00945549
0.158919
6
0.0766003
0.264096
0.0340646
0.251974
4
0.799818
0.987121
1.04132
0.963192
0.00642089
0.138049
3
0.0570251
0.068952
0.0367973
0.178797
9
0.521216
0.812173
41.3101
0.834388
0.00744615
0.169429
60
0.0458795
0.97002
0.0349108
0.240026
89
0.102131
0.48007
69.3538
0.895681
0.00549011
0.252017
94
0.0650828
0.947582
0.0662259
0.0166399
69
0.200207
0.27602
73.9004
0.816016
0.00230919
0.187912
70
0.0185398
0.824994
0.0646326
0.423426
49
0.492689
0.826083
40.2467
0.853082
0.00723154
0.0314943
84
0.0580422
0.0858923
0.0554317
0.358339
63
0.210484
0.0994429
53.6124
0.883288
0.00540827
0.297173
37
0.0325425
0.178048
0.06771
0.335343
10
0.125396
0.385661
18.1717
0.824968
0.00815805
0.0640824
44
0.0648866
0.836949
0.018575
0.159615
75
0.477817
0.421031
42.9711
0.806415
0.00442351
0.272325
23
0.0126306
0.660011
0.0781427
0.298707
59
0.431562
0.0816992
59.1687
0.854948
0.00287595
0.492666
58
0.096325
0.0167847
0.0677895
0.357559
42
0.45259
0.185078
1.50479
0.834695
0.00933546
0.305993
98
0.0778234
0.664522
0.0608982
0.388211
83
0.575698
0.835443
25.654
0.974294
0.00232368
0.218776
67
0.0221182
0.826679
0.038589
0.37941
47
0.707886
0.160679
68.8586
0.894381
0.00857473
0.35313
4
0.09876
0.866684
0.0361723
0.315349
67
0.472678
0.296928
93.0099
0.913175
0.00940118
0.0385874
99
0.050095
0.643887
0.0399478
0.302693
88
0.323
0.493433
2.32759
0.817925
0.00792981
0.46128
23
0.0635874
0.565402
0.0833359
0.425412
69
0.425226
0.306035
48.071
0.83242
0.00279553
0.23711
2
0.0339014
0.549532
0.0956672
0.128565
54
0.692563
0.654716
64.0299
0.846482
0.00148428
0.0932762
24
0.0902728
0.169977
0.0993181
0.163235
92
0.233493
0.935629
46.0216
0.852398
0.00283027
0.423581
27
0.059043
0.243532
0.0991478
0.258898
53
0.272207
0.959471
48.24
0.842195
0.00797254
0.491318
34
0.0694375
0.807402
0.0381466
0.0805715
91
0.76527
0.782087
20.1996
0.88066
0.00512772
0.112228
98
0.0762263
0.77447
0.0592787
0.19954
14
0.628768
0.555902
49.6326
0.961693
0.0097967
0.233361
68
0.0476402
0.118924
0.0669855
0.356635
20
0.120166
0.664175
93.7114
0.987754
0.00204035
0.340304
31
0.0151897
0.103791
0.0702983
0.0676206
11
0.201612
0.957755
84.3585
0.989162
0.00869518
0.499047
25
0.0395294
0.385408
0.0618847
0.0245827
12
0.434139
0.662926
26.415
0.82725
0.00597232
0.258314
33
0.0427336
0.748635
0.0864128
0.217907
17
0.568437
0.498047
75.1257
0.887641
0.00472026
0.0702299
96
0.0972468
0.515839
0.03236
0.495985
80
0.702819
0.692816
20.5778
0.839117
0.0019058
0.419635
89
0.0457182
0.561567
0.0649843
0.440075
32
0.559575
0.369618
86.5353
0.861156
0.00599653
0.206027
92
0.0162613
0.744767
0.0974991
0.378736
50
0.771649
0.141189
25.4163
0.870664
0.00663108
0.154033
41
0.0584767
0.376951
0.0931743
0.342667
69
0.759237
0.937382
5.57447
0.879436
0.00672371
0.229788
53
0.0251831
0.292147
0.0237366
0.0257299
52
0.736385
0.86667
30.4568
0.941126
0.00331376
0.0686628
84
0.0595956
0.458109
0.0573717
0.48535
52
0.241225
0.317974
77.5346
0.903561
0.00276153
0.439294
75
0.0763667
0.635711
0.0210857
0.175679
3
0.325938
0.507654
12.8479
0.899993
0.00183404
0.284427
67
0.0486189
0.352993
0.0511419
0.00426807
16
0.282585
0.0842285
12.0811
0.815203
0.00932388
0.391585
96
0.0863393
0.84765
0.0654018
0.188785
32
0.695998
0.880207
96.787
0.84843
0.0076487
0.498814
39
0.0923095
0.607319
0.0515673
0.116228
66
0.791194
0.763289
3.25312
0.950723
0.00868168
0.420697
61
0.0821827
0.310453
0.0860416
0.128997
21
0.549087
0.920246
3.6964
0.959514
0.00580435
0.467744
68
0.0387417
0.686078
0.0984959
0.484452
20
0.41238
0.135847
41.4041
0.891397
0.00261793
0.108194
26
0.0538472
0.748447
0.0759208
0.086269
33
0.773898
0.638277
76.6611
0.987918
0.00185839
0.233679
27
0.0274823
0.17298
0.0280129
0.228742
95
0.590541
0.352625
70.9663
0.930683
0.00414448
0.294466
88
0.0717108
0.537333
0.0460181
0.171131
35
0.623853
0.0713883
61.5282
0.95464
0.00267985
0.0357883
17
0.0454936
0.43759
0.0561406
0.349318
8
0.435542
0.726264
19.8656
0.802566
0.00859808
0.131676
21
0.0820972
0.542024
0.0917014
0.45733
42
0.251672
0.494977
75.6827
0.936516
0.00359091
0.474606
86
0.051312
0.212111
0.0749756
0.426765
90
0.417875
0.760811
10.8009
0.932237
0.00686497
0.370507
79
0.0746068
0.995165
0.0191439
0.105105
22
0.353793
0.136802
5.73713
0.902185
0.00728979
0.451189
12
0.0811161
0.080126
0.0967662
0.0633643
82
0.474787
0.565243
69.5569
0.858379
0.00285179
0.442844
85
0.0158643
0.619289
0.0835305
0.24615
79
0.480308
0.229221
6.71102
0.816857
0.00145418
0.119196
97
0.0411477
0.596002
0.0489846
0.173474
25
0.508454
0.241155
34.8174
0.925771
0.00493696
0.0792887
48
0.0840823
0.718193
0.0928055
0.298118
40
0.378442
0.954474
36.6871
0.933794
0.00420526
0.0941019
85
0.0609099
0.602127
0.0829229
0.28926
73
0.3704
0.944554
95.428
0.873618
0.00804744
0.267595
100
0.0670597
0.603842
0.0485682
0.3036
87
0.517199
0.74621
58.1699
0.971476
0.00937958
0.204817
58
0.0198031
0.544504
0.0149389
0.144921
32
0.350556
0.754581
98.1782
0.83883
0.00604064
0.287917
84
0.0391867
0.398521
0.0457464
0.361642
75
0.703584
0.537456
49.3797
0.808124
0.00786605
0.145208
70
0.0816424
0.404478
0.0811756
0.0126262
51
0.768075
0.442165
52.6543
0.961581
0.00749239
0.406541
63
0.031589
0.128539
0.0717582
0.162602
48
0.368379
0.719399
19.3235
0.955972
0.00490012
0.289741
85
0.0117624
0.52995
0.0734201
0.167225
36
0.214239
0.273906
51.3146
0.880966
0.00420175
0.493189
11
0.0912621
0.159101
0.0690283
0.261859
47
0.555376
0.675193
99.0245
0.995963
0.00249322
0.14301
60
0.0206116
0.00278131
0.0987797
0.160159
98
0.763436
0.441764
43.8412
0.938669
0.00412782
0.218492
75
0.0587549
0.816223
0.0416048
0.45672
25
0.224235
0.342368
7.9049
0.819294
0.00670424
0.223846
31
0.0883607
0.634131
0.0320891
0.017979
69
0.531218
0.797907
86.6118
0.87842
0.00576224
0.255303
73
0.0168822
0.192696
0.0926613
0.108259
22
0.105935
0.386
31.7658
0.860667
0.00727094
0.31129
12
0.0343422
0.845892
0.0235737
0.0487024
15
0.573696
0.0573554
44.0103
0.973862
0.00914081
0.433411
56
0.051554
0.319083
0.0890813
0.479382
92
0.184832
0.848606
66.0394
0.823659
0.00263363
0.0655214
51
0.0155474
0.26104
0.0426809
0.399151
18
0.764166
0.61568
24.7061
0.87391
0.00990031
0.450394
69
0.0453473
0.925898
0.0691047
0.404531
38
0.310438
0.775019
79.3634
0.824187
0.00855264
0.148363
4
0.0152703
0.00678378
0.0337298
0.195038
96
0.580417
0.741446
8.93383
0.951953
0.00970243
0.0370753
28
0.052128
0.690117
0.0588421
0.218913
83
0.755384
0.400117
35.6959
0.841069
0.0034512
0.0227307
31
0.0896981
0.959902
0.0565591
0.294897
51
0.332486
0.704621
91.8068
0.85534
0.00326828
0.126979
90
0.043705
0.0914142
0.0171545
0.0961103
28
0.171723
0.128808
27.6182
0.985564
0.0052523
0.0158302
58
0.0700897
0.462798
0.030596
0.0583946
87
0.10734
0.0626595
81.021
0.836566
0.00124629
0.116763
77
0.0311636
0.69787
0.0240487
0.37745
47
0.564822
0.777998
65.304
0.809321
0.00532847
0.165125
79
0.077424
0.319786
0.0668326
0.0370079
64
0.533176
0.417684
41.6536
0.945606
0.00801533
0.310107
67
0.0797631
0.272906
0.0263418
0.446993
57
0.399782
0.230502
91.5494
0.953084
0.00130971
0.219906
22
0.0268454
0.935864
0.0395764
0.339737
5
0.544471
0.973116
43.3831
0.869596
0.00538694
0.426891
66
0.0209554
0.590005
0.0441661
0.474707
55
0.643904
0.267479
2.54063
0.884881
0.00517259
0.0111356
17
0.0565111
0.346556
0.0828191
0.20934
47
0.103765
0.144866
75.5558
0.804092
0.00583597
0.177839
75
0.0223793
0.409887
0.0665955
0.47076
4
0.276899
0.574579
16.2033
0.85136
0.00250335
0.37563
27
0.0135555
0.891047
0.087733
0.243034
15
0.352415
0.214904
52.2032
0.814961
0.00286709
0.0694407
5
0.0194527
0.885353
0.0943846
0.236226
75
0.638632
0.689618
80.6494
0.821891
0.00702261
0.238293
92
0.0873042
0.799474
0.0604438
0.286151
52
0.314383
0.304843
87.5014
0.940444
0.00547219
0.170025
12
0.034147
0.527677
0.0724308
0.373004
76
0.292884
0.815501
48.4537
0.907885
0.00465808
0.476336
47
0.089018
0.523779
0.0475376
0.054499
29
0.381036
0.460322
42.4423
0.902789
0.00109271
0.155769
16
0.0474783
0.251253
0.059872
0.368532
53
0.358176
0.292623
85.9752
0.909073
0.00762964
0.315071
29
0.0881991
0.617375
0.0802569
0.248142
24
0.773209
0.395918
66.3845
0.83968
0.00846022
0.132524
83
0.0724711
0.0322991
0.0420317
0.397863
81
0.206795
0.590536
12.3369
0.99516
0.00395719
0.129079
82
0.0673105
0.430564
0.0912012
0.00499336
27
0.410266
0.698229
16.0591
0.995611
0.00865549
0.438128
18
0.0190354
0.819773
0.0402541
0.00188511
17
0.225816
0.365635
85.0127
0.872162
0.00129526
0.0724174
20
0.0255884
0.499265
0.059524
0.494735
26
0.578594
0.927234
62.6918
0.992566
0.00382625
0.275194
46
0.0843648
0.690903
0.0904568
0.114249
67
0.361185
0.188682
82.7055
0.94083
0.00891953
0.122421
53
0.0253863
0.0514688
0.0438238
0.224126
67
0.66618
0.0890052
92.4837
0.934866
0.00417956
0.0970112
97
0.0547864
0.791265
0.0857372
0.488588
67
0.769836
0.116785
50.9033
0.882814
0.00501344
0.090169
83
0.0667357
0.428397
0.0839015
0.0812212
13
0.750274
0.12638
89.7632
0.909737
0.0031566
0.321659
29
0.0518812
0.255408
0.0180042
0.124558
97
0.462448
0.8944
34.2438
0.912295
0.00119803
0.354517
57
0.0663394
0.625723
0.0288782
0.176855
61
0.656088
0.111695
82.1771
0.871757
0.00675796
0.398783
33
0.0263322
0.477177
0.0871263
0.0231316
52
0.717505
0.530675
28.5065
0.918259
0.00218707
0.277989
9
0.0578363
0.452555
0.0244153
0.326771
41
0.635132
0.25212
84.453
0.936366
0.0021106
0.185909
75
0.0664126
0.946042
0.0922877
0.498726
34
0.458924
0.985909
48.9688
0.89812
0.00272121
0.0322022
64
0.096167
0.241817
0.0498199
0.17244
9
0.132918
0.598956
10.3202
0.886816
0.00521268
0.471434
20
0.0488618
0.420381
0.0422766
0.443649
26
0.247226
0.429669
17.1212
0.927272
0.00266652
0.335316
67
0.0334482
0.99748
0.0126438
0.211052
79
0.124506
0.525847
88.5718
0.878859
0.00343119
0.0752808
87
0.0691714
0.920149
0.0275266
0.294018
86
0.619435
0.966543
61.002
0.965913
0.00487021
0.0836125
65
0.0173672
0.252017
0.0933712
0.333941
68
0.386786
0.828175
45.9431
0.819669
0.00570838
0.0566077
48
0.0496524
0.665049
0.0768585
0.253388
46
0.545322
0.597222
95.2831
0.957897
0.00588044
0.279395
57
0.0509544
0.122747
0.013112
0.246546
36
0.328185
0.264776
53.9879
0.924322
0.00196721
0.0419007
51
0.0991191
0.693875
0.0240114
0.486424
90
0.284834
0.805586
3.15917
0.981018
0.00689775
0.226565
76
0.0417397
0.0848628
0.0795801
0.231807
65
0.405852
0.471185
72.8851
0.971851
0.00683645
0.297415
8
0.017584
0.801159
0.0472367
0.0694754
13
0.357587
0.997146
90.9775
0.92087
0.00495517
0.484735
87
0.0291715
0.279418
0.0884248
0.459634
34
0.487849
0.422256
96.0282
0.981236
0.00759664
0.409275
21
0.0638113
0.787448
0.0686609
0.200671
66
0.414666
0.259853
88.3752
0.993508
0.00888008
0.198834
6
0.0828738
0.69892
0.0947954
0.202007
94
0.62749
0.0289183
73.5318
0.972675
0.00752174
0.0545928
80
0.0892641
0.00935021
0.016841
0.266695
52
0.370075
0.254327
84.8735
0.84699
0.00874324
0.416491
94
0.0517482
0.940473
0.0961878
0.469199
2
0.259634
0.768406
17.6827
0.800129
0.00926075
0.164592
88
0.0730888
0.269985
0.0312762
0.0508339
61
0.653738
0.806067
79.4819
0.886356
0.00954368
0.347664
95
0.09378
0.5919
0.0688381
0.437538
6
0.468267
0.243384
72.2405
0.848861
0.00661027
0.251431
38
0.0931296
0.296405
0.0231295
0.178074
60
0.232312
0.319427
7.02583
0.852124
0.0078925
0.323167
73
0.0397537
0.111135
0.0472834
0.421058
45
0.655667
0.179359
0.448529
0.996665
0.00363127
0.0212926
79
0.0419304
0.218247
0.027685
0.092275
38
0.519
0.348489
43.0663
0.958822
0.00544115
0.479882
60
0.0895138
0.436626
0.0902169
0.312395
79
0.304124
0.0427577
56.5032
0.958656
0.00205512
0.143747
95
0.0682927
0.294929
0.0520551
0.418056
97
0.45697
0.139652
69.8297
0.991
0.00198806
0.44673
87
0.0506938
0.936196
0.0528945
0.220423
66
0.11872
0.391767
87.7981
0.906928
0.00484532
0.473634
15
0.0399406
0.333381
0.0540523
0.345639
22
0.749124
0.744488
50.1931
0.900755
0.00297012
0.055849
92
0.0778981
0.196722
0.0899005
0.0853858
68
0.432224
0.0344262
81.8579
0.997629
0.00893002
0.323885
72
0.0714988
0.978369
0.0393334
0.278207
66
0.49566
0.0594256
8.17011
0.937999
0.00153251
0.313716
27
0.0594102
0.223846
0.0797895
0.268013
48
0.445789
0.0494944
53.5795
0.859599
0.00480067
0.0296229
53
0.021119
0.657206
0.0129109
0.382585
35
0.694869
0.914612
14.3122
0.944713
0.0060345
0.235014
7
0.0293301
0.509877
0.0102663
0.19254
78
0.263443
0.274831
9.2699
0.974929
0.00808208
0.389914
45
0.071034
0.865336
0.0800067
0.388695
45
0.683978
0.929608
94.9537
0.987148
0.00813443
0.203946
25
0.0434162
0.610961
0.0138388
0.38154
49
0.28036
0.903579
29.4572
0.963166
0.00783114
0.448655
94
0.0160794
0.412846
0.0818476
0.0981479
76
0.347341
0.0119499
9.17715
0.982349
0.00323294
0.364699
61
0.0742114
0.107165
0.0462971
0.154006
65
0.503213
0.239486
29.3802
0.922826
0.00221549
0.402635
55
0.0479318
0.455586
0.0503605
0.3942
84
0.76028
0.476664
65.0652
0.969882
0.00574045
0.404954
9
0.0407309
0.165084
0.030938
0.355139
64
0.271945
0.382674
57.4611
0.952488
0.00194117
0.109824
39
0.0250066
0.226779
0.0297048
0.46089
90
0.215442
0.424872
18.9816
0.850451
0.00909214
0.482966
62
0.0389956
0.848544
0.048119
0.118206
89
0.339723
0.656787
61.3781
0.932958
0.00469444
0.220583
28
0.0804513
0.33614
0.097824
0.395555
70
0.274825
0.347493
43.7065
0.992185
0.00779504
0.300392
36
0.0451754
0.923651
0.0570864
0.448556
81
0.682592
0.635501
15.6847
0.869815
0.00215269
0.23926
93
0.0100741
0.416022
0.0778368
0.46431
58
0.552526
0.419289
90.2772
0.876661
0.00438505
0.0180213
69
0.0131143
0.781035
0.0228603
0.463421
85
0.127894
0.969431
62.1886
0.812951
0.00409606
0.288498
81
0.0378017
0.343285
0.012229
0.192695
78
0.170955
0.647848
88.8807
0.876121
0.00440371
0.42176
85
0.0240894
0.255586
0.0970608
0.207505
16
0.576218
0.248804
34.6281
0.905679
0.00785682
0.00874961
50
0.081583
0.365588
0.0333149
0.315825
48
0.113091
0.472976
90.6995
0.832743
0.00298646
0.324963
63
0.0182346
0.833452
0.0383191
0.237274
31
0.470825
0.408854
38.8979
0.877882
0.00780554
0.214221
80
0.0365096
0.511587
0.0935621
0.255606
38
0.650137
0.976547
11.0999
0.931147
0.00720232
0.208271
91
0.012912
0.897721
0.038954
0.330068
10
0.498099
0.546263
72.6721
0.858058
0.00545639
0.174298
10
0.0910679
0.980977
0.0709331
0.408631
23
0.407643
0.311647
31.1496
0.849275
0.00177797
0.381996
65
0.054575
0.668027
0.0744202
0.284868
97
0.169653
0.067089
53.1473
0.968779
0.00992406
0.327145
9
0.0506081
0.964012
0.0824661
0.0940514
44
0.728596
0.157424
5.13461
0.901116
0.00214864
0.329218
45
0.0502584
0.148614
0.0822279
0.101627
9
0.644847
0.795622
54.9968
0.952085
0.00987832
0.365409
80
0.0140831
0.1416
0.0661201
0.371673
78
0.760895
0.584826
34.1216
0.800955
0.00711347
0.105169
2
0.0751983
0.120642
0.0849925
0.0703467
95
0.389712
0.516984
42.2839
0.994365
0.0081662
0.134014
36
0.0610046
0.370171
0.0155359
0.120625
74
0.320008
0.523305
94.5516
0.805292
0.00100855
0.343411
57
0.0936239
0.488064
0.0322882
0.137961
82
0.716697
0.861084
3.50817
0.826418
0.00281789
0.464551
55
0.0560567
0.209485
0.0761911
0.359355
45
0.793628
0.765416
83.7259
0.993307
0.00725455
0.376573
16
0.0805821
0.301256
0.0292948
0.310718
1
0.219283
0.466404
35.0387
0.835065
0.00341118
0.425508
3
0.0576703
0.729342
0.0405585
0.279092
19
0.747955
0.426666
14.8229
0.986145
0.00206252
0.0910508
63
0.0982191
0.0883653
0.0925124
0.256988
55
0.128398
0.0641151
22.3527
0.945059
0.0050975
0.387094
10
0.0265468
0.222811
0.0218592
0.109776
74
0.507308
0.0793422
22.5493
0.875007
0.00896097
0.0629331
71
0.0473565
0.612827
0.0792067
0.117682
88
0.44661
0.982793
45.4268
0.975905
0.00721723
0.249514
98
0.0363337
0.952401
0.0586411
0.0382169
59
0.676746
0.610952
23.0066
0.913513
0.00558743
0.341745
74
0.038137
0.559985
0.0844459
0.373624
25
0.448086
0.0378077
47.9698
0.978301
0.00257911
0.00397592
20
0.0527533
0.0410029
0.0736019
0.147259
35
0.721286
0.946282
52.8633
0.853667
0.00239827
0.116929
58
0.0279991
0.610153
0.0542458
0.305319
93
0.173964
0.630835
97.8885
0.983481
0.0068255
0.497698
59
0.0703446
0.018223
0.0108358
0.0524363
69
0.534698
0.720089
24.1529
0.937402
0.00243368
0.285674
70
0.0600392
0.701185
0.0632348
0.190776
16
0.797614
0.341582
83.1913
0.894812
0.00905386
0.245171
71
0.096495
0.518069
0.07109
0.0116493
34
0.739484
0.483695
63.676
0.925659
0.00833259
0.0533074
56
0.0199417
0.841614
0.0681633
0.231505
6
0.424197
0.70073
63.5277
0.857398
0.00126903
0.0865655
49
0.0654115
0.637782
0.0295626
0.442739
9
0.39238
0.924605
9.68532
0.921336
0.00582054
0.44946
66
0.0867618
0.731347
0.0938784
0.0999733
53
0.52198
0.00927319
55.5765
0.939873
0.00733995
0.291568
38
0.0931608
0.433775
0.0417593
0.153545
16
0.108517
0.193523
76.8676
0.957607
0.00378997
0.048693
93
0.071279
0.835017
0.0106471
0.155317
59
0.162411
0.327064
67.2466
0.997956
0.00388322
0.380824
25
0.0236495
0.396774
0.0434069
0.126854
75
0.651291
0.451414
32.7274
0.949755
0.00959748
0.061402
77
0.077053
0.684158
0.0610555
0.430744
19
0.70152
0.888801
8.43249
0.835536
0.00795918
0.104731
22
0.0685039
0.193956
0.0625495
0.0266041
43
0.304483
0.0955531
33.5677
0.828063
0.00154148
0.475503
48
0.0116126
0.484098
0.0551476
0.0749021
55
0.118075
0.707117
18.3638
0.853928
0.00592619
0.308532
6
0.0807842
0.316358
0.0960327
0.274025
8
0.753422
0.943589
23.2006
0.966012
0.00370769
0.043207
15
0.0421549
0.0823206
0.0779276
0.263442
57
0.213299
0.225026
94.1162
0.917903
0.00150514
0.371641
1
0.0156238
0.991756
0.0634066
0.102507
6
0.246405
0.97897
27.9539
0.856119
0.00289402
0.0203533
27
0.0439178
0.572284
0.0805424
0.0782933
19
0.689578
0.152564
46.955
0.863998
0.00769667
0.00458607
63
0.0661169
0.221379
0.0626533
0.491394
62
0.478528
0.407379
19.4253
0.871011
0.00485297
0.0800794
77
0.0525531
0.200174
0.0737221
0.429063
81
0.713568
0.616854
37.2367
0.985441
0.00306381
0.0140255
43
0.0146613
0.20259
0.0174231
0.467811
93
0.668372
0.58211
1.75256
0.965325
0.00612899
0.304976
89
0.0718183
0.262144
0.0899682
0.499176
18
0.622004
0.182302
55.1966
0.847716
0.00156769
0.0778665
14
0.0834998
0.0787968
0.0874218
0.416924
4
0.465624
0.236836
59.9218
0.863175
0.00375183
0.404166
24
0.02612
0.794442
0.0861954
0.0280895
36
0.664301
0.376386
99.7312
0.960823
0.00208686
0.415148
24
0.0272573
0.594369
0.0692354
0.209654
22
0.658419
0.818732
41.056
0.9549
0.00382501
0.082463
78
0.0853893
0.486248
0.0548518
0.439037
95
0.597486
0.484916
85.437
0.927882
0.00758635
0.0420362
23
0.0632278
0.265522
0.0507234
0.0953994
39
0.579205
0.552849
4.53541
0.998766
0.0043308
0.316954
75
0.0833773
0.724978
0.0552025
0.165084
97
0.420361
0.737126
28.0244
0.950325
0.00981675
0.340805
46
0.0404123
0.903007
0.0386435
0.374833
85
0.345196
0.963751
63.8262
0.992782
0.008988
0.146524
12
0.0748355
0.600762
0.0158594
0.471178
7
0.217263
0.641022
85.3719
0.924891
0.00665035
0.0747317
51
0.0760182
0.765456
0.0283229
0.223341
56
0.253345
0.445676
28.3773
0.93259
0.00322107
0.235582
47
0.0627175
0.900635
0.0820666
0.00906938
89
0.336493
0.200102
24.2241
0.894012
0.00477552
0.418899
18
0.0782386
0.0534776
0.0331769
0.135784
67
0.182369
0.330441
50.5033
0.994767
0.00314147
0.0606729
4
0.0878469
0.662485
0.0485177
0.492753
71
0.731822
0.767431
32.1124
0.962124
0.00620271
0.192885
11
0.054369
0.23308
0.0873778
0.0396542
85
0.30696
0.724325
47.0647
0.929844
0.00507041
0.0876161
87
0.075694
0.644856
0.0725919
0.291056
93
0.583507
0.060934
93.3783
0.897105
0.00292141
0.369443
21
0.0845547
0.440138
0.0192013
0.401112
62
0.795434
0.109989
31.4038
0.86734
0.00578703
0.393233
64
0.072394
0.739253
0.0492725
0.0144034
38
0.158852
0.245788
42.7288
0.822478
0.00811644
0.0997124
10
0.0108516
0.821703
0.0374078
0.242178
45
0.269577
0.0397844
95.0323
0.846125
0.00474619
0.167604
52
0.0788289
0.167637
0.0109747
0.483423
34
0.192083
0.579521
0.889035
0.840514
0.0032111
0.301101
7
0.013776
0.508895
0.0642585
0.0473052
16
0.29989
0.735485
54.1493
0.918713
0.00534295
0.429466
96
0.0203651
0.450859
0.0965354
0.0550611
28
0.176641
0.504212
81.7767
0.907646
0.00362575
0.436043
13
0.0950131
0.762186
0.0882841
0.422857
18
0.334607
0.520667
81.3752
0.996462
0.00802233
0.473012
63
0.0149899
0.733179
0.0301179
0.13182
35
0.121874
0.55788
12.6178
0.919362
0.00844823
0.409155
44
0.028662
0.910462
0.0840087
0.166028
69
0.441732
0.197733
92.6598
0.982148
0.00837593
0.171009
2
0.0786042
0.0352536
0.0847163
0.0437294
86
0.34088
0.898103
41.806
0.82854
0.00464596
0.231667
76
0.0939813
0.427
0.0842696
0.472316
33
0.138584
0.90768
48.7134
0.968689
0.0090786
0.189718
21
0.0862056
0.189361
0.0518469
0.312311
70
0.269297
0.892656
67.7782
0.943809
0.00936732
0.157823
28
0.0654617
0.213978
0.0577944
0.447544
48
0.14629
0.322627
86.2768
0.801533
0.00127207
0.400563
24
0.0467568
0.710381
0.0868111
0.465952
4
0.254118
0.0501436
59.5657
0.875589
0.00296029
0.210456
93
0.0768057
0.108689
0.0995832
0.0620301
25
0.140681
0.548469
22.1591
0.899366
0.00561718
0.135748
33
0.0492669
0.569221
0.0357508
0.216239
11
0.777122
0.374124
15.0978
0.849366
0.00161885
0.239737
15
0.0750043
0.465645
0.0197913
0.310249
21
0.365337
0.0254001
46.2836
0.966397
0.00226957
0.199743
19
0.0280202
0.30726
0.0888061
0.180896
100
0.558602
0.543527
96.5235
0.956226
0.00415818
0.415614
48
0.0308087
0.763704
0.0390918
0.175527
2
0.660298
0.771515
98.375
0.82769
0.00302464
0.0510803
66
0.0572883
0.442408
0.035991
0.324021
78
0.13422
0.621844
38.6344
0.929436
0.00701074
0.329535
57
0.0842345
0.216096
0.0196927
0.00809391
30
0.646352
0.05509
84.1139
0.969464
0.00820075
0.338084
25
0.0732304
0.236738
0.0615277
0.221053
94
0.731262
0.756559
13.7421
0.800515
0.0092696
0.377297
81
0.0374491
0.822861
0.0513698
0.143807
27
0.721775
0.308316
36.5576
0.906338
0.00456731
0.319326
30
0.0870046
0.0384917
0.0144682
0.164176
82
0.616609
0.843864
7.73062
0.829695
0.00167554
0.103137
6
0.0171525
0.199248
0.0973828
0.240671
23
0.705718
0.0277911
57.3207
0.884606
0.00964362
0.113443
76
0.0460265
0.985853
0.0500106
0.433399
12
0.613314
0.198325
24.8927
0.976101
0.00259563
0.257119
8
0.0373592
0.307664
0.0979505
0.490626
58
0.197122
0.328106
95.8464
0.890994
0.00679217
0.0672734
80
0.0231747
0.146619
0.0954959
0.169256
79
0.338127
0.953155
74.1568
0.928613
0.00244417
0.295675
32
0.090974
0.390741
0.0945968
0.279637
85
0.538358
0.890873
91.6693
0.812454
0.00173165
0.413027
71
0.014449
0.413703
0.0450918
0.397182
55
0.524845
0.896316
11.9257
0.974699
0.00645465
0.477224
69
0.0302056
0.977185
0.0722056
0.229545
74
0.186983
0.147418
12.497
0.917447
0.00241672
0.187486
6
0.0497936
0.289873
0.0327299
0.283477
88
0.15373
0.0832141
4.91706
0.875902
0.00175612
0.495141
74
0.0503472
0.116848
0.0207284
0.436003
18
0.242429
0.246233
44.8514
0.882401
0.00406987
0.057
35
0.0649225
0.0994065
0.0447407
0.30034
19
0.166861
0.436614
99.4131
0.943045
0.00202538
0.243017
93
0.0443668
0.276375
0.0468441
0.204483
73
0.598572
0.355112
39.9948
0.810435
0.00115328
0.148831
72
0.0511817
0.647013
0.0845469
0.0654131
48
0.741916
0.0163033
16.642
0.914931
0.00732536
0.0190109
52
0.0432881
0.875792
0.0253624
0.450767
41
0.709098
0.749766
83.9654
0.931407
0.00941423
0.0959217
92
0.0871916
0.532945
0.0855192
0.180621
94
0.168525
0.820667
46.6602
0.820194
0.00747579
0.0447814
54
0.0256828
0.0435552
0.0342723
0.0613874
83
0.439937
0.294761
68.3668
0.984532
0.0090458
0.129884
43
0.0933806
0.0920386
0.013302
0.0530695
76
0.383424
0.676687
58.7622
0.916898
0.00806651
0.303255
28
0.0306953
0.443704
0.0728706
0.380461
83
0.729535
0.3382
58.5054
0.855957
0.00312261
0.393104
42
0.0483337
0.906208
0.0745301
0.327715
42
0.404767
0.708099
44.4118
0.854868
0.00825541
0.366932
42
0.081892
0.576574
0.0204177
0.0464665
58
0.175446
0.448165
51.1547
0.949238
0.00158378
0.152482
98
0.0989385
0.137957
0.0756774
0.281588
1
0.331209
0.204827
72.4825
0.898718
0.00397516
0.161852
46
0.0728245
0.273934
0.0538706
0.478425
62
0.796295
0.711836
87.8095
0.930251
0.00174883
0.224909
30
0.0914891
0.752722
0.0496113
0.384869
77
0.60649
0.87055
78.5864
0.840758
0.00888431
0.036127
92
0.0288008
0.797596
0.0362936
0.432671
59
0.485961
0.622803
71.6012
0.80602
0.00972875
0.155596
80
0.0542444
0.519355
0.0747274
0.0568415
99
0.686426
0.799802
37.8025
0.948041
0.00773749
0.338839
25
0.061918
0.373331
0.0166262
0.329068
57
0.104539
0.780418
26.0819
0.933377
0.00391642
0.326215
32
0.0772911
0.913164
0.0813614
0.238712
40
0.374809
0.279569
55.2278
0.972141
0.00917258
0.437358
2
0.0370386
0.185023
0.0354553
0.189775
81
0.467881
0.302082
6.37121
0.935575
0.00596403
0.379449
45
0.0623749
0.384157
0.043657
0.441241
74
0.528369
0.218264
93.9764
0.837486
0.00606998
0.432041
40
0.0321159
0.580958
0.0335427
0.198589
38
0.616418
0.845683
11.3886
0.803841
0.00182714
0.00659908
4
0.0615213
0.916521
0.0409274
0.319932
6
0.557191
0.403361
26.8171
0.895236
0.00334139
0.430976
86
0.092732
0.0373118
0.0220054
0.0770081
90
0.536107
0.855282
45.1097
0.803503
0.00822743
0.184413
5
0.0114262
0.50584
0.044006
0.200269
29
0.317797
0.993028
54.4279
0.860173
0.00144029
0.460666
78
0.0225979
0.0774742
0.0252453
0.158418
18
0.195899
0.613585
0.217247
0.822895
0.00326223
0.48548
34
0.016356
0.0458249
0.0256934
0.205918
97
0.210919
0.0325479
82.3623
0.885209
0.00332498
0.48947
67
0.0243982
0.881193
0.0866536
0.453464
87
0.421057
0.363583
49.8862
0.942417
0.0090232
0.356986
68
0.0300886
0.948724
0.0118422
0.120807
88
0.585116
0.569512
62.2411
0.884125
0.00754597
0.190834
54
0.0359919
0.0301023
0.0791183
0.41552
51
0.669658
0.463449
28.7736
0.941647
0.00564384
0.118076
78
0.0689483
0.864032
0.0455195
0.0915671
56
0.261869
0.112858
71.267
0.850652
0.00962653
0.183009
97
0.062521
0.337818
0.0502291
0.34348
21
0.267278
0.577443
17.4459
0.807899
0.00254529
0.0768788
31
0.0554895
0.0650533
0.0917966
0.0446392
50
0.640759
0.32445
51.5213
0.997103
0.00862125
0.181992
63
0.0178475
0.332903
0.0114058
0.452717
70
0.308405
0.0190002
74.2631
0.989541
0.00610123
0.46672
17
0.0216184
0.967754
0.0763662
0.454717
84
0.348819
0.850035
71.4703
0.919409
0.00527894
0.209214
43
0.0851057
0.727441
0.0793065
0.0221976
77
0.289839
0.281095
60.9004
0.841797
0.00122632
0.280995
7
0.0886738
0.0208185
0.0347084
0.413731
54
0.390527
0.291132
89.1952
0.939126
0.00638186
0.346877
85
0.0266189
0.491659
0.0895022
0.288362
63
0.57148
0.379034
79.6033
0.972995
0.00192354
0.196981
89
0.0918677
0.142566
0.094036
0.43197
29
0.563202
0.691727
56.3417
0.946319
0.00550556
0.252934
73
0.0368253
0.742716
0.0906206
0.264003
3
0.589437
0.0228863
62.8071
0.865298
0.00630373
0.216493
54
0.0351481
0.573002
0.0357363
0.351478
33
0.150147
0.169476
18.5532
0.813589
0.00952673
0.18904
22
0.0188388
0.957589
0.0971491
0.0365522
13
0.193792
0.478661
21.6935
0.843675
0.00293878
0.315841
37
0.0929337
0.789807
0.0982254
0.129772
41
0.100097
0.123719
57.9022
0.903231
0.00245851
0.177108
36
0.0549359
0.961724
0.0546511
0.169748
95
0.165257
0.162762
97.5714
0.867055
0.00354043
0.0491105
52
0.0952137
0.29934
0.0915254
0.107224
68
0.231248
0.801579
40.0893
0.948468
0.00984485
0.0138607
45
0.0440704
0.851268
0.0621868
0.156911
72
0.524109
0.773268
21.946
0.841654
0.00850159
0.121417
52
0.0393583
0.587943
0.0544593
0.391691
33
0.614281
0.96505
64.2458
0.811098
0.00819406
0.468115
67
0.0798757
0.741014
0.0757114
0.385428
51
0.743571
0.651495
23.5366
0.886479
0.005559
0.385356
95
0.0776044
0.012919
0.0285219
0.155802
100
0.143961
0.853727
40.8748
0.917196
0.00568556
0.12333
91
0.0298683
0.48934
0.0704312
0.0400873
86
0.486584
0.510377
73.7924
0.812271
0.00640289
0.127902
43
0.0385874
0.770421
0.0353333
0.477588
63
0.440752
0.949818
45.218
0.97093
0.00252572
0.28529
34
0.0810848
0.0704075
0.0877857
0.270513
18
0.363015
0.697228
50.6049
0.873122
0.00730652
0.00158332
51
0.0494203
0.422093
0.026411
0.399446
63
0.505016
0.151871
79.0715
0.93592
0.00695303
0.0882639
31
0.0245539
0.130281
0.0222034
0.292371
35
0.382769
0.0026895
6.53679
0.823437
0.00118888
0.480576
79
0.0969841
0.154821
0.0675703
0.383503
95
0.710911
0.971935
30.8967
0.890148
0.00744169
0.0954879
62
0.0693118
0.986715
0.0406107
0.115701
89
0.415849
0.876051
96.8592
0.830608
0.00375878
0.125703
84
0.0955317
0.144426
0.0715506
0.234691
86
0.23863
0.728378
44.6605
0.941712
0.00564649
0.0619912
98
0.0616948
0.204086
0.0216972
0.113678
15
0.681022
0.659606
47.4651
0.813956
0.00946776
0.0344702
14
0.0229065
0.892417
0.0298046
0.015713
79
0.137511
0.210427
53.319
0.947423
0.00536516
0.0398846
71
0.0765743
0.839414
0.0741228
0.232948
99
0.319039
0.839596
95.7133
0.834059
0.00691106
0.402023
55
0.0367956
0.811781
0.0601209
0.146042
20
0.438411
0.389738
39.7252
0.858507
0.00409157
0.395526
56
0.0639492
0.372645
0.0800302
0.36336
27
0.725508
0.101338
55.7485
0.844155
0.00772697
0.0252583
71
0.0737431
0.497146
0.0696656
0.29337
3
0.278355
0.286121
28.8566
0.805039
0.00741473
0.0474977
44
0.0792717
0.180731
0.0424414
0.370279
19
0.637473
0.960577
73.3222
0.817473
0.00104062
0.33071
90
0.0424757
0.160411
0.0558316
0.487079
31
0.444319
0.174334
75.8975
0.821189
0.00655563
0.0765057
53
0.0551987
0.175582
0.0307028
0.497951
11
0.427201
0.0528505
10.654
0.80732
0.00405763
0.282867
16
0.0916518
0.869038
0.0946743
0.181781
60
0.530829
0.538848
43.4078
0.879692
0.00880733
0.317857
16
0.0408517
0.938164
0.0957812
0.421555
11
0.460384
0.410572
13.0549
0.809815
0.00607845
0.497
47
0.0829217
0.859663
0.0636774
0.321071
46
0.188445
0.334012
52.5923
0.864786
0.00387077
0.195227
65
0.0614071
0.431899
0.052521
0.257601
80
0.496996
0.544543
38.4502
0.960742
0.00676042
0.260325
13
0.0573442
0.95026
0.0663757
0.0744556
37
0.551455
0.52971
91.3122
0.844654
0.00270713
0.192313
69
0.0701628
0.327944
0.0910798
0.275462
90
0.706739
0.939835
56.0627
0.833193
0.0065274
0.454609
30
0.0993799
0.314168
0.016199
0.481087
78
0.698935
0.933784
5.91955
0.977328
0.00799905
0.10656
41
0.0671228
0.553859
0.0508669
0.0194987
8
0.482465
0.671007
80.3601
0.982876
0.00355994
0.152822
93
0.0678454
0.583287
0.0880679
0.367868
1
0.75799
0.458971
66.5496
0.897809
0.00300046
0.264376
65
0.010532
0.830942
0.0110821
0.227844
3
0.189983
0.572537
31.8703
0.830179
0.00186685
0.214639
65
0.0405929
0.767665
0.0919782
0.0886409
30
0.632406
0.337273
60.7814
0.963954
0.00921607
0.397388
96
0.0422553
0.943137
0.0205898
0.143117
7
0.398721
0.124873
54.603
0.837154
0.00303968
0.361474
86
0.0978642
0.400428
0.0695778
0.272533
82
0.33016
0.792676
10.1186
0.986605
0.00626709
0.355736
87
0.0247631
0.0285114
0.0766211
0.0935733
53
0.499829
0.0144954
51.7815
0.82585
0.00453709
0.0714467
73
0.0356167
0.930664
0.0226979
0.419391
64
0.662797
0.464332
61.7785
0.825198
0.00983443
0.383653
89
0.0902847
0.391725
0.0345758
0.307528
77
0.49167
0.260653
92.8739
0.914058
0.00426695
0.443292
61
0.0313716
0.0260086
0.0603357
0.306606
43
0.322553
0.811352
9.9663
0.943418
0.00776098
0.221984
78
0.0323292
0.695504
0.0104755
0.341811
68
0.286222
0.625323
9.58695
0.931886
0.00170208
0.435009
90
0.0128537
0.21098
0.0613698
0.436635
51
0.652375
0.580977
35.967
0.808955
0.00384863
0.0839045
40
0.0186489
0.245847
0.0886308
0.407103
89
0.290648
0.350574
97.6504
0.97926
0.00368473
0.280352
19
0.0947156
0.313001
0.0249311
0.245445
71
0.249261
0.0134691
87.2328
0.824564
0.0085074
0.436327
95
0.0238493
0.150951
0.0806582
0.376947
91
0.744007
0.680658
56.9466
0.891548
0.00585281
0.298798
41
0.0757811
0.269411
0.0997008
0.00332984
5
0.129512
0.637414
19.6014
0.93823
0.00853434
0.282322
68
0.0352794
0.405653
0.0593327
0.462462
49
0.411422
0.619465
21.0007
0.83819
0.00566376
0.133375
41
0.079491
0.933623
0.0870342
0.0831059
37
0.359157
0.37306
65.8522
0.888292
0.00824609
0.424773
29
0.0659027
0.237867
0.0290512
0.355973
40
0.659684
0.910573
89.8003
0.854283
0.0016568
0.180229
13
0.088636
0.0621722
0.0963851
0.482729
5
0.687496
0.70225
55.8604
0.819061
0.00135341
0.494052
33
0.0849968
0.759972
0.0731021
0.076569
64
0.236504
0.515696
6.06249
0.877008
0.00716174
0.27316
42
0.0977471
0.286879
0.0261788
0.224775
33
0.792473
0.886229
66.6446
0.916266
0.00437875
0.101251
37
0.0582896
0.022038
0.094073
0.39477
91
0.54943
0.166879
81.4796
0.889282
0.00521186
0.260556
9
0.0998337
0.353443
0.095079
0.332191
30
0.163619
0.684764
64.808
0.815594
0.00350348
0.456582
50
0.0677752
0.112722
0.0505424
0.208077
71
0.351346
0.486942
76.2659
0.857229
0.00390402
0.0667834
83
0.0665415
0.71914
0.0160115
0.058981
40
0.639122
0.0870994
37.4402
0.951114
0.00900427
0.0175854
31
0.0628633
0.058284
0.0673198
0.194329
23
0.481628
0.864987
25.3072
0.93523
0.00424048
0.115292
91
0.0427945
0.874073
0.0953043
0.135529
71
0.29532
0.901996
51.9088
0.87757
0.00228026
0.40611
38
0.079392
0.447047
0.0966276
0.0904272
7
0.199123
0.474781
90.5588
0.956765
0.00233823
0.427925
4
0.0258514
0.176447
0.0302175
0.38718
9
0.429212
0.432616
57.7279
0.915357
0.00482048
0.35032
23
0.0533134
0.134664
0.0379878
0.211592
43
0.397061
0.00415495
83.2003
0.802049
0.00223261
0.160608
59
0.0239952
0.186172
0.0325703
0.222063
74
0.238506
0.837446
91.0323
0.813226
0.00492205
0.0505386
57
0.0445147
0.206872
0.0825511
0.322881
39
0.711943
0.642391
58.3923
0.846771
0.00707329
0.275815
35
0.0413367
0.289397
0.0629411
0.204876
82
0.475817
0.694453
85.6946
0.920583
0.00365709
0.198159
52
0.0736675
0.356014
0.0517
0.39028
37
0.48957
0.632834
65.6309
0.883803
0.00542013
0.196332
42
0.0697156
0.982903
0.0535145
0.283107
27
0.714652
0.25047
29.8327
0.97657
0.00449674
0.35731
27
0.0531315
0.359367
0.0258801
0.13173
46
0.44924
0.5935
88.683
0.91192
0.00459639
0.337162
66
0.035865
0.921886
0.0560122
0.133475
72
0.161582
0.669608
98.8348
0.896229
0.0065651
0.447925
64
0.0814053
0.755882
0.026782
0.409591
23
0.593667
0.359552
0.786762
0.89228
0.00761976
0.00962461
2
0.0801978
0.514342
0.018864
0.139748
52
0.58674
0.320288
2.05901
0.90251
0.00967217
0.444608
10
0.0784425
0.640413
0.0786049
0.0721808
89
0.25896
0.221042
16.8573
0.915611
0.00835062
0.418009
50
0.0860038
0.00588623
0.0581426
0.254542
70
0.385316
0.627087
70.231
0.954302
0.00668407
0.268688
70
0.0781555
0.64095
0.0740018
0.150528
17
0.572842
0.222342
37.6581
0.888632
0.00614788
0.0897675
55
0.0790524
0.552416
0.0853858
0.305413
31
0.785819
0.06923
30.1405
0.8818
0.00696795
0.457348
60
0.0836702
0.773435
0.075068
0.392588
61
0.204389
0.859634
40.4386
0.928962
0.00505418
0.287218
51
0.0349523
0.136296
0.036589
0.136761
61
0.618178
0.172574
35.3293
0.991707
0.00341674
0.222598
88
0.0905554
0.628715
0.0478801
0.449326
54
0.177384
0.563858
20.8442
0.912932
0.00212622
0.333266
29
0.033665
0.547231
0.0465919
0.38923
99
0.465041
0.206968
13.9743
0.976762
0.00601042
0.141085
95
0.0118617
0.326394
0.092215
0.196683
73
0.734286
0.453192
60.1536
0.8383
0.00912933
0.0524371
49
0.0388569
0.904234
0.0414781
0.405432
24
0.595396
0.951355
69.6011
0.861875
0.00422993
0.293724
99
0.0447535
0.737767
0.0713323
0.0357622
98
0.115161
0.300247
11.5615
0.978748
0.0077702
0.345081
56
0.0674977
0.899026
0.0187332
0.46629
64
0.417014
0.922938
72.1225
0.981682
0.00706584
0.0407099
35
0.0890558
0.539062
0.0167411
0.444792
66
0.513465
0.180548
96.3597
0.990013
0.00718147
0.174817
11
0.0218145
0.248344
0.0981115
0.104509
93
0.602488
0.788351
36.824
0.947092
0.00455239
0.206873
35
0.0719314
0.41756
0.0533791
0.24388
75
0.782068
0.975145
30.3906
0.893006
0.00769402
0.47091
76
0.0995798
0.674196
0.0585371
0.473379
16
0.563592
0.0469173
80.419
0.990353
0.00189191
0.181294
81
0.0865286
0.884127
0.0930742
0.445671
56
0.48366
0.497315
97.101
0.923638
0.00499447
0.312082
64
0.0739786
0.712634
0.0707749
0.0843887
55
0.541499
0.566161
20.7635
0.881551
0.00710006
0.24153
7
0.056863
0.402781
0.0590317
0.161441
62
0.607539
0.43049
71.8979
0.967285
0.00751318
0.254466
15
0.0411334
0.0556166
0.037221
0.217269
84
0.203376
0.882718
38.1105
0.964435
0.00472856
0.360497
19
0.0556104
0.0468182
0.052331
0.0973659
27
0.691024
0.256921
78.9597
0.95809
0.00142452
0.372864
47
0.0825503
0.494811
0.012123
0.26527
81
0.458173
0.120265
86.1928
0.904867
0.00713039
0.261878
44
0.0489825
0.381033
0.0658776
0.301754
29
0.309395
0.503079
13.2437
0.866647
0.00688283
0.333565
8
0.0400628
0.189806
0.0751731
0.034323
49
0.462885
0.21284
49.0248
0.920093
0.00830558
0.231411
64
0.0322225
0.555318
0.031958
0.237605
28
0.208046
0.381551
25.9085
0.94809
0.00163377
0.32117
35
0.0856435
0.771245
0.058303
0.110735
90
0.344536
0.0936352
36.0303
0.820832
0.00875828
0.185325
44
0.0196984
0.752248
0.0201681
0.0324941
32
0.205223
0.666155
73.0484
0.910196
0.0027667
0.302135
50
0.0747028
0.584906
0.0377163
0.324988
99
0.66392
0.415479
16.5203
0.8309
0.00841999
0.168171
56
0.0213132
0.0561067
0.0719464
0.0219269
84
0.183622
0.604483
67.544
0.955261
0.00942966
0.453056
59
0.0656534
0.580091
0.0774168
0.0661905
36
0.281005
0.43473
11.6744
0.85287
0.00919757
0.384823
89
0.0318638
0.323738
0.0597846
0.0179315
61
0.394073
0.0778837
62.4683
0.808725
0.00789678
0.173091
36
0.0226106
0.125812
0.0409939
0.300529
53
0.539702
0.235795
99.2718
0.865128
0.0084738
0.160959
9
0.0490619
0.0676729
0.04452
0.346929
14
0.50944
0.644387
22.9946
0.833709
0.00336765
0.428684
8
0.0954364
0.622196
0.0470059
0.183436
30
0.298156
0.202922
33.141
0.836618
0.00529646
0.14179
22
0.0133576
0.817163
0.0635438
0.0129918
96
0.720198
0.595292
14.5639
0.848079
0.00863475
0.458448
74
0.0462092
0.467251
0.041147
0.411845
92
0.312502
0.149601
1.88295
0.970741
0.0021884
0.228276
48
0.0600706
0.861422
0.0715901
0.455097
92
0.751041
0.285911
68.0706
0.914268
0.0052399
0.394728
23
0.0880743
0.870953
0.01722
0.352344
45
0.608246
0.750106
2.94466
0.860056
0.009764
0.422996
49
0.0310376
0.361858
0.0787644
0.0897716
14
0.371826
0.673107
6.95797
0.905457
0.00994949
0.058094
12
0.0183612
0.495966
0.0368698
0.151687
20
0.502823
0.731933
20.3065
0.983133
0.00116411
0.45323
40
0.0202197
0.989685
0.0152331
0.402855
26
0.110582
0.171198
70.4756
0.906134
0.00554258
0.0450816
61
0.0683287
0.114258
0.0495106
0.476933
49
0.592264
0.786743
29.6377
0.937033
0.00132787
0.109575
30
0.0341138
0.240468
0.0234894
0.029613
2
0.185693
0.784043
2.7442
0.820651
0.00503441
0.0243719
26
0.0465599
0.723991
0.0816668
0.351108
42
0.790154
0.869302
23.6525
0.983984
0.00349797
0.374732
54
0.0106375
0.472335
0.0888607
0.119039
60
0.157691
0.753938
88.1593
0.816508
0.00977283
0.217494
13
0.0726951
0.734874
0.0316637
0.269877
63
0.227867
0.809563
98.6619
0.870102
0.004681
0.146736
28
0.0859351
0.895553
0.034336
0.0457428
61
0.611176
0.991517
49.5519
0.939335
0.00263849
0.343004
14
0.0329091
0.90834
0.0271817
0.0716462
77
0.569867
0.283062
61.9266
0.880253
0.00594738
0.027197
82
0.0981456
0.954914
0.083242
0.265598
11
0.373435
0.468828
65.5175
0.921953
0.00427683
0.486111
43
0.0379983
0.804078
0.08965
0.106334
65
0.265912
0.571747
32.2477
0.923046
0.00235032
0.247307
88
0.0943338
0.303337
0.0572625
0.275176
65
0.604024
0.20834
34.5821
0.826797
0.00380677
0.0733421
87
0.0706522
0.632067
0.0837047
0.249888
97
0.194613
0.501978
74.802
0.84281
0.00514789
0.0594409
37
0.0346534
0.0719961
0.0640209
0.33848
80
0.754986
0.518399
15.8001
0.910478
0.00432574
0.270803
62
0.0945193
0.805662
0.0163352
0.289995
54
0.223043
0.155236
97.2193
0.986735
0.00950753
0.388374
72
0.0831947
0.681597
0.0273012
0.249484
94
0.567311
0.608832
84.7003
0.975473
0.00237683
0.0978893
60
0.0633596
0.629577
0.0656375
0.0309388
46
0.218285
0.847306
67.05
0.872719
0.00878332
0.455673
82
0.0743837
0.105034
0.0212402
0.112153
72
0.737981
0.399715
15.3148
0.866122
0.00502149
0.478318
46
0.0246647
0.97085
0.0644316
0.123078
39
0.788749
0.841263
42.1712
0.964805
0.00111069
0.249
99
0.044626
0.339343
0.0285425
0.360281
32
0.724217
0.526998
59.7482
0.889081
0.00633531
0.139149
24
0.0327398
0.857286
0.0116083
0.3171
96
0.244838
0.357336
77.9459
