0.874747
0.0043374
0.0470707
89
0.161422
0.0537399
0.0554751
0.112697
9
0.383694
937
0.809482
0.00308649
0.234687
67
0.110846
0.257661
0.0331852
0.0208924
100
0.545292
4408
0.962525
0.00875531
0.240999
20
0.195165
0.0248076
0.0772426
0.228821
11
0.342856
4541
0.814106
0.00643284
0.0061396
6
0.100475
0.571204
0.0895459
0.4397
20
0.862792
1745
0.97713
0.0021877
0.187337
90
0.0944495
0.758238
0.0780344
0.252477
86
0.147856
4712
0.875437
0.00302922
0.177977
29
0.00946872
0.180725
0.0548611
0.459672
4
0.334298
7340
0.886271
0.00552801
0.190549
12
0.0229046
0.583676
0.0866097
0.311809
3
0.670743
4918
0.956648
0.0030607
0.463163
89
0.162533
0.375754
0.0747591
0.0370599
48
0.440606
332
0.936409
0.00869026
0.369244
43
0.10113
0.111945
0.0264271
0.0404988
58
0.853936
5715
0.844063
0.00961228
0.243292
70
0.141928
0.857018
0.0307896
0.431704
83
0.245747
4507
0.832602
0.0062671
0.0570343
68
0.00135085
0.0041205
0.0599403
0.430903
18
0.978666
9692
0.912225
0.00216598
0.219861
18
0.00428893
0.370935
0.0679822
0.428963
32
0.45243
2419
0.997796
0.00775154
0.0254143
45
0.114324
0.242235
0.0472271
0.0244011
71
0.488275
1159
0.810546
0.00103466
0.13544
59
0.0741696
0.0510225
0.0400313
0.469818
94
0.358435
318
0.97287
0.00509892
0.414899
61
0.0995729
0.141023
0.025527
0.103342
98
0.0207563
786
0.977806
0.00161778
0.164096
35
0.0862418
0.864867
0.0931562
0.429372
25
0.360049
7105
0.80686
0.00209143
0.48219
12
0.00698398
0.685951
0.079949
0.479838
78
0.70783
7634
0.821509
0.00640098
0.172616
67
0.0270592
0.276663
0.0593041
0.444197
80
0.0145208
4493
0.859805
0.00648028
0.279164
98
0.0589188
0.77469
0.0469568
0.237744
8
0.293183
6747
0.876977
0.00345218
0.152588
60
0.107434
0.0833782
0.0451013
0.250048
62
0.332283
2012
0.95085
0.00817592
0.405013
68
0.0452747
0.792192
0.0214886
0.0296553
55
0.560675
2985
0.916363
0.00989571
0.263493
20
0.126854
0.335738
0.0382678
0.331289
54
0.970031
5210
0.929257
0.00447452
0.40147
26
0.188032
0.808567
0.0609965
0.372208
49
0.0403188
5899
0.904475
0.00906878
0.330123
50
0.116967
0.687698
0.0682761
0.188181
54
0.704619
8262
0.909374
0.00241053
0.319273
31
0.101996
0.53694
0.0788601
0.49907
95
0.908168
1695
0.8452
0.00628221
0.217003
71
0.0732052
0.282476
0.095853
0.374159
67
0.184917
9287
0.893475
0.00107887
0.126199
82
0.164105
0.811293
0.036295
0.166452
37
0.0537865
7070
0.904808
0.00882797
0.307564
63
0.187569
0.0283445
0.0954548
0.38546
46
0.336338
5816
0.920821
0.00660166
0.407379
15
0.0509238
0.0382664
0.0153956
0.122753
80
0.459205
1519
0.816283
0.00617923
0.362654
52
0.0857407
0.542271
0.0674593
0.498706
92
0.244059
5128
0.924568
0.00317265
0.486523
7
0.0413333
0.736398
0.0667576
0.417301
51
0.626986
2537
0.991751
0.00975065
0.452801
98
0.0159235
0.82583
0.0584279
0.230074
88
0.812302
2437
0.825823
0.0081109
0.115243
22
0.188759
0.783139
0.0893106
0.0493068
7
0.748823
510
0.890366
0.00205297
0.244784
2
0.0377614
0.754813
0.0457202
0.164216
60
0.938462
6805
0.817944
0.00131751
0.454651
10
0.109092
0.426252
0.0487428
0.17474
13
0.684918
4058
0.991388
0.00917647
0.289292
13
0.089536
0.556693
0.0685667
0.283332
2
0.872668
4335
0.960189
0.00390232
0.407016
52
0.0448316
0.915604
0.0872985
0.12813
62
0.314687
710
0.89826
0.0022446
0.0163198
19
0.128006
0.965634
0.036596
0.462235
14
0.377942
8587
0.951324
0.00268632
0.25574
95
0.0549443
0.896731
0.0449253
0.313007
30
0.348802
4522
0.901766
0.00272027
0.284472
90
0.136939
0.0851795
0.0184927
0.160006
23
0.182145
9579
0.803269
0.00195021
0.384913
82
0.0744182
0.83121
0.0109323
0.398871
90
0.58779
3450
0.978491
0.0074898
0.300985
65
0.0197188
0.202715
0.0905321
0.248757
44
0.0637522
4283
0.820384
0.00366875
0.480731
13
0.0447223
0.415788
0.0716212
0.095524
51
0.580977
2479
0.935504
0.00157794
0.396707
6
0.176821
0.122503
0.0881472
0.410781
63
0.110421
4354
0.98351
0.00923091
0.41592
27
0.0848816
0.231326
0.0344543
0.22222
39
0.640171
4377
0.816342
0.00730002
0.400833
68
0.13252
0.521468
0.0840594
0.179757
49
0.0160916
3004
0.915922
0.00845318
0.0839199
60
0.0709935
0.909918
0.0818161
0.344354
83
0.41404
491
0.984386
0.00997237
0.399683
4
0.159693
0.844669
0.0973818
0.204717
19
0.368539
2199
0.992358
0.00397329
0.09531
37
0.150687
0.749559
0.0458353
0.131218
31
0.248452
6931
0.966133
0.00519025
0.0245006
58
0.119131
0.699035
0.032213
0.0998963
86
0.64974
7707
0.870623
0.00386941
0.0748823
87
0.0736401
0.88614
0.0462141
0.422052
73
0.0976204
3777
0.947503
0.00230897
0.457037
97
0.185663
0.558498
0.0536741
0.140824
78
0.733947
9398
0.88881
0.00511268
0.109457
73
0.0513067
0.972327
0.0556919
0.391551
43
0.625627
3255
0.984142
0.00677875
0.433016
17
0.063016
0.70914
0.0907968
0.303037
25
0.928297
8931
0.859299
0.00950012
0.298037
6
0.107779
0.269438
0.0243061
0.296996
36
0.0659965
7773
0.983042
0.00607023
0.386454
11
0.137621
0.0609796
0.0362223
0.392826
38
0.542614
4428
0.840406
0.00332669
0.167842
78
0.122016
0.927518
0.0867624
0.186467
83
0.168317
476
0.937759
0.00219218
0.391795
33
0.0748264
0.981115
0.0170072
0.0121302
65
0.741513
5062
0.894799
0.00500916
0.208106
62
0.126757
0.995048
0.0323806
0.285794
76
0.801238
1030
0.944037
0.00813686
0.00147194
86
0.158686
0.717577
0.0871259
0.275572
64
0.120397
9153
0.942106
0.00659665
0.0228131
76
0.143854
0.554386
0.0941924
0.427198
58
0.0577075
9358
0.826231
0.00657414
0.198552
6
0.153501
0.747436
0.0809353
0.209711
30
0.0324731
231
0.937287
0.00793217
0.479211
84
0.161308
0.104612
0.0484539
0.461271
53
0.103644
2086
0.954759
0.00486077
0.343163
9
0.133308
0.355225
0.0841692
0.443192
50
0.676391
8680
0.899184
0.00701227
0.0447249
80
0.175975
0.519957
0.0303914
0.333926
80
0.398661
8184
0.941794
0.0045984
0.437667
13
0.0763891
0.893765
0.0793248
0.158591
2
0.938796
5288
0.947826
0.00411937
0.147465
95
0.0310124
0.0555681
0.0550956
0.241991
31
0.560221
3390
0.863856
0.00913731
0.310521
35
0.0316032
0.443901
0.0970322
0.419576
45
0.621309
2904
0.848268
0.00517479
0.125682
96
0.182342
0.859623
0.0981208
0.12486
63
0.0632692
4013
0.903994
0.00126453
0.352081
2
0.0684414
0.716156
0.0184292
0.0307248
9
0.80948
6970
0.944945
0.00236046
0.11078
8
0.14483
0.45205
0.0984123
0.0159038
59
0.71167
2568
0.961892
0.00541136
0.448715
14
0.065447
0.703638
0.0561134
0.0385769
54
0.827448
6540
0.885775
0.00278812
0.0112938
57
0.0720392
0.828657
0.0731629
0.264858
84
0.190644
1659
0.949321
0.00419613
0.0965699
30
0.17015
0.763599
0.0719661
0.155155
98
0.323379
4130
0.90298
0.00369278
0.353068
100
0.0154639
0.738114
0.0454059
0.378761
19
0.842686
9817
0.872122
0.009776
0.0924745
73
0.134979
0.960595
0.0885968
0.010962
27
0.701773
4972
0.930233
0.00935357
0.430511
8
0.0086985
0.320365
0.0573032
0.0363148
7
0.201289
6136
0.994367
0.00991344
0.387264
63
0.0938069
0.65604
0.0287343
0.234534
88
0.29846
2070
0.859596
0.00156123
0.422441
96
0.0978001
0.817602
0.0862752
0.157206
12
0.952088
6172
0.92458
0.0037624
0.473952
26
0.0626823
0.931716
0.0831868
0.360616
70
0.341596
3303
0.963804
0.00543994
0.229832
24
0.186304
0.0167414
0.0418026
0.284193
74
0.810565
8381
0.907645
0.00405525
0.445767
83
0.147774
0.713422
0.0148443
0.0876132
93
0.615892
8795
0.877494
0.00415446
0.433502
23
0.0502742
0.130912
0.0401389
0.44521
13
0.925211
2800
0.861963
0.00843188
0.0400692
82
0.0482928
0.358808
0.0760209
0.184669
22
0.461497
2117
0.894723
0.00858612
0.384067
3
0.186021
0.135837
0.0280109
0.322322
23
0.553651
7797
0.913308
0.00373739
0.245969
59
0.130738
0.670831
0.0447452
0.256513
73
0.42319
9079
0.847722
0.00479258
0.181095
79
0.156091
0.761232
0.0913678
0.0828283
47
0.85978
5278
0.804393
0.00984005
0.487258
68
0.113282
0.379651
0.0196155
0.442244
90
0.600051
6199
0.856967
0.00396387
0.067734
78
0.178668
0.157419
0.0142682
0.192065
41
0.187894
353
0.915655
0.00757358
0.322536
44
0.087898
0.0110412
0.0285795
0.301003
4
0.136599
4721
0.861591
0.00178578
0.101094
56
0.0758051
0.939187
0.0144111
0.0785558
57
0.989725
5446
0.967997
0.00819305
0.338771
56
0.0243721
0.244493
0.0629644
0.12719
83
0.917276
3904
0.917988
0.00440094
0.450545
14
0.0458428
0.525932
0.0847469
0.440196
41
0.977433
5873
0.967179
0.00621813
0.491536
41
0.0404939
0.529021
0.0311829
0.201152
94
0.403812
6263
0.927176
0.00343667
0.195037
47
0.0656139
0.459603
0.0161215
0.483361
37
0.170433
2734
0.987244
0.00895406
0.354428
71
0.021413
0.133183
0.0932632
0.0592524
23
0.419467
4204
0.914388
0.00850413
0.0829788
29
0.0365123
0.431915
0.0851331
0.288688
55
0.350916
1935
0.880031
0.00527444
0.271547
3
0.0698839
0.286711
0.0130476
0.243398
53
0.210664
1783
0.833176
0.00137103
0.0877502
90
0.189131
0.378793
0.0175075
0.212766
52
0.868446
165
0.934742
0.00402204
0.485742
17
0.072376
0.307222
0.0835319
0.343101
21
0.555232
4455
0.951948
0.00794805
0.135829
34
0.108242
0.827366
0.0115484
0.24405
87
0.832858
9944
0.971842
0.00828288
0.220882
21
0.138098
0.669332
0.0890488
0.245627
94
0.60338
6829
0.900592
0.00697531
0.0661675
86
0.107096
0.0408219
0.0431099
0.309264
58
0.137808
9220
0.847077
0.00249431
0.227268
73
0.147865
0.172865
0.0138034
0.423811
72
0.205876
953
0.926003
0.00290463
0.243916
35
0.11093
0.141848
0.0631234
0.323435
92
0.764062
9336
0.969301
0.00824199
0.301816
21
0.120935
0.59051
0.0639854
0.198445
61
0.255767
9043
0.887482
0.00822602
0.105607
48
0.0393112
0.637893
0.0989928
0.080331
12
0.594053
5472
0.862557
0.00944807
0.0996373
99
0.0284507
0.610615
0.0947612
0.123957
18
0.803442
5773
0.965037
0.00264148
0.199172
7
0.179564
0.273105
0.0688395
0.347017
17
0.388986
9557
0.915002
0.00801892
0.175224
45
0.149629
0.47208
0.0241465
0.434379
9
0.552516
9797
0.950444
0.0017657
0.159722
30
0.016382
0.549225
0.079016
0.387582
97
0.968068
7406
0.932646
0.00259405
0.339915
59
0.166601
0.478684
0.0273343
0.146827
27
0.987992
8062
0.985076
0.00198837
0.127139
30
0.10142
0.985806
0.0972138
0.00460442
94
0.0535441
8672
0.992187
0.00274902
0.0880467
37
0.0716287
0.881437
0.0933804
0.337552
16
0.897544
8488
0.959935
0.00109009
0.141972
5
0.1802
0.656828
0.0252727
0.0980687
31
0.490444
8508
0.82099
0.00820573
0.0376969
15
0.0891074
0.470388
0.0999392
0.274689
1
0.55654
6622
0.912889
0.0064534
0.252704
75
0.0259604
0.577181
0.0422279
0.497471
26
0.364547
152
0.972376
0.00468998
0.231938
16
0.139615
0.439497
0.0101452
0.101843
58
0.24111
1462
0.961332
0.00807928
0.395672
67
0.162127
0.663879
0.0913484
0.224038
90
0.947711
3128
0.933863
0.00774407
0.309129
56
0.00484301
0.264764
0.0821206
0.0991565
47
0.373443
2549
0.895551
0.0093292
0.449408
48
0.00989533
0.97911
0.058064
0.0879131
8
0.823351
6902
0.844844
0.00635071
0.406025
26
0.198108
0.217045
0.0175687
0.359032
23
0.07626
6558
0.905614
0.00608157
0.161755
91
0.023885
0.324077
0.0480482
0.0427578
32
0.302089
780
0.822412
0.00247954
0.0217494
39
0.195267
0.0190542
0.0443882
0.110824
85
0.222414
3115
0.955823
0.00964464
0.398774
20
0.0219188
0.928623
0.0250245
0.00624187
14
0.384946
2372
0.989194
0.00196163
0.256527
42
0.100622
0.578966
0.0164254
0.0917363
48
0.695302
5371
0.960869
0.00994663
0.098172
11
0.181896
0.446224
0.0387491
0.191499
88
0.269312
5320
0.878049
0.00288738
0.337797
25
0.0974407
0.406502
0.0625429
0.0737498
78
0.531062
3196
0.8794
0.00916311
0.418951
63
0.129349
0.668178
0.0502448
0.0232324
79
0.70553
7967
0.982467
0.00827186
0.349061
78
0.171847
0.616097
0.0302769
0.300342
9
0.889039
8812
0.837172
0.00940292
0.325935
61
0.0134417
0.510682
0.0474953
0.49127
78
0.858863
5507
0.821387
0.00728274
0.0322131
76
0.192436
0.511115
0.0829975
0.136037
67
0.178021
7943
0.957494
0.00669527
0.460287
78
0.115118
0.314204
0.0206734
0.109812
12
0.52266
457
0.876636
0.00150624
0.270414
49
0.0400695
0.169347
0.0615508
0.315995
39
0.30524
4830
0.989804
0.00585626
0.201322
51
0.143999
0.943735
0.0922507
0.133575
19
0.436377
8098
0.89012
0.00674533
0.224594
91
0.179303
0.545309
0.0533088
0.272157
25
0.308156
611
0.994889
0.00504111
0.45208
37
0.116674
0.712237
0.0208562
0.40286
76
0.34672
3986
0.886892
0.00425828
0.330932
76
0.0346471
0.185232
0.0314194
0.307347
98
0.784219
3928
0.910097
0.00119195
0.294817
25
0.162627
0.91271
0.0269357
0.0970839
5
0.847948
1269
0.832086
0.00139577
0.110765
9
0.0984728
0.766433
0.0655672
0.261859
31
0.504956
3633
0.953928
0.00895838
0.058058
97
0.0476505
0.0970864
0.0786126
0.247648
99
0.029662
3794
0.865946
0.00693632
0.341906
5
0.172542
0.499765
0.0945018
0.18753
2
0.819151
6319
0.903155
0.00435662
0.0780391
99
0.0286588
0.197424
0.0520537
0.295449
35
0.495163
1661
0.94155
0.00850722
0.122294
33
0.191484
0.833876
0.0762406
0.1956
17
0.0862605
9759
0.860489
0.00901356
0.138282
39
0.196161
0.394363
0.0235738
0.396422
8
0.728529
4956
0.867889
0.00393951
0.413408
46
0.193054
0.0354664
0.0824154
0.416586
42
0.112735
7684
0.981683
0.00686835
0.320386
100
0.0150667
0.348172
0.0765644
0.343398
29
0.648947
6648
0.922883
0.00576015
0.457683
87
0.160758
0.120067
0.0992126
0.396112
81
0.844039
9873
0.984746
0.00546244
0.0731583
47
0.00368071
0.877159
0.0416339
0.183011
74
0.851193
1212
0.946985
0.00512363
0.104391
69
0.0339904
0.744497
0.0325355
0.121704
85
0.202619
7385
0.863445
0.0037354
0.282575
23
0.0226913
0.742125
0.0825407
0.482116
33
0.962863
3039
0.853944
0.00214737
0.0806855
5
0.00308988
0.139171
0.0664705
0.4812
42
0.688966
6510
0.839553
0.0031322
0.489503
20
0.193972
0.389024
0.042889
0.313511
39
0.547757
4252
0.91725
0.00105655
0.320155
38
0.131287
0.159353
0.0975485
0.00591997
24
0.322651
5007
0.856246
0.00577727
0.38528
81
0.123292
0.237163
0.0780897
0.0752371
97
0.509086
7147
0.896305
0.00777101
0.0651745
91
0.00206498
0.328443
0.0833292
0.277448
13
0.672778
133
0.908838
0.00969995
0.441337
54
0.178076
0.193756
0.0295783
0.354067
60
0.731446
1341
0.968584
0.00378033
0.177463
18
0.027893
0.621489
0.0837766
0.438418
1
0.271585
9715
0.922403
0.00619806
0.249356
51
0.00558307
0.221386
0.0491457
0.40589
37
0.921635
5545
0.936087
0.00893699
0.367374
88
0.0358709
0.812977
0.0265772
0.0192039
41
0.464937
5850
0.855903
0.00423968
0.380302
7
0.0826574
0.950121
0.0813674
0.255693
34
0.179569
8638
0.893744
0.00569264
0.42975
82
0.171279
0.144701
0.0625699
0.0415528
25
0.792148
8258
0.863146
0.00645497
0.131597
66
0.0417372
0.365324
0.0692269
0.101117
11
0.729695
1373
0.818602
0.00181423
0.346128
16
0.140227
0.997428
0.0696559
0.106721
46
0.658926
4882
0.808456
0.00866359
0.218819
36
0.00506165
0.790056
0.0177899
0.032299
96
0.106551
3553
0.838328
0.00873436
0.388646
29
0.190291
0.988908
0.0622547
0.0570059
91
0.880058
9014
0.803877
0.00437207
0.428924
34
0.121469
0.582806
0.0165116
0.326329
50
0.31037
120
0.913659
0.00413955
0.00478998
45
0.012711
0.186964
0.033736
0.475788
13
0.886991
4767
0.828133
0.00947374
0.233856
66
0.177435
0.630932
0.054718
0.0016477
89
0.0774266
3468
0.869025
0.00284048
0.00378397
79
0.0884155
0.506538
0.0404768
0.464694
75
0.227784
6144
0.882041
0.0040995
0.213497
12
0.124873
0.97586
0.0514404
0.258385
28
0.434479
5581
0.827742
0.00357809
0.46686
64
0.122585
0.494496
0.094795
0.0640379
16
0.764803
1116
0.879006
0.0023248
0.426186
77
0.0223826
0.706853
0.0952294
0.0465728
96
0.391357
1168
0.841692
0.00487705
0.439159
77
0.135826
0.342901
0.0669575
0.399914
82
0.0697592
3347
0.851447
0.00716275
0.16082
67
0.115467
0.312885
0.0733286
0.490212
82
0.290597
3041
0.883097
0.0092047
0.273195
26
0.0579966
0.806246
0.0328537
0.412178
77
0.791114
3379
0.807465
0.00524423
0.362062
92
0.129805
0.690223
0.0512263
0.105258
21
0.225685
9169
0.96669
0.00100099
0.217959
36
0.14441
0.401652
0.0356064
0.347848
13
0.500543
986
0.942831
0.00534173
0.235737
75
0.0354282
0.22345
0.0137388
0.317522
15
0.108345
93
0.923531
0.00692033
0.140186
43
0.0110891
0.33408
0.0562748
0.357041
70
0.892496
757
0.919613
0.00573088
0.291214
30
0.140882
0.155425
0.0388371
0.0553284
62
0.775803
5348
0.946846
0.00540738
0.358476
1
0.199155
0.955942
0.0368344
0.0548689
61
0.143545
3509
0.84018
0.00799964
0.357658
78
0.134526
0.45862
0.0379376
0.342221
8
0.608517
5422
0.988131
0.0097173
0.284149
76
0.0396715
0.890445
0.0111791
0.0833143
36
0.99463
909
0.998436
0.00788305
0.196002
96
0.136332
0.330039
0.0666452
0.394154
69
0.632789
6585
0.803119
0.00982708
0.254996
5
0.190584
0.359917
0.0634607
0.232367
77
0.0359683
9198
0.83369
0.00770813
0.191621
32
0.13156
0.906728
0.0319226
0.163123
4
0.258435
1300
0.865565
0.00762619
0.459068
32
0.0102383
0.898865
0.040838
0.140323
95
0.160865
2454
0.929508
0.00598905
0.274943
93
0.106663
0.862347
0.0385926
0.0359034
19
0.976094
1061
0.829146
0.00985787
0.276558
85
0.166209
0.428449
0.0225012
0.470392
29
0.628235
4155
0.821919
0.00668219
0.112163
24
0.0559505
0.729688
0.0812272
0.335672
11
0.523864
7019
0.845898
0.0031866
0.477431
47
0.124088
0.821413
0.0883761
0.268816
66
0.130948
3294
0.976979
0.00594111
0.215254
3
0.0662106
0.779437
0.0479648
0.0742754
33
0.442946
1635
0.866552
0.00359296
0.153356
16
0.0789279
0.770982
0.0534165
0.0448458
3
0.242818
7735
0.811887
0.00293841
0.12837
43
0.0532417
0.383975
0.0140649
0.301511
78
0.751208
3704
0.902173
0.00477809
0.266694
72
0.10572
0.213313
0.0924723
0.112799
81
0.392527
2842
0.958826
0.00432068
0.143566
62
0.192038
0.148711
0.0744607
0.0113166
75
0.783625
6860
0.892345
0.00980561
0.274102
93
0.0430732
0.169865
0.049854
0.448339
92
0.470789
6765
0.945971
0.00493711
0.0193181
6
0.123027
0.766791
0.010521
0.0316713
14
0.0849092
4321
0.910521
0.00741367
0.0720754
28
0.171544
0.267373
0.087876
0.289693
12
0.49771
6988
0.895134
0.00705752
0.0332798
74
0.0775541
0.600075
0.0505616
0.146234
69
0.664246
1253
0.845712
0.00501946
0.154466
62
0.17471
0.745341
0.0124376
0.117206
96
0.0796368
6349
0.94429
0.00320415
0.129559
59
0.01417
0.573107
0.037517
0.240867
6
0.336894
7931
0.848854
0.00192677
0.275463
54
0.00625618
0.160102
0.0465531
0.424988
39
0.0573438
8762
0.864083
0.00365958
0.185186
41
0.0552219
0.727477
0.0575335
0.406842
6
0.536082
7576
0.874841
0.00888337
0.0679395
87
0.025248
0.233873
0.013216
0.126291
32
0.718757
8659
0.919
0.00134092
0.366893
42
0.128844
0.0687847
0.0296598
0.346287
46
0.515583
393
0.825465
0.006766
0.436333
40
0.0301717
0.449689
0.0154182
0.123583
34
0.566607
2757
0.900981
0.00903305
0.349368
58
0.0318947
0.624335
0.0382439
0.0536997
40
0.84742
3689
0.818738
0.00753696
0.419868
11
0.0592745
0.932288
0.0721064
0.473515
16
0.782199
5158
0.854805
0.00180748
0.328562
99
0.0525662
0.178501
0.0797695
0.411727
12
0.47685
5603
0.945473
0.00189644
0.137517
60
0.156351
0.191187
0.0523747
0.202447
98
0.64362
8201
0.93732
0.00863155
0.294324
68
0.0899946
0.192124
0.0145416
0.143237
89
0.380889
6248
0.838706
0.00743947
0.488335
18
0.113225
0.303076
0.0649469
0.270221
87
0.378467
7288
0.832977
0.00498658
0.0272742
96
0.099147
0.182344
0.092286
0.034812
71
0.643377
5096
0.822901
0.00671387
0.305763
65
0.0335625
0.246302
0.0657501
0.486731
61
0.680578
1005
0.921978
0.00361756
0.268126
43
0.105549
0.935295
0.026133
0.152891
66
0.512227
4170
0.95524
0.00804544
0.0613758
10
0.151172
0.0215025
0.0411403
0.217702
66
0.933625
3531
0.976068
0.00382339
0.271331
11
0.0557975
0.260648
0.0340835
0.131861
10
0.693995
9633
0.84926
0.00877838
0.129968
93
0.0210493
0.363021
0.088794
0.307708
90
0.493588
5659
0.911374
0.00212792
0.34518
55
0.0672209
0.904009
0.0507861
0.474515
65
0.599884
9506
0.962211
0.00203414
0.0297451
83
0.152293
0.42106
0.0950276
0.404886
60
0.0914521
6950
0.817796
0.00551643
0.0504189
45
0.0679819
0.653724
0.0785675
0.379264
45
0.239438
3892
0.892064
0.00929728
0.206771
83
0.0363787
0.706159
0.0543273
0.365542
52
0.363424
8427
0.995526
0.00588222
0.0694025
23
0.0253331
0.409866
0.0179651
0.167517
99
0.726083
2900
0.927639
0.00508153
0.133018
49
0.170761
0.49603
0.0127992
0.477192
23
0.881411
2280
0.835703
0.00953013
0.0548809
58
0.0028966
0.886907
0.0376685
0.0394273
89
0.450855
7597
0.885131
0.00190711
0.298949
80
0.146767
0.518835
0.0801384
0.265605
77
0.533487
7640
0.94084
0.00257572
0.258604
2
0.00239306
0.219032
0.022175
0.076374
88
0.0677999
1919
0.97665
0.00441188
0.00201801
95
0.133997
0.680379
0.0770201
0.239773
52
0.908938
685
0.98859
0.00662237
0.186578
72
0.121835
0.551491
0.0392651
0.349656
99
0.114269
573
0.886385
0.00719941
0.197435
74
0.1546
0.0867068
0.0527118
0.35805
32
0.300861
5046
0.835198
0.00347529
0.343638
4
0.112254
0.990277
0.0660487
0.203525
49
0.796609
4683
0.938987
0.00280563
0.212143
88
0.07292
0.108144
0.0403095
0.0286092
58
0.0830563
2282
0.978072
0.00948752
0.035005
85
0.0519196
0.204333
0.0503992
0.292115
83
0.911162
1046
0.953545
0.00243477
0.0464866
41
0.0544384
0.40501
0.0761089
0.203764
15
0.130567
7861
0.875707
0.00698716
0.151521
77
0.058398
0.862189
0.0662679
0.175696
56
0.794561
7310
0.906807
0.00634348
0.334463
85
0.0569338
0.0265848
0.0889852
0.419123
21
0.479852
658
0.836215
0.00829006
0.101854
25
0.118208
0.38636
0.0939965
0.0723093
37
0.472313
822
0.879938
0.00616247
0.412069
91
0.0814472
0.0440539
0.0858249
0.316869
85
0.660624
25
0.87332
0.00469941
0.265741
33
0.145415
0.919428
0.0642574
0.148572
57
0.807654
4606
0.918394
0.00400018
0.131849
55
0.196963
0.46541
0.020506
0.383656
66
0.572183
6414
0.815235
0.00652909
0.369336
56
0.00781059
0.565514
0.0898598
0.164863
84
0.261146
7907
0.943549
0.00765094
0.340852
18
0.149883
0.0655577
0.0607983
0.190212
99
0.821085
663
0.986123
0.00998797
0.443044
42
0.119232
0.1755
0.0911465
0.135067
5
0.073315
1182
0.804968
0.00338528
0.409014
53
0.17828
0.516956
0.0197962
0.273999
28
0.128317
4117
0.990787
0.00154787
0.0789804
42
0.104015
0.561446
0.0246571
0.458512
64
0.538552
2660
0.860899
0.0075924
0.194581
33
0.0167628
0.447568
0.0766414
0.213988
30
0.410979
6108
0.958498
0.0095384
0.0932733
75
0.0276047
0.0788987
0.0993147
0.27711
24
0.230684
4855
0.970509
0.00142159
0.471027
37
0.0784751
0.465059
0.0876065
0.0867446
75
0.766638
5630
0.993512
0.00536659
0.074613
81
0.0677397
0.247559
0.043991
0.351861
28
0.116587
4272
0.980071
0.00771686
0.313165
16
0.164702
0.310851
0.0194114
0.00266794
34
0.631358
7506
0.938317
0.00530813
0.166528
50
0.0322192
0.233408
0.0279313
0.422903
34
0.612619
4592
0.900216
0.00703144
0.242303
81
0.0246627
0.733636
0.0926966
0.492342
80
0.460597
6601
0.983442
0.00710509
0.0345533
69
0.146079
0.088003
0.0119403
0.233539
13
0.169439
1338
0.870103
0.00694161
0.0422921
88
0.109291
0.920935
0.0864685
0.0896629
11
0.0891434
8366
0.91665
0.00708854
0.418118
51
0.0262741
0.776558
0.0284573
0.47271
75
0.920366
2705
0.909811
0.00673142
0.0849064
80
0.0177639
0.270518
0.0316559
0.463822
22
0.902348
8911
0.848154
0.0060501
0.223882
70
0.0176577
0.476752
0.069039
0.306268
69
0.506972
6283
0.888173
0.00525258
0.0819235
40
0.141604
0.436053
0.04213
0.210619
45
0.874788
5179
0.986315
0.0066634
0.389639
37
0.0120195
0.659689
0.0440202
0.0619797
97
0.44775
281
0.988874
0.00147778
0.260996
93
0.0433531
0.372779
0.0301514
0.415142
68
0.595047
6666
0.924036
0.00884326
0.346463
41
0.196584
0.62043
0.0854945
0.28739
77
0.563489
6733
0.815724
0.00689243
0.248213
50
0.109939
0.422409
0.0354828
0.151958
99
0.429416
7198
0.810826
0.00351047
0.348098
83
0.133589
0.801737
0.0188092
0.216821
26
0.262916
2513
0.906439
0.00838691
0.120054
92
0.199689
0.188321
0.0201972
0.339676
63
0.957555
1571
0.853532
0.00429307
0.403191
48
0.0931986
0.442448
0.0735451
0.013275
27
0.57013
5330
0.864552
0.00723932
0.39083
10
0.061913
0.681035
0.0310418
0.154669
86
0.929674
3825
0.857992
0.00238302
0.156282
15
0.0916482
0.785059
0.0161193
0.0528853
43
0.959511
3407
0.915053
0.00160915
0.497407
63
0.081295
0.275163
0.0425987
0.38282
42
0.6112
5691
0.800681
0.00802197
0.315341
56
0.0169805
0.284452
0.0173091
0.0076655
73
0.376227
1956
0.919325
0.00837963
0.420531
95
0.0496031
0.295898
0.0338999
0.409355
60
0.19577
5785
0.905148
0.0085992
0.455186
31
0.172463
0.346198
0.0494681
0.281843
66
0.689352
7140
0.973355
0.00909319
0.167189
16
0.0495144
0.531248
0.0263432
0.223002
36
0.961559
2615
0.828652
0.00304471
0.280947
39
0.06107
0.566984
0.0935356
0.384833
26
0.633709
4084
0.925087
0.00591399
0.115915
4
0.0194147
0.32255
0.0442801
0.451379
3
0.0113784
6433
0.846679
0.00384526
0.208694
66
0.030594
0.487733
0.0643739
0.15937
67
0.140896
8848
0.955071
0.00455885
0.174146
31
0.151992
0.636679
0.0229887
0.230614
11
0.673879
8445
0.942936
0.00652434
0.0909901
92
0.136131
0.693878
0.0203206
0.267876
36
0.869765
7493
0.824837
0.00406651
0.0279596
49
0.0233178
0.150864
0.0522047
0.432154
91
0.991348
7060
0.830374
0.00898887
0.0150103
53
0.102167
0.839974
0.0389988
0.0215445
38
0.474305
9022
0.893093
0.007466
0.0942085
36
0.118616
0.507495
0.0232237
0.0504666
64
0.0181655
2167
0.921413
0.00783303
0.364531
57
0.0426449
0.412799
0.0651478
0.438027
26
0.665579
9256
0.964755
0.00546475
0.01311
47
0.189619
0.986442
0.0467544
0.293068
2
0.573834
7223
0.922987
0.0087973
0.120932
53
0.169735
0.43396
0.0518004
0.338988
9
0.209795
722
0.830695
0.00322293
0.31729
32
0.131977
0.315398
0.0407339
0.285424
46
0.931596
5918
0.995136
0.00574289
0.360435
38
0.0603992
0.48264
0.0319798
0.220559
36
0.360526
2383
0.887794
0.00348507
0.378569
52
0.0872721
0.176053
0.0272006
0.114775
68
0.216088
6785
0.800261
0.00637798
0.123705
74
0.173571
0.486181
0.0713468
0.309607
19
0.328133
4391
0.807671
0.00337364
0.0521953
4
0.16019
0.900383
0.0191507
0.250641
91
0.354785
6892
0.906216
0.00174837
0.332537
72
0.112576
0.00975694
0.0795777
0.452634
79
0.0379842
7802
0.857667
0.00727202
0.237864
14
0.16336
0.211324
0.0216035
0.069916
80
0.433093
370
0.985805
0.00148878
0.287393
48
0.148529
0.953318
0.0113017
0.487626
15
0.45718
3732
0.812257
0.00649851
0.0868166
25
0.094712
0.467826
0.067076
0.221286
60
0.43051
9127
0.860502
0.00833988
0.328145
86
0.167056
0.824342
0.0590044
0.150847
10
0.799925
8473
0.931191
0.00104328
0.435833
88
0.173201
0.781664
0.0598364
0.225542
86
0.981601
8302
0.926414
0.00424292
0.447843
10
0.0289298
0.947105
0.0929045
0.0923661
37
0.484848
9917
0.889946
0.00515132
0.29659
21
0.0528075
0.575826
0.0658922
0.408631
67
0.829569
4664
0.946274
0.00598081
0.0647135
97
0.194675
0.910935
0.0212948
0.30505
74
0.156005
4037
0.828961
0.00529314
0.359855
94
0.0441179
0.289572
0.0414835
0.22765
6
0.507681
6095
0.90827
0.00726069
0.446625
33
0.186999
0.0713186
0.075195
0.0715504
65
0.889751
3851
0.841281
0.00639518
0.257712
98
0.0956458
0.678144
0.0257498
0.27269
24
0.99863
8047
0.949199
0.00354625
0.490983
2
0.0803195
0.916963
0.0222969
0.0630681
73
0.0937965
6463
0.960627
0.00323492
0.171301
55
0.0368476
0.640793
0.0434432
0.320127
46
0.467334
6338
0.939837
0.00451806
0.323705
66
0.139378
0.251857
0.0725836
0.436259
94
0.965061
8128
0.854319
0.00733202
0.496981
22
0.126328
0.570377
0.0135379
0.362282
38
0.517867
1980
0.975047
0.00844796
0.222858
11
0.0851102
0.994006
0.0850255
0.293867
89
0.992848
1736
0.907087
0.00379431
0.261715
75
0.038326
0.754442
0.0244331
0.173272
27
0.231797
7162
0.956921
0.0022361
0.444565
6
0.0039074
0.524271
0.0695644
0.0615871
92
0.280578
3812
0.837741
0.00891081
0.296293
34
0.0987044
0.502391
0.0860545
0.0607112
84
0.58834
8885
0.878594
0.00537889
0.0458578
66
0.114551
0.598781
0.0808436
0.189368
49
0.345539
4922
0.973971
0.0022611
0.371772
94
0.00145907
0.868035
0.0607378
0.495958
46
0.945518
6235
0.896713
0.00270885
0.0625592
9
0.183471
0.880162
0.0961063
0.287445
61
0.719297
5949
0.866372
0.00613305
0.113917
55
0.189676
0.922864
0.0537445
0.0769342
86
0.060773
7859
0.867021
0.00334306
0.403491
29
0.182886
0.304811
0.0956742
0.179555
75
0.950472
2323
0.850318
0.00592545
0.0567263
84
0.157912
0.262878
0.0627579
0.366631
17
0.174708
9316
0.831266
0.00853015
0.145109
57
0.124697
0.967581
0.0920563
0.48486
53
0.502049
6023
0.871221
0.00445116
0.468467
92
0.0122949
0.0420511
0.0640086
0.0960489
92
0.284187
20
0.981448
0.00663822
0.0188932
21
0.155491
0.969338
0.0574015
0.0839161
34
0.745055
5396
0.802183
0.00871438
0.453824
89
0.0693897
0.213733
0.0677262
0.32282
10
0.855634
7455
0.939328
0.00314667
0.149826
17
0.0966394
0.587778
0.0332493
0.394566
47
0.698903
4062
0.862321
0.00708261
0.324969
27
0.0506224
0.648218
0.0583397
0.354936
73
0.444109
5119
0.824041
0.00117186
0.282166
85
0.151727
0.71955
0.0293712
0.177446
82
0.165052
8283
0.808908
0.00326921
0.0905961
1
0.0571961
0.675377
0.0758639
0.254957
63
0.953067
7260
0.869884
0.00488906
0.172687
62
0.0578405
0.413552
0.0424129
0.181045
33
0.90457
53
0.958021
0.00294829
0.239251
28
0.0615516
0.628119
0.0570597
0.215796
65
0.424411
594
0.928474
0.00889315
0.103246
93
0.150262
0.842652
0.0678754
0.413362
50
0.250177
4649
0.872912
0.00522238
0.10627
28
0.157486
0.031791
0.0260109
0.129548
24
0.54377
7611
0.966996
0.00184352
0.475415
97
0.103236
0.0145171
0.087544
0.219345
3
0.528554
9234
0.820041
0.00211483
0.210638
90
0.110372
0.201187
0.0132989
0.420206
88
0.409872
9677
0.936693
0.00492339
0.0597339
71
0.0840342
0.63044
0.0181132
0.298247
5
0.984454
7744
0.926598
0.0092127
0.0771857
94
0.0148348
0.956639
0.0151562
0.198703
76
0.604995
8233
0.817271
0.00749848
0.378239
88
0.163455
0.344914
0.0619818
0.456857
5
0.387044
6069
0.809685
0.00274002
0.0359564
37
0.184204
0.792699
0.0828601
0.193372
42
0.236992
5984
0.834188
0.0016784
0.250508
31
0.116245
0.332687
0.022675
0.280357
88
0.651621
189
0.952184
0.00601781
0.269072
64
0.127413
0.0119964
0.0500163
0.0455401
76
0.371877
1551
0.850933
0.00247164
0.428034
77
0.104671
0.300257
0.0769274
0.0163608
48
0.329251
5822
0.912488
0.00420403
0.107941
14
0.0541427
0.983547
0.0530659
0.236552
80
0.89913
9413
0.933319
0.00506383
0.183751
57
0.0773426
0.625427
0.030596
0.447609
68
0.525673
2203
0.868399
0.00340155
0.383147
8
0.0297945
0.750932
0.0806836
0.369291
74
0.814361
7527
0.997965
0.00392105
0.100034
17
0.0293073
0.648794
0.0233559
0.026091
98
0.254255
6691
0.96553
0.00755349
0.335599
19
0.185079
0.352334
0.0729931
0.0930732
6
0.477557
2980
0.836554
0.00959744
0.309443
79
0.0965125
0.152091
0.0349255
0.368762
95
0.773328
3757
0.898788
0.00144197
0.42537
2
0.063637
0.97136
0.0116285
0.118554
90
0.883962
7279
0.987742
0.00719113
0.1169
65
0.177293
0.318687
0.0516516
0.390132
97
0.836747
5483
0.827095
0.00443347
0.356643
3
0.0779673
0.254051
0.0371087
0.374288
75
0.736215
8748
0.934957
0.00139652
0.313654
85
0.184589
0.0798672
0.0647814
0.236038
26
0.841441
9828
0.944776
0.00229436
0.205295
71
0.0829904
0.724187
0.047677
0.0658517
33
0.831265
1703
0.938762
0.00221722
0.107635
40
0.180718
0.976784
0.0896682
0.320787
27
0.154068
9976
0.804291
0.00135304
0.459813
34
0.117394
0.803647
0.0482357
0.488544
28
0.575681
3677
0.964078
0.00623133
0.229219
54
0.167863
0.400912
0.0542723
0.0674167
50
0.713871
9993
0.831697
0.00186007
0.333808
39
0.0697135
0.560284
0.0586499
0.247271
85
0.277694
8953
0.881397
0.00300639
0.00801978
51
0.193627
0.133985
0.0652978
0.143841
20
0.779185
2778
0.891516
0.00234215
0.0302657
16
0.18666
0.769852
0.0298173
0.38639
40
0.971019
8571
0.872481
0.00994144
0.424541
75
0.0712867
0.397441
0.0345767
0.118843
25
0.174031
882
0.996596
0.00548905
0.165058
82
0.0971711
0.534801
0.018848
0.16952
62
0.529157
203
0.896861
0.00383553
0.38215
50
0.0437962
0.99842
0.0460334
0.377991
93
0.274487
4569
0.962971
0.00581873
0.37509
54
0.113895
0.251174
0.0755236
0.196557
85
0.876186
9094
0.823193
0.00866844
0.169081
50
0.123941
0.237801
0.0738247
0.0679796
51
0.291248
3866
0.974375
0.00968739
0.36363
19
0.183881
0.20935
0.0558087
0.446789
70
0.213175
8414
0.992989
0.00816079
0.216047
61
0.0825189
0.673378
0.0838206
0.376223
70
0.366686
5530
0.810179
0.00680803
0.179601
45
0.170007
0.691638
0.0684333
0.226981
21
0.270688
8717
0.81143
0.00905614
0.0557358
60
0.176513
0.479936
0.0595148
0.380342
70
0.709966
9768
0.996116
0.00483237
0.397766
54
0.102519
0.368844
0.0237769
0.480827
48
0.454077
6872
0.856856
0.00840957
0.0434543
36
0.0375427
0.948405
0.0341355
0.0791359
28
0.0343868
2357
0.802655
0.00123911
0.46593
81
0.138572
0.612832
0.0802686
0.17141
96
0.894157
8539
0.881726
0.00267029
0.0608294
58
0.127794
0.96281
0.0485782
0.137684
38
0.824773
9851
0.901467
0.00779139
0.247387
99
0.14898
0.596367
0.01716
0.0857992
100
0.0245437
1397
0.972084
0.00370025
0.498502
7
0.13543
0.117416
0.0741518
0.319007
40
0.68182
2689
0.970951
0.00941093
0.423728
43
0.19103
0.417679
0.026838
0.493365
17
0.352748
1085
0.975802
0.00767411
0.00715599
87
0.0911085
0.682864
0.081908
0.489155
79
0.281282
1406
0.83004
0.00389423
0.0317693
69
0.165963
0.0670921
0.0714757
0.252707
30
0.915334
9486
0.889529
0.00558748
0.249637
64
0.120041
0.638775
0.0156614
0.184233
54
0.65484
3332
0.877726
0.00199618
0.221631
25
0.013105
0.22366
0.0528917
0.11676
72
0.199051
3209
0.989968
0.00418093
0.337174
64
0.182905
0.280619
0.0705253
0.45376
51
0.592103
981
0.903605
0.00956968
0.038167
27
0.0664518
0.0984929
0.0167606
0.294927
49
0.317964
4622
0.814795
0.00352888
0.209723
27
0.128433
0.37434
0.0508851
0.193942
68
0.233901
7670
0.869646
0.00357286
0.376617
38
0.108621
0.604123
0.0526506
0.352616
62
0.124248
3153
0.823494
0.0028546
0.0707882
65
0.0950683
0.0222528
0.0853963
0.364564
5
0.768892
6377
0.801245
0.0083094
0.409337
32
0.0473316
0.724745
0.0943244
0.451017
15
0.834556
3617
0.929999
0.00699501
0.280403
83
0.130168
0.0778477
0.0633458
0.108339
38
0.396935
2867
0.846354
0.00472405
0.170437
11
0.0905952
0.800273
0.059353
0.415773
96
0.743057
3648
0.952474
0.00630959
0.0200247
4
0.15844
0.240714
0.0846754
0.00942895
20
0.514511
4752
0.910858
0.00122352
0.0631005
33
0.173763
0.307858
0.0959814
0.133759
5
0.468713
5668
0.99398
0.00855577
0.253804
70
0.111407
0.854332
0.0238651
0.0187039
43
0.997769
8558
0.902435
0.00463786
0.189486
14
0.125271
0.129711
0.0804
0.3368
55
0.982228
1589
0.805787
0.00885136
0.124383
17
0.145775
0.106835
0.0869159
0.109426
44
0.757369
4862
0.948151
0.00933566
0.191436
94
0.00816939
0.166906
0.0704457
0.238957
48
0.762128
554
0.979704
0.0056781
0.332141
72
0.175501
0.074789
0.0545075
0.496765
83
0.12182
8328
0.843334
0.00172426
0.138978
21
0.0489348
0.941205
0.0701184
0.1378
45
0.095298
8968
0.853222
0.00912292
0.00567269
53
0.079424
0.759403
0.0994693
0.327355
71
0.266942
8823
0.975354
0.00686162
0.287506
98
0.0632809
0.395794
0.0106401
0.173928
15
0.539704
9641
0.814446
0.00610173
0.265031
89
0.165102
0.818719
0.0879593
0.368029
81
0.878451
8008
0.990554
0.00782023
0.326584
64
0.0925617
0.894742
0.0373011
0.0660355
7
0.215263
1317
0.973711
0.00721015
0.188402
75
0.0326814
0.852289
0.0496859
0.130536
29
0.578782
5197
0.933331
0.00453181
0.495576
12
0.174997
0.119001
0.0822175
0.26429
16
0.585766
1879
0.826437
0.00170988
0.412245
73
0.0650552
0.787845
0.0612497
0.114296
14
0.287206
7883
0.852449
0.00342824
0.112847
23
0.0641855
0.127737
0.0918436
0.161381
72
0.315045
293
0.963413
0.00127373
0.228415
44
0.103521
0.165517
0.0776062
0.45503
58
0.325035
2934
0.819233
0.00298717
0.155213
58
0.0538954
0.228676
0.074891
0.433563
56
0.0259871
4226
0.948592
0.0079223
0.464798
72
0.045982
0.527793
0.0210642
0.382064
64
0.924608
2942
0.897458
0.00251527
0.204347
46
0.0687634
0.0078903
0.0755153
0.314564
97
0.723875
2495
0.957648
0.00864539
0.373803
89
0.0206141
0.605679
0.0988243
0.0472326
42
0.636699
5563
0.844375
0.00253191
0.230656
63
0.0385388
0.0943826
0.0559143
0.260913
40
0.145868
6045
0.891758
0.00571097
0.05327
21
0.0410623
0.35618
0.098657
0.457586
4
0.157437
9461
0.819699
0.00910591
0.158902
79
0.195658
0.721153
0.0773621
0.149018
22
0.126629
7543
0.949796
0.00297958
0.350887
24
0.0918072
0.423413
0.0122809
0.181698
42
0.622067
7987
0.894025
0.00798197
0.372917
27
0.119978
0.814505
0.0275697
0.48505
22
0.955509
9599
0.808316
0.00564566
0.483432
99
0.174332
0.69593
0.0358455
0.455466
69
0.582606
4790
0.813456
0.00746087
0.214059
44
0.125937
0.462524
0.021974
0.0147603
65
0.164154
6390
0.806107
0.00974586
0.493127
24
0.147126
0.504234
0.0963698
0.214804
54
0.319582
421
0.851272
0.00555163
0.303276
45
0.0191476
0.393043
0.0711925
0.048672
40
0.182921
1437
0.840744
0.00463062
0.354061
65
0.168741
0.701969
0.0290332
0.271121
59
0.913003
9613
0.978928
0.00408146
0.474918
13
0.0876993
0.0323316
0.064593
0.225986
44
0.0498433
1987
0.982039
0.00563701
0.476604
12
0.0265631
0.739124
0.047417
0.326468
77
0.72239
1530
0.824307
0.00761702
0.206367
24
0.15337
0.87294
0.0577479
0.161844
18
0.151339
8033
0.959338
0.00520717
0.134043
28
0.14111
0.850057
0.0724123
0.426708
33
0.864265
1458
0.996832
0.00987628
0.239733
57
0.0117458
0.100709
0.0125245
0.104006
50
0.852375
2815
0.873974
0.00931427
0.236629
97
0.165435
0.430976
0.0966128
0.304231
6
0.715266
857
0.855167
0.00596537
0.0389842
35
0.164305
0.586269
0.0739217
0.0939244
35
0.0484573
5965
0.956227
0.00847818
0.0487903
92
0.181692
0.293996
0.0353686
0.0811164
93
0.817683
5933
0.884364
0.00325699
0.365779
78
0.0960735
0.198217
0.0377342
0.0221971
16
0.739377
9442
0.836925
0.00495999
0.300193
9
0.0766354
0.806558
0.0149635
0.435842
89
0.67873
1238
0.89093
0.00403659
0.484313
47
0.111909
0.848225
0.0420385
0.258791
57
0.447272
411
0.842091
0.00900401
0.00936033
70
0.194054
0.945143
0.099705
0.37038
7
0.942633
5418
0.970169
0.00561541
0.0145458
44
0.0794056
0.544529
0.0938304
0.208811
87
0.206476
535
0.864964
0.00962847
0.481587
52
0.152839
0.349613
0.0398206
0.356029
44
0.686365
7465
0.98073
0.00579312
0.394202
40
0.197558
0.206165
0.0489571
0.0899775
56
0.94192
1495
0.969664
0.00152528
0.0761001
86
0.0521834
0.337889
0.061427
0.139584
8
0.759224
2222
0.899673
0.00312119
0.183063
4
0.1061
0.853989
0.0844607
0.0333908
18
0.158529
3163
0.87621
0.00113361
0.144326
69
0.154143
0.93655
0.022946
0.0515984
86
0.597445
1900
0.8344
0.00473891
0.35568
61
0.0924961
0.091564
0.0564793
0.0565931
3
0.118498
5225
0.806514
0.00119982
0.375781
20
0.14928
0.645604
0.0726624
0.333018
53
0.755658
879
0.965865
0.00559674
0.28951
27
0.0904546
0.8842
0.0618231
0.0274339
95
0.97229
4811
0.867411
0.00927708
0.472965
49
0.138803
0.325645
0.0904466
0.401985
52
0.662578
4998
0.813732
0.00751931
0.318303
15
0.0867229
0.382743
0.0158524
0.494014
82
0.0442705
7212
0.920295
0.0046081
0.149422
67
0.197769
0.0925458
0.0602744
0.46653
67
0.417184
6204
0.92564
0.00769094
0.277818
29
0.179914
0.665008
0.044579
0.329912
10
0.639275
7087
0.993418
0.00856014
0.0229959
79
0.105231
0.0569595
0.0901836
0.361976
32
0.896567
2253
0.884492
0.00111463
0.478148
53
0.0799976
0.34119
0.0315727
0.0258494
43
0.548825
9364
0.980338
0.00449268
0.11913
84
0.146276
0.651281
0.0200424
0.468373
10
0.194003
9531
0.882646
0.00115465
0.199848
38
0.00580821
0.540429
0.0588085
0.0588083
71
0.221232
5039
0.98705
0.0058397
0.146033
84
0.0818509
0.483925
0.019308
0.350609
55
0.421549
1616
0.816934
0.00484566
0.461435
8
0.156815
0.27857
0.0360743
0.298853
55
0.394505
2840
0.812966
0.00310062
0.192622
22
0.0835536
0.608249
0.0605214
0.145139
68
0.134212
2129
0.998642
0.00736605
0.226277
71
0.0611681
0.905189
0.0909629
0.259784
94
0.196463
9111
0.932169
0.00187974
0.051847
10
0.0067617
0.594074
0.0636674
0.348439
74
0.0310316
8163
0.855465
0.00738512
0.286072
87
0.188446
0.601863
0.0601023
0.449743
41
0.264933
2308
0.997383
0.00978677
0.0975
28
0.0466543
0.391058
0.0435076
0.467819
59
0.520196
2640
0.871713
0.00787425
0.201809
59
0.0643163
0.617781
0.0749852
0.280988
91
0.286384
8120
0.898557
0.00146681
0.148235
22
0.154925
0.498914
0.0102767
0.324771
36
0.738497
8997
0.931898
0.00967219
0.410501
60
0.143181
0.162316
0.0816162
0.331765
34
0.252151
3570
0.897575
0.00790161
0.30372
95
0.0565498
0.547412
0.0791577
0.403873
47
0.100001
805
0.849619
0.00924496
0.492854
48
0.157039
0.489218
0.0568211
0.377132
72
0.618619
9929
0.838072
0.00938116
0.0104179
64
0.13742
0.0628944
0.0367053
0.00810454
72
0.311777
8145
0.931352
0.00603556
0.0415969
41
0.0203862
0.101976
0.0734485
0.329166
59
0.0907111
7376
0.921358
0.00611782
0.462224
86
0.0390465
0.124007
0.0432671
0.1499
21
0.101857
7341
0.858289
0.00877411
0.306727
69
0.0185359
0.257302
0.0396823
0.0696804
93
0.188378
8732
0.885238
0.00207069
0.0889847
94
0.0702683
0.514433
0.0856116
0.471443
53
0.69957
1832
0.881011
0.00556558
0.311632
23
0.0935891
0.611988
0.0706767
0.177853
63
0.0734514
3943
0.871294
0.00239366
0.0179045
8
0.192778
0.0460916
0.0708435
0.20561
79
0.0417633
1761
0.812487
0.00163881
0.158598
39
0.0349857
0.634451
0.0282906
0.400945
43
0.413572
9436
0.800801
0.00130459
0.494619
80
0.142789
0.456824
0.0553439
0.142621
44
0.275971
256
0.908032
0.0026204
0.395145
30
0.130807
0.288135
0.0672807
0.334597
91
0.789354
6004
0.967905
0.0068311
0.180177
70
0.0601973
0.697577
0.0698442
0.254081
35
0.753421
5258
0.883214
0.00457011
0.443879
19
0.0669143
0.643852
0.0347888
0.363295
56
0.787462
4199
0.842267
0.00733748
0.431553
98
0.0419968
0.146359
0.0276756
0.29074
18
0.935141
7421
0.934305
0.00956614
0.162827
46
0.11598
0.438406
0.0247941
0.167816
87
0.905529
3077
0.928027
0.00474554
0.260196
32
0.00919077
0.292485
0.0120288
0.206804
30
0.669221
2025
0.858649
0.00261745
0.3162
39
0.14252
0.0378871
0.0964843
0.425253
71
0.0234226
8870
0.835009
0.00480246
0.416452
74
0.0182067
0.563881
0.0456166
0.266794
55
0.407276
7824
0.968935
0.00713075
0.469752
91
0.0998338
0.227219
0.0621302
0.397922
2
0.866082
9728
0.941059
0.00532652
0.262592
61
0.0597557
0.0579912
0.0464333
0.476609
1
0.427616
3433
0.93089
0.00330094
0.0123691
24
0.0342196
0.473437
0.0743442
0.391154
17
0.400417
632
0.880537
0.00276749
0.43902
43
0.0858817
0.79805
0.0411197
0.442013
60
0.606683
1860
0.971387
0.0080734
0.08155
84
0.160402
0.875094
0.0783515
0.0031427
84
0.645697
5759
0.913961
0.00586086
0.156911
31
0.0843796
0.774436
0.032975
0.478287
29
0.566117
2677
0.88847
0.0024441
0.0261074
46
0.140615
0.592334
0.0510782
0.208509
52
0.746658
74
0.843684
0.00429831
0.471159
47
0.168519
0.113976
0.0968982
0.232919
81
0.303578
3500
0.805433
0.00170042
0.291804
60
0.013966
0.111751
0.0218363
0.245399
51
0.296698
8358
0.842614
0.00291905
0.141261
77
0.13296
0.492006
0.0540704
0.465476
61
0.482499
2154
0.839337
0.00282259
0.434844
54
0.117744
0.88921
0.0691073
0.120041
47
0.140258
3097
0.883892
0.00714119
0.292741
49
0.104095
0.453382
0.0900266
0.172618
65
0.22827
9279
0.928582
0.00655556
0.202802
90
0.159206
0.0721413
0.0395171
0.20057
57
0.218052
5727
0.919981
0.00784612
0.370961
99
0.181291
0.834629
0.035075
0.359859
69
0.404817
6578
0.801937
0.00255449
0.30446
18
0.198588
0.837436
0.0566916
0.043645
79
0.0136715
1131
0.917633
0.0046656
0.251674
51
0.0484823
0.731402
0.0494138
0.212209
7
0.486383
8605
0.979103
0.00740044
0.118161
81
0.0468539
0.298108
0.0254103
0.373188
23
0.691943
3971
0.852848
0.0062467
0.421557
15
0.199435
0.661302
0.043791
0.107524
18
0.77177
1806
0.851881
0.00943453
0.322063
36
0.0761714
0.0490594
0.0718147
0.310619
20
0.656627
3590
0.911797
0.00810239
0.49938
7
0.0752916
0.871038
0.0334462
0.278708
99
0.804342
3268
0.829605
0.00684096
0.0710807
82
0.15504
0.868505
0.0979478
0.340772
35
0.838653
7024
0.826737
0.0044702
0.233037
41
0.0886624
0.00357845
0.0977445
0.46081
24
0.493073
4478
0.94045
0.00166323
0.37937
3
0.0807974
0.925487
0.0580162
0.262609
81
0.615588
3237
0.849978
0.00363058
0.467996
35
0.120606
0.795149
0.0291933
0.170373
29
0.438695
2043
0.95439
0.00496927
0.182418
94
0.167416
0.53539
0.0702489
0.155992
22
0.149428
6702
0.950727
0.00331402
0.392419
52
0.0107417
0.959829
0.091601
0.0171059
41
0.576826
6451
0.95309
0.00631125
0.440816
73
0.00775494
0.84161
0.077789
0.19672
31
0.778095
6485
0.868734
0.00201445
0.0494099
12
0.169254
0.408525
0.0107531
0.389219
93
0.340632
9887
0.874379
0.00834945
0.176078
74
0.0332008
0.364476
0.0983611
0.407766
57
0.0461886
2596
