0.996895
0.0258519
0.173582
4
0.00465469
0.0268238
0.380716
77
0.604828
0.0741864
0.00428337
0.974234
0.0762687
0.266246
78
0.00316148
0.0160718
0.0940178
58
0.697169
0.128832
0.00740275
0.989278
0.0962369
0.231943
79
0.00154343
0.0352057
0.493905
82
0.331905
0.176723
0.00137832
0.997432
0.0344875
0.324079
6
0.00306123
0.0328406
0.158549
56
0.379178
0.0721662
0.00974499
0.966405
0.0413682
0.361547
55
0.00223148
0.0384792
0.283323
2
0.804691
0.155142
0.00199345
0.950102
0.0575092
0.2354
35
0.00280171
0.01909
0.443204
56
0.668267
0.164066
0.00957605
0.918797
0.0568189
0.276689
45
0.00591309
0.0398276
0.269358
63
0.84494
0.1183
0.00963272
0.982727
0.0638551
0.02212
3
0.00786578
0.0447115
0.232686
10
0.439035
0.243448
0.00681298
0.988562
0.0222784
0.147688
44
0.00144373
0.0259044
0.0999423
6
0.476935
0.166681
0.00764759
0.911783
0.0503015
0.112978
59
0.00603207
0.0293312
0.153382
64
0.593626
0.223546
0.00562026
0.965956
0.0390774
0.352781
95
0.00494569
0.0403052
0.0888817
10
0.339932
0.163478
0.0020442
0.928225
0.0671164
0.0128512
88
0.0033497
0.0375811
0.418237
27
0.818488
0.308111
0.0029302
0.964496
0.092482
0.142347
31
0.0019691
0.0401117
0.343574
45
0.223029
0.161232
0.00192764
0.927398
0.0260813
0.337964
74
0.00871879
0.0183961
0.322088
84
0.523043
0.214336
0.00820891
0.971367
0.0633313
0.137037
45
0.0044855
0.0214277
0.397594
44
0.530038
0.282795
0.000400045
0.936596
0.0876237
0.198529
68
0.00571069
0.0407475
0.250256
93
0.527979
0.196734
0.00889078
0.937761
0.0181924
0.0157841
74
0.00635987
0.0378982
0.475076
68
0.359806
0.28949
0.00667937
0.929236
0.0425581
0.237912
94
0.00524711
0.032381
0.497924
9
0.571737
0.331024
0.0028206
0.91576
0.0272639
0.201928
18
0.00841551
0.0341601
0.0380204
92
0.652238
0.132875
0.00116365
0.905186
0.0684641
0.0704283
48
0.00218783
0.0256847
0.068295
7
0.460839
0.303897
0.00219755
0.929818
0.0073908
0.0908627
57
0.00684483
0.0361746
0.474871
36
0.392191
0.0825946
0.00317842
0.968208
0.0713515
0.412833
56
0.00929392
0.0344358
0.0158968
16
0.834647
0.0772801
0.0011215
0.955661
0.0644153
0.446637
51
0.000579078
0.0462556
0.142315
10
0.841813
0.308271
0.00687467
0.996048
0.0168962
0.492888
4
0.0060698
0.0289766
0.323184
88
0.293062
0.135928
0.00902597
0.907879
0.0615362
0.289883
95
0.00792571
0.0171452
0.276083
81
0.262607
0.10451
0.00814183
0.959451
0.062006
0.187036
21
0.00731106
0.0452313
0.266346
4
0.680574
0.109533
0.00597538
0.975121
0.00188753
0.144739
39
0.00298043
0.0121655
0.235141
52
0.458198
0.0411872
0.00722519
0.92317
0.0151031
0.224002
78
0.00365647
0.0450346
0.22426
42
0.368998
0.346941
0.00261691
0.954094
0.043709
0.257812
3
0.00531055
0.0167103
0.0800912
75
0.265454
0.159285
0.0038763
0.906121
0.0137585
0.43502
7
0.00845544
0.0112362
0.278705
7
0.711689
0.316431
0.00836854
0.994336
0.0936731
0.367041
84
0.00621899
0.0449161
0.302488
20
0.616094
0.286367
0.00590184
0.953179
0.0663359
0.40896
6
0.00922783
0.03167
0.410328
3
0.741982
0.19048
0.00756019
0.943733
0.0806429
0.240542
70
0.00271506
0.0154248
0.357689
93
0.580858
0.131312
0.00615532
0.986424
0.0907286
0.0305272
67
0.00741172
0.0326305
0.297783
89
0.72999
0.140861
0.0070405
0.952787
0.0942741
0.262269
63
0.00337443
0.0175551
0.127265
20
0.346369
0.217294
0.00738199
0.917585
0.0319171
0.130284
33
0.00441412
0.0354205
0.182128
3
0.552455
0.227548
0.00776006
0.945865
0.0549146
0.337233
10
0.00950996
0.0159058
0.256098
52
0.307003
0.0511323
0.00674227
0.902431
0.058318
0.486016
98
0.00815577
0.0421821
0.347276
71
0.352956
0.27767
0.00714427
0.985142
0.0834231
0.139284
13
0.00276885
0.0312205
0.365968
4
0.737791
0.138812
0.00512309
0.908235
0.0708277
0.0567237
47
0.0023897
0.019901
0.327449
54
0.796445
0.341099
0.00477771
0.973585
0.0974862
0.164058
64
0.00485683
0.0248665
0.459877
41
0.219145
0.174621
0.00351322
0.958121
0.0328901
0.42123
19
0.00649008
0.0234597
0.420742
67
0.83283
0.233443
0.00647126
0.958494
0.0441867
0.227628
38
0.00478976
0.0414277
0.260222
72
0.773331
0.306092
0.00106485
0.945023
0.0120015
0.262803
84
0.00120227
0.0485574
0.330196
74
0.839672
0.263462
0.00471207
0.976764
0.0509636
0.0615889
89
0.00554027
0.0146398
0.272731
54
0.557925
0.121187
0.00505545
0.911958
0.00635661
0.317608
71
0.00129863
0.0490634
0.0266894
26
0.508878
0.252258
4.23931e-05
0.970265
0.0164727
0.400751
58
0.00250909
0.0131163
0.085621
68
0.257925
0.0990668
0.00142562
0.926563
0.0599472
0.487986
67
0.00257187
0.0497975
0.259884
29
0.655465
0.311473
0.00242726
0.954839
0.0448829
0.484283
66
0.00405144
0.0342259
0.183211
77
0.777483
0.237933
0.00601159
0.976488
0.0959789
0.157388
65
0.00877691
0.0276999
0.304759
62
0.417582
0.196343
0.00423469
0.912934
0.0135257
0.134524
100
0.00371275
0.029465
0.281383
8
0.826638
0.274731
0.00358223
0.972665
0.0898791
0.145228
7
0.00890336
0.0232885
0.170056
98
0.401576
0.248514
0.00792532
0.95144
0.0721021
0.46029
29
0.00820452
0.0164097
0.485678
67
0.408316
0.203607
0.00441998
0.93994
0.0792468
0.46466
17
0.00773944
0.0266595
0.355706
57
0.237341
0.0973374
0.00848565
0.970316
0.0175006
0.0181947
12
0.00565503
0.0149767
0.396831
12
0.426061
0.299463
0.00715625
0.971894
0.0406532
0.111209
98
0.00656669
0.0468031
0.0767852
53
0.351379
0.229065
0.00298746
0.980069
0.0482085
0.207182
65
0.00562072
0.0126104
0.168695
17
0.682376
0.270083
0.00520989
0.925835
0.0404025
0.221312
72
0.00708545
0.017937
0.120089
49
0.579557
0.26638
0.00494883
0.980763
0.0430599
0.103867
80
0.000215171
0.042906
0.433445
25
0.644284
0.125918
0.00418911
0.943507
0.0738766
0.0753711
26
0.00884037
0.0180165
0.185764
72
0.771115
0.333119
0.00735085
0.993211
0.0423416
0.177121
14
0.00585407
0.0480004
0.0707441
74
0.471943
0.240203
0.00366094
0.977255
0.00517983
0.31457
25
0.00535861
0.0391198
0.271592
80
0.286153
0.179133
0.00782275
0.975286
0.0468868
0.296443
25
0.00825418
0.0380863
0.465539
37
0.383629
0.0799404
0.00537303
0.948849
0.00139352
0.31697
39
0.00682636
0.0440323
0.245874
24
0.705497
0.276291
0.00160786
0.967382
0.0209702
0.362788
41
0.00179191
0.0251215
0.453487
71
0.811521
0.0552961
0.00547052
0.919687
0.0293955
0.444533
37
0.00957513
0.0388066
0.0441646
40
0.717069
0.081128
0.00330742
0.949739
0.00236268
0.0269615
53
0.00899452
0.032503
0.329845
34
0.467946
0.0439333
0.00581115
0.990809
0.0112016
0.234052
37
0.00971015
0.0227432
0.0916572
99
0.231862
0.345619
0.000307795
0.978438
0.0767784
0.0742349
36
0.0007248
0.0107001
0.376613
83
0.748001
0.110813
0.0077115
0.940177
0.00914037
0.394208
32
0.00964885
0.0438519
0.0498408
71
0.808419
0.213541
0.00853209
0.94199
0.0419083
0.0378342
61
0.00357085
0.0459763
0.446874
62
0.345141
0.339273
0.00313677
0.920676
0.0752823
0.118661
72
0.00204702
0.0387893
0.00344344
100
0.602916
0.114325
0.000958028
0.906689
0.0277251
0.330745
76
0.00323272
0.0186271
0.132247
45
0.328493
0.321759
0.00571529
0.920061
0.0127659
0.303122
75
0.00581513
0.0393162
0.0559795
40
0.503702
0.0703245
0.00932871
0.977816
0.0100519
0.299151
60
0.00719194
0.037614
0.213825
79
0.432223
0.241686
0.00480804
0.955097
0.0649228
0.479575
9
0.00946396
0.0314578
0.306876
36
0.566011
0.331481
0.00125268
0.918955
0.0565068
0.474175
52
0.00425459
0.0242394
0.31731
16
0.388624
0.0956845
0.000238084
0.910958
0.0539805
0.0685313
87
0.00736307
0.0306991
0.229092
54
0.784458
0.0417952
0.00621637
0.920988
0.094615
0.469991
43
0.000686302
0.0162188
0.423003
75
0.370354
0.303406
0.000696418
0.902573
0.0298464
0.0889044
86
0.00291751
0.0264683
0.372001
87
0.590103
0.327143
0.00178734
0.998442
0.0513865
0.0493213
60
0.00648207
0.0123776
0.379489
85
0.828381
0.0688211
0.00344612
0.934486
0.00862651
0.476169
44
0.00460335
0.0397451
0.045917
90
0.435846
0.245037
0.00913322
0.989011
0.0157131
0.188498
23
0.00484438
0.0201131
0.407809
85
0.624097
0.246751
0.00160921
0.959957
0.0894723
0.169317
10
0.00513655
0.0338025
0.199225
60
0.482121
0.0939508
0.00923775
0.952411
0.0855438
0.449229
70
0.0087078
0.0103039
0.146597
57
0.336583
0.343228
0.00260233
0.967187
0.0629742
0.492097
51
0.00725114
0.0417633
0.108446
76
0.209555
0.210105
0.00981807
0.900416
0.0999524
0.0124636
62
0.00170517
0.0319052
0.219211
80
0.448904
0.0587806
0.00942531
0.915104
0.045645
0.219118
27
0.00525023
0.0211252
0.102262
14
0.396628
0.280635
0.00988727
0.986092
0.0730435
0.273265
86
0.00509935
0.0275845
0.0952541
92
0.363564
0.322353
0.00325692
0.982611
0.0556609
0.302223
48
0.00701453
0.0110172
0.451661
36
0.848173
0.208825
0.00486264
0.905756
0.0812222
0.398699
5
0.00993205
0.0493587
0.489479
37
0.587634
0.268158
0.00398901
0.981776
0.0838075
0.0629124
28
0.00178222
0.0151347
0.107074
22
0.245536
0.115492
0.00210027
0.909705
0.00374849
0.430747
77
0.000274866
0.0404535
0.111833
48
0.546811
0.167286
0.00874272
0.986714
0.0348744
0.0815398
73
0.00860635
0.0124106
0.461976
91
0.454443
0.325068
0.000328812
0.995846
0.0454833
0.427162
25
0.00498221
0.040822
0.337229
48
0.475556
0.0453653
0.000984117
0.994979
0.0654321
0.32947
84
0.00891113
0.0426817
0.0082627
79
0.250447
0.315899
0.00528847
0.991624
0.00453992
0.465525
76
0.0082998
0.0273848
0.463326
96
0.294986
0.293027
0.00968922
0.935164
0.00770921
0.157842
81
0.00943223
0.0483134
0.155417
50
0.816491
0.215356
0.00677654
0.904097
0.000321059
0.387276
22
0.00244717
0.0109355
0.0348898
47
0.2281
0.313239
0.00223724
0.924725
0.0847539
0.418717
2
0.00688864
0.0395092
0.36883
84
0.636899
0.219453
0.00799339
0.964037
0.0842391
0.179008
12
0.00916409
0.0436405
0.14431
38
0.786776
0.127326
0.00361903
0.90877
0.0952435
0.405634
58
0.000136831
0.0356775
0.0112905
51
0.358794
0.057579
0.0066216
0.947482
0.03307
0.410771
57
0.00133766
0.0176305
0.163538
84
0.506836
0.345187
0.00725517
0.99294
0.0489936
0.216347
87
0.00677803
0.0290889
0.495217
86
0.423817
0.250293
0.00748784
0.92501
0.0287016
0.0867535
88
0.000852223
0.0471036
0.179818
55
0.280324
0.0503018
0.00413379
0.979111
0.0216786
0.49831
35
0.00996498
0.0270721
0.254511
32
0.493875
0.107329
0.00817094
0.941521
0.0367444
0.351648
63
0.00406502
0.0478195
0.351306
65
0.274235
0.239005
0.00611043
0.965629
0.0232938
0.12009
28
0.0061186
0.0252012
0.176137
61
0.672019
0.328552
0.0017029
0.921726
0.0384006
0.293278
18
0.00806389
0.0457439
0.191636
81
0.221846
0.186334
0.00540852
0.975802
0.0594404
0.332725
67
0.00623973
0.0197031
0.0836551
32
0.516418
0.349637
0.00945183
0.951553
0.0622001
0.457408
34
0.00743165
0.0263978
0.0640697
30
0.780439
0.192604
0.00996845
0.992333
0.0521435
0.340479
82
0.00988904
0.0367681
0.456206
38
0.538323
0.335725
0.00834408
0.92192
0.0533997
0.321512
40
0.00673278
0.0100495
0.340409
41
0.498955
0.271677
0.000774131
0.968391
0.0823764
0.440734
30
0.0054672
0.0424989
0.288279
43
0.613053
0.205123
0.00275698
0.932856
0.00850649
0.0369948
19
0.00628938
0.0157693
0.361682
42
0.233805
0.0885855
0.00452825
0.916143
0.0284403
0.0970011
91
0.00311254
0.0413599
0.230142
96
0.723647
0.116998
0.00172854
0.987809
0.0975943
0.171414
50
0.00540658
0.0364996
0.383489
53
0.762813
0.0605229
0.00189751
0.963731
0.0608678
0.204894
11
0.00166655
0.0460598
0.24878
18
0.687958
0.336072
7.67108e-05
0.903845
0.0969452
0.1242
92
0.00667563
0.0247113
0.481651
62
0.491995
0.173141
0.005799
0.933914
0.0782141
0.270545
50
0.00597125
0.0347168
0.00686986
6
0.749702
0.252437
0.0082807
0.953767
0.0703357
0.0512311
9
0.00295612
0.0454322
0.0652248
19
0.205517
0.234225
0.00309093
0.931606
0.014493
0.427848
38
0.000395409
0.0337114
0.0504256
25
0.322794
0.289653
0.00226646
0.942239
0.0679298
0.0652901
46
0.00105192
0.0477313
0.23968
23
0.429201
0.29872
0.000180635
0.969337
0.00483355
0.0949391
96
0.000899419
0.0222219
0.128015
27
0.734509
0.0880163
0.000532285
0.927752
0.0802263
0.439764
21
0.00399417
0.0305935
0.449217
46
0.640993
0.201807
0.00337792
0.903136
0.0933901
0.106077
31
0.0033092
0.0331269
0.400114
19
0.726642
0.124904
0.0053372
0.931812
0.020417
0.286989
40
0.000640855
0.0279348
0.387119
16
0.542421
0.13651
0.00519523
0.914354
0.0828041
0.41689
93
0.00139291
0.0499991
0.196386
8
0.310698
0.182072
0.0093582
0.923795
0.049629
0.348477
52
0.00865477
0.0285567
0.202113
25
0.707224
0.318573
0.00750322
0.942683
0.0902412
0.19708
47
0.000162745
0.0411428
0.0130021
9
0.63092
0.0471722
0.0076596
0.946748
0.0728167
0.161038
15
0.00982654
0.02541
0.138302
31
0.200823
0.258605
0.00499741
0.957062
0.0749414
0.346138
43
0.0081059
0.0333026
0.388162
30
0.518587
0.236398
0.00379832
0.909908
0.0520001
0.254216
16
0.00791082
0.0282334
0.469982
65
0.377989
0.143346
0.000506346
0.912573
0.0338327
0.153012
55
0.00801085
0.0435341
0.0311834
97
0.554254
0.133699
0.00954939
0.944395
0.0122333
0.0282874
82
0.000425685
0.0137575
0.390506
12
0.822841
0.102499
0.00978968
0.930675
0.0186804
0.255831
37
0.00210168
0.0134132
0.220635
95
0.465257
0.273178
0.00231233
0.961867
0.0267634
0.306724
99
0.00663042
0.0383761
0.363772
43
0.585751
0.106043
0.00558213
0.917146
0.0656658
0.309112
90
0.00502562
0.0443267
0.162037
73
0.372799
0.0562936
0.00568363
0.94646
0.0855121
0.40308
22
0.00386985
0.0486993
0.492182
70
0.28233
0.123036
0.000452306
0.949456
0.0815272
0.0583983
77
0.000514897
0.0221335
0.314517
95
0.31545
0.0642473
0.00840212
0.90069
0.0374221
0.37601
54
0.00755229
0.0145129
0.470255
34
0.798445
0.206392
0.00550589
0.935857
0.0527446
0.381523
23
0.00380795
0.016919
0.394429
26
0.269048
0.148163
0.00402976
0.922449
0.049144
0.392225
13
0.0028247
0.0299541
0.30763
59
0.333285
0.0842983
0.00594119
0.940808
0.0543194
0.0797858
79
0.00102467
0.0430594
0.209361
89
0.753531
0.27884
0.000571875
0.981675
0.0795924
0.25051
54
0.00264874
0.048995
0.404281
88
0.290696
0.253936
0.00882563
0.979484
0.0919844
0.211844
19
0.00554652
0.0225488
0.431361
70
0.487577
0.0851671
0.00289386
0.928937
0.0697365
0.0536753
74
0.00854855
0.02193
0.292148
87
0.628824
0.187339
0.00694477
0.948418
0.060337
0.326944
27
0.00908692
0.0152239
0.148059
5
0.240526
0.30175
0.00626705
0.984581
0.0149147
0.290397
76
0.00969524
0.0213607
0.482515
30
0.575066
0.311169
0.00990647
0.90188
0.0474921
0.128729
41
0.00901918
0.0423379
0.188961
46
0.319893
0.265068
0.00867336
0.971043
0.0227352
0.312119
91
0.00229125
0.0185146
0.242572
98
0.609544
0.152223
0.00862861
0.907401
0.0755808
0.12539
85
0.00237018
0.0310601
0.337918
61
0.253316
0.169303
0.00642439
0.933541
0.0177364
0.166663
20
0.003825
0.0139499
0.19473
45
0.325479
0.0618194
0.00632763
0.90898
0.00289473
0.459446
22
0.00693544
0.0193434
0.477869
66
0.71555
0.291549
0.00858947
0.987201
0.0196353
0.0425443
59
0.00440528
0.020364
0.116466
15
0.310498
0.175844
0.00215572
0.980216
0.0667685
0.209637
24
0.00118369
0.0188064
0.0188723
78
0.767191
0.151362
0.00268636
0.904729
0.0929566
0.0978857
17
0.00834738
0.0359543
0.104443
31
0.692229
0.0484879
0.00503275
0.931137
0.0108301
0.0459447
33
0.00372817
0.0114853
0.373457
33
0.244356
0.119759
0.00151938
0.974567
0.0251523
0.373442
94
0.00639306
0.0205486
0.0296316
91
0.442155
0.159918
0.00393952
0.938927
0.0779293
0.388603
68
0.0051666
0.0348893
0.16743
94
0.411524
0.219847
0.00709601
0.990377
0.0693629
0.471346
85
0.00931074
0.0133568
0.054864
21
0.563044
0.256783
0.00103422
0.957695
0.0214384
0.3694
83
0.00760995
0.0281145
0.0232446
14
0.667225
0.22482
0.00917106
0.914463
0.0770472
0.0831106
2
0.0042696
0.0116094
0.119925
76
0.675042
0.156657
0.00246116
0.962709
0.00589906
0.422997
96
0.00202823
0.0369605
0.211896
1
0.214947
0.294905
0.000870104
0.932442
0.0362642
0.00490547
93
0.00782015
0.0241967
0.05857
69
0.303635
0.221715
0.00897563
0.969174
0.0478788
0.283811
14
0.00124297
0.0334253
0.438043
67
0.536325
0.0649417
0.00129308
0.93928
0.0395922
0.00956721
15
0.00912898
0.0173275
0.333547
11
0.450534
0.21052
0.00185084
0.963055
0.0993838
0.432975
64
0.00153072
0.0467133
0.215163
59
0.687043
0.231659
0.00439794
0.998916
0.0248417
0.0349373
34
0.00391965
0.0208038
0.0207851
2
0.260427
0.139828
0.0045906
0.959354
0.07884
0.359702
16
0.00217309
0.0230678
0.415727
49
0.701895
0.200066
0.00696675
0.961261
0.037963
0.371023
97
0.00412525
0.0229322
0.00161423
35
0.758216
0.170667
0.00908066
0.916482
0.0860511
0.382694
97
0.00417467
0.0372281
0.113425
99
0.513726
0.14953
0.00464923
0.937091
0.0305293
0.100176
8
0.00771541
0.0297486
0.0405913
39
0.803582
0.286501
0.00252391
0.96496
0.0868336
0.183118
5
0.00451371
0.0308566
0.20724
60
0.398568
0.319726
0.00302776
0.960635
0.00327778
0.343431
28
0.00703241
0.044428
0.264362
24
0.59734
0.180368
0.00606384
0.984681
0.0914339
0.355843
56
0.000319543
0.0350124
0.203651
94
0.64972
0.284588
0.00149255
0.973128
0.000658996
0.244495
31
0.00260708
0.0303453
0.0610549
97
0.659895
0.144465
0.00893009
0.983682
0.0386379
0.450448
69
0.00576581
0.0195632
0.349501
51
0.792437
0.111427
0.0038195
0.997973
0.0309122
0.192805
71
0.00187521
0.0321622
0.429547
33
0.761098
0.337873
0.000720136
0.956047
0.0314735
0.279912
81
0.00713976
0.026111
0.293228
13
0.569122
0.0663798
0.00800289
0.901378
0.0689676
0.0447043
80
0.00345532
0.0371562
0.0741478
15
0.420959
0.0528268
0.00323538
0.994046
0.0358235
0.378205
72
0.00319228
0.0472562
0.285566
29
0.664282
0.258242
0.00929228
0.983654
0.0577895
0.226734
99
0.00850032
0.023919
0.31867
58
0.534266
0.194103
0.000821054
0.956523
0.0590106
0.482234
53
0.000762657
0.0104385
0.136585
5
0.608426
0.262077
0.00788528
0.918064
0.0555108
0.496685
42
0.00978403
0.0142476
0.442217
21
0.502063
0.19019
0.000143564
0.99541
0.0873113
0.280599
1
0.00937061
0.020626
0.407439
78
0.483684
0.0900623
0.00636906
0.92372
0.035386
0.191017
61
0.00161755
0.0129754
0.227269
21
0.406131
0.153573
0.00660199
0.934913
0.0982308
0.249388
89
0.00045102
0.0432379
0.0798583
87
0.72157
0.183611
0.000612895
0.989868
0.0888263
0.214145
42
0.00192913
0.0464815
0.425238
50
0.210313
0.325379
0.00276068
0.938481
0.0242687
0.396172
61
0.00615362
0.0362615
0.414667
17
0.64571
0.0736398
0.00372182
0.99142
0.0322238
0.00533996
65
0.00113065
0.0286634
0.353359
64
0.790647
0.230492
0.00134568
0.927171
0.0462245
0.00195895
29
0.00462704
0.0118614
0.29749
82
0.277241
0.198515
0.00651133
0.937482
0.0193869
0.108107
49
0.0034863
0.0418374
0.150958
23
0.633363
0.0761457
0.00347681
0.962338
0.0742848
0.0228331
90
0.00766992
0.0217501
0.312445
66
0.698548
0.0980526
0.00880085
0.925288
0.0717975
0.452621
8
0.00082685
0.0494329
0.036351
28
0.444486
0.261374
0.00239895
0.945336
0.0101747
0.115847
46
0.00435188
0.030184
0.437236
39
0.619381
0.100864
0.0044654
0.910515
0.0881218
0.182367
11
0.000981413
0.0140608
0.133245
47
0.743293
0.297013
0.00808299
0.913419
0.00690265
0.247161
49
0.00472563
0.047563
0.124883
11
0.386142
0.0919495
0.0043424
0.95096
0.0236919
0.151387
92
0.00352066
0.0236229
0.241224
77
0.549977
0.185429
0.00410578
0.947717
0.0988912
0.268222
35
0.00749232
0.024515
0.172685
90
0.297693
0.146214
0.00465802
